NEW_versions/S_Waiehu/Scripts/RUN/S_Waiehu_InitialPrecip_0p4.ele
north: 2315415.910359
south: 2312265.910359
east: 760885.886964
west: 753485.886964
rows: 126
cols: 296
[rows 26 to 51 of 126, columns 174 to 231 of 296]
0.000000 0.000000 0.000000 225.162491 221.481155 0.000000 214.211548 207.339005 203.545853 191.525665 180.421234 172.349426 164.616776 161.768417 159.883163 158.266251 153.740448 149.263962 146.766907 144.684799 143.549286 140.457458 138.586975 136.285614 134.815277 134.294968 132.587830 131.051163 130.048248 129.349060 128.061890 125.937035 123.919075 123.062630 121.742859 123.689110 120.107544 117.225372 115.146255 113.718544 112.731071 112.007912 110.579895 109.601967 107.043167 105.206299 104.857040 103.709206 99.649094 97.728294 98.632545 98.197891 96.661247 94.055954 91.354759 87.804085 82.920135 77.113655
241.745499 234.076843 226.622116 221.801529 217.310425 216.604706 213.302460 207.584061 204.438126 197.805756 182.035873 171.338364 165.869446 163.138748 160.042175 157.622177 154.674026 150.101669 148.858627 146.763474 144.755005 141.879807 139.324554 136.592834 134.642639 133.768967 132.631165 131.660660 129.535339 127.269508 124.886375 123.078842 121.230156 120.326401 120.089470 118.965225 117.555374 116.055641 112.569923 111.332130 110.675018 110.101372 110.408134 109.601219 104.161217 101.718437 101.352180 97.757828 95.719658 93.696198 94.627960 94.059616 91.553047 91.247002 90.093910 86.511787 81.214836 75.391121
240.080505 230.095917 222.566238 215.702377 213.406616 212.055710 207.095184 205.220673 203.047241 198.097290 179.263000 169.508286 166.381302 163.381195 160.653519 157.128708 154.693817 151.816055 148.912064 147.166031 145.076920 142.735352 139.426254 136.936676 135.699554 133.802338 132.398315 130.828659 129.652237 127.042023 123.238144 121.353951 119.238762 117.814209 118.041550 117.529564 116.203056 112.953140 112.156609 111.358635 110.635086 110.086899 110.632408 107.799797 102.039612 96.188316 94.892288 92.635117 89.145081 86.426338 86.046173 86.763351 86.706955 85.869957 86.049149 82.590019 76.792519 72.181770
240.010437 229.113815 220.075027 211.766861 206.398834 205.663498 203.631744 201.979813 197.068161 195.135818 179.245071 170.539520 167.308990 163.745697 160.701294 157.708191 155.879532 152.482697 148.908875 147.501129 145.848312 142.973740 139.752243 137.802765 136.091599 134.381378 133.468002 132.318100 129.873322 126.579353 122.429329 121.046143 119.127480 117.395073 116.998741 116.485382 115.571075 113.749664 114.557068 111.679413 110.365570 109.203773 109.067642 104.995377 100.840782 95.826035 90.480476 87.768089 86.874687 82.983055 82.532494 82.081940 81.841049 82.834839 81.270874 77.614052 73.744637 71.730621
245.451538 233.487793 227.589828 219.216522 210.944855 207.695251 204.445648 198.832886 197.150085 194.827866 188.115189 176.952759 170.205704 165.419846 161.492783 158.571106 156.116821 153.014374 150.420944 148.111252 146.294968 143.410416 139.752197 137.995056 135.908401 134.949753 133.697784 132.542496 128.440399 124.900185 122.033058 121.142166 120.047432 118.892227 117.047379 115.965820 114.902786 114.546196 114.013489 111.660591 109.892395 107.559105 106.053970 101.681503 98.930084 95.517288 89.449066 88.570900 87.931107 86.772278 84.342171 82.322823 80.847260 75.058281 73.392593 74.981827 74.380661 72.688599
254.175659 244.134567 236.007141 227.995239 217.628464 212.005432 210.459946 207.693588 205.472702 202.550552 196.935013 187.530045 178.242813 170.390640 162.118103 159.139236 156.583649 153.759750 151.789078 149.000000 146.410141 143.471725 141.149414 138.315643 136.282990 134.760803 133.081345 129.284943 125.814674 124.130318 122.851730 122.390099 121.120369 119.923279 116.705528 115.748810 115.618111 114.975906 113.806168 110.962418 108.125069 106.217308 103.357910 98.669098 96.204056 93.346275 91.397675 91.160995 89.069550 87.250053 87.023705 84.911263 81.953255 76.723976 72.583878 71.694664 71.654411 70.451431
267.679260 256.915955 246.805023 239.332260 227.134659 223.314911 219.214233 214.850754 211.210815 207.296951 201.750763 191.294327 181.977646 174.516891 166.850327 160.485474 158.317764 154.950531 151.909363 149.221878 146.779037 144.036453 141.187836 137.348801 135.747498 134.703949 132.965118 129.879715 128.358276 125.927742 124.451691 123.062683 121.610588 119.053291 117.431831 117.234138 117.094841 115.613136 113.228569 110.153816 106.818214 104.110298 100.684464 95.724335 95.251465 94.298866 95.954170 95.044670 92.240509 88.818039 88.006371 84.938736 81.654839 77.358437 71.775162 71.734909 74.628479 76.214912
279.044556 270.155731 260.967651 249.209869 235.597900 228.439331 222.123489 216.425354 209.091278 207.179214 204.116592 195.096985 183.299973 176.321579 170.752670 165.377640 162.572281 159.880478 153.960037 149.120041 146.018753 142.902878 139.846085 136.689026 135.597519 134.975128 133.444870 131.365997 130.592590 127.580879 124.692070 122.765785 121.840355 119.927940 118.293159 118.389542 117.152756 116.146492 113.531586 109.819588 106.595650 103.349014 98.031364 96.197212 97.640747 99.066040 98.053185 97.456482 94.911201 91.186050 88.360092 84.270821 82.038109 77.542702 73.621361 75.646751 80.234138 82.286324
286.970520 274.387634 266.583466 253.016144 237.660583 228.521118 219.178970 209.768692 206.929443 208.315643 200.658691 199.784103 188.500320 181.129105 178.459152 178.141739 170.881805 164.129333 162.076309 155.082809 146.495865 142.430267 138.787888 136.231613 134.871445 134.535675 133.657501 132.063522 131.166489 128.910278 126.578476 124.091263 122.955643 120.986771 118.836472 118.778801 116.829643 113.885315 112.306641 109.494263 107.195152 104.363525 97.175064 96.670082 99.875252 100.157555 99.322685 98.182388 96.037933 92.819168 87.694115 84.535820 82.056969 75.947517 75.730988 78.999565 81.457008 82.433807
289.590515 270.551453 260.656219 249.576843 236.999496 225.840805 215.030838 204.157028 203.282440 202.407852 201.533279 204.914551 197.246277 190.829102 192.774963 191.609238 183.331665 174.011414 165.207687 158.864197 148.503433 142.271912 139.449921 138.136826 135.207199 134.199921 132.721405 132.154388 132.561646 130.722183 128.538223 127.280632 125.629089 122.551796 119.663971 118.280701 115.331009 112.384628 111.121269 108.860191 105.642235 102.473206 97.680038 100.133507 102.689568 102.354248 100.951584 97.231285 94.592392 92.359413 88.739319 84.080017 80.038658 76.164047 77.524361 81.935181 82.272545 80.475632
288.588501 266.748993 247.593704 240.736511 229.265015 217.230331 215.605316 212.166336 211.735519 209.950470 208.636749 206.185486 205.597626 201.999680 199.733643 196.389908 191.898514 181.810196 171.930481 163.156113 152.472855 143.937683 140.758759 138.637924 136.683395 134.628647 132.840195 132.314224 133.653671 132.781372 130.900024 128.356812 126.238724 123.916092 120.570625 118.774399 114.158218 111.078270 109.367188 108.267815 105.540047 98.689995 98.185020 103.082901 105.082840 103.957977 101.401146 97.109375 92.738396 91.165726 88.924500 85.309715 81.303467 76.380577 79.810707 81.970093 81.617943 79.246513
286.810608 270.541290 252.665283 242.692230 239.344589 236.950699 231.880020 222.965317 222.162277 220.114944 210.679886 209.875671 210.104813 205.941574 201.719284 198.155853 195.528946 188.140610 179.241043 168.319855 157.137421 146.767181 143.540817 140.028046 138.274368 136.132889 135.722397 135.334320 135.428802 135.038757 132.230881 129.188370 125.214310 122.599983 121.078888 120.237709 115.319313 112.294632 110.450806 107.866661 101.339149 99.194977 103.020508 104.459610 106.551155 103.804779 100.495224 96.483574 91.435707 90.088852 87.481651 80.317459 79.662506 78.021538 82.916931 83.075974 81.868713 79.178398
292.804749 280.374329 270.725616 267.171967 263.986542 258.519135 248.025513 240.054688 236.441238 229.965439 220.902481 219.068878 214.852768 208.562607 203.462051 198.750229 197.383270 191.912521 182.538086 170.899277 159.424698 151.291595 148.370560 143.880692 141.308029 139.466003 137.832733 136.960068 137.379044 136.868927 133.625183 128.158310 122.807693 122.092949 121.585922 120.534843 116.108299 114.293549 112.650635 109.362831 103.483315 105.627487 105.209587 106.122475 107.027771 102.240471 97.434471 94.080215 88.783142 87.828957 81.627380 80.972420 86.767006 88.447632 88.447639 85.216690 80.919876 79.201889
297.933411 288.649384 282.682587 279.583710 274.887299 269.089935 259.547729 252.099976 246.355621 239.900070 231.363785 225.611603 220.327011 213.996094 205.659393 198.044403 193.761841 191.719955 183.050919 170.252045 158.212189 155.317780 153.113266 147.822998 143.473267 141.071198 138.693893 137.612259 138.368256 136.426346 133.197296 129.293701 124.737854 123.275635 121.753998 119.468689 116.709579 113.957962 112.346298 107.018623 105.949699 110.611237 107.109955 107.211983 104.117043 100.097000 95.067589 91.892517 86.356255 83.797112 82.712242 91.710579 92.825447 92.575294 90.898834 88.291588 82.625160 78.942810
299.411438 291.901154 288.283905 284.248871 279.109406 272.811981 265.253021 258.041992 251.988632 244.558899 236.461243 230.129196 223.264236 215.726227 206.075592 196.757248 191.333740 191.733841 181.408524 166.826065 158.227310 158.497330 155.551224 148.624329 144.170837 142.460098 140.350906 139.689041 138.542984 135.364365 131.304672 129.489151 125.827499 122.271866 119.963196 118.288795 115.495453 111.731972 110.160858 108.589737 113.256111 112.240456 109.178360 109.195488 105.515869 101.251724 95.580841 91.176872 85.067360 84.881973 92.374199 96.367340 97.396812 96.373383 93.665451 89.709778 84.539536 79.439972
298.765228 292.263580 289.035675 285.429169 282.327393 276.657104 268.768280 259.374084 252.595444 246.734238 239.403519 230.854645 222.981415 214.100525 203.394073 195.029831 189.556000 187.853592 175.732864 163.794800 158.491379 158.073090 155.292603 149.536667 145.657455 143.387314 142.612579 139.809921 136.918228 133.108734 130.660843 128.028458 123.959908 121.508614 116.218742 116.018074 112.589333 112.470451 118.595161 120.896492 117.571991 112.553162 110.319115 108.898888 104.791382 100.372696 95.109184 91.680511 85.139839 90.905693 96.794426 100.482834 99.609093 96.799324 95.119743 90.920212 87.026146 81.160736
298.677124 292.940887 288.322479 285.646667 282.051605 278.248535 269.086731 258.550903 251.241898 243.808319 237.323532 227.935547 218.816025 209.926544 200.692123 191.832443 187.466156 180.183807 168.699066 160.530273 157.355133 154.862457 152.184250 148.872986 145.607849 143.919388 140.723541 136.173965 132.861526 129.866028 128.784119 125.522598 122.454361 116.620087 116.419411 118.848679 121.679283 122.280876 123.882164 124.385704 119.464424 114.647171 110.432816 108.030861 103.451355 99.130020 95.362221 93.306938 87.685310 97.174011 100.397552 101.661568 100.620087 97.763680 95.394402 91.984978 88.599594 83.533035
299.036407 294.570313 288.144104 285.082611 280.381195 276.447601 266.959137 254.501785 246.240677 238.385132 231.242554 220.754425 211.217438 201.530060 192.909485 183.784943 176.822968 171.731796 165.957764 160.429611 156.308121 153.221664 150.908554 147.679581 145.699432 143.514206 139.616455 133.674210 130.740555 128.302872 126.674629 123.753113 117.021423 116.820755 120.909691 126.894722 130.443771 129.605972 127.859512 124.690468 120.943253 115.397362 110.258698 106.268394 102.360741 99.011093 96.360535 93.369209 91.019394 101.415421 102.745407 102.489143 101.409615 97.750740 94.816299 92.288300 89.462051 84.853096
296.011017 293.816132 289.224762 283.289551 277.273163 268.809875 256.839935 245.491577 238.347473 228.558563 221.578476 213.766876 202.613190 191.965149 185.026459 181.317413 171.983688 168.488159 165.134583 158.180908 153.786545 151.160294 148.894745 146.529770 144.980270 141.079514 137.060242 133.071381 129.879745 126.512115 123.195244 120.384041 117.222092 122.470680 128.485672 133.350204 135.036255 133.133072 129.151306 124.940125 120.555466 114.147285 108.522560 104.673759 102.023643 99.828621 96.725533 94.521118 91.815239 101.886360 103.669533 102.678528 100.429306 96.983223 93.654045 90.173653 87.410339 85.132980
286.110931 286.289398 280.792053 271.736389 263.344940 253.269058 239.442413 233.590530 227.838654 219.717728 213.120926 206.057022 195.364731 188.123215 184.598495 182.702957 170.387085 166.873825 162.689117 157.047226 153.883408 150.171875 146.414352 144.436447 142.254456 138.938110 135.404678 133.063583 129.036545 123.226631 122.856628 122.818878 126.715439 133.231049 136.252747 137.465485 136.663452 135.059738 130.984009 123.930061 118.770569 111.851112 107.144814 103.926727 102.064819 100.705811 97.890877 93.748077 93.455246 103.591316 105.741463 105.206192 102.154243 98.727264 95.641747 91.960732 88.570526 86.045708
265.158966 266.749878 265.112854 256.184875 247.772110 239.396042 231.782349 225.107956 218.435883 210.127869 205.016403 199.933563 191.218460 188.385269 185.198334 177.794571 168.899551 164.602203 160.724884 155.487320 152.667313 148.093979 144.114578 141.548569 139.299255 136.107178 133.058273 131.777176 130.395081 124.041611 129.426773 134.046326 136.266083 141.382401 143.360565 141.554138 138.160385 135.211212 129.672958 123.029305 117.414185 110.517448 106.920303 104.771423 102.075249 100.508774 98.326027 94.040909 100.867111 105.729271 108.172127 106.286156 102.695114 99.275650 96.374191 92.721039 89.517494 86.825768
245.317276 250.313339 247.763107 244.554962 239.864319 231.804993 224.752747 217.726944 208.643143 205.547165 197.652542 192.818710 189.375473 187.899399 184.886215 178.913055 173.183624 163.878250 158.022644 153.999588 149.764435 145.387344 142.130280 138.912949 136.692245 132.280212 128.742996 126.865555 125.924240 124.982925 135.169586 139.546005 144.466721 146.832642 145.921814 143.364151 138.835968 134.300812 128.563553 122.443634 116.796494 111.004723 108.120117 105.679268 102.175400 99.781189 99.053612 94.333740 105.938011 108.222542 109.120720 106.554367 102.677429 99.329353 96.703545 93.028564 90.049927 86.226654
238.095367 240.069733 238.143585 236.588715 231.431229 223.788574 214.193924 208.052765 203.362930 200.664505 194.409225 190.335312 184.839386 188.393219 187.116791 179.403671 171.368805 161.681580 156.627716 152.076111 147.623886 143.754456 141.453125 137.395233 134.327591 131.962936 131.645645 130.334122 137.102570 141.853989 143.929688 146.984985 149.596527 149.213150 146.076035 141.807602 138.095871 133.622894 127.338974 121.347275 116.223022 111.347855 107.640244 105.344879 102.718689 101.764626 98.908340 98.172920 109.640472 110.663803 109.564980 106.220848 102.876518 100.159836 96.635986 93.526871 89.991936 85.685677
225.293701 226.381485 227.810333 225.955276 219.035049 213.690720 207.292374 202.378876 197.424698 194.229614 190.060471 183.298874 178.647705 176.482956 177.183319 169.123322 162.044296 156.193970 152.948639 148.406464 143.208282 141.512711 139.221954 137.310989 137.226761 138.098434 139.963654 142.529114 146.234329 151.283340 153.460266 153.558670 150.959091 148.720596 144.550552 139.771164 135.894821 130.745193 124.279381 119.356964 114.834274 111.315796 108.148468 105.594772 103.043694 101.494522 98.935410 100.379173 110.757324 111.646965 109.013756 105.945839 102.165840 100.468384 96.135239 92.795227 89.808197 86.409782
211.763611 213.172852 218.483582 219.325607 212.405548 206.713028 205.487259 201.367508 195.769928 191.341080 185.783920 183.295700 180.812469 174.318192 167.923691 159.544800 155.676544 152.601700 149.411102 144.462555 143.073090 142.102997 141.132919 140.904739 140.743927 145.878937 152.665268 153.735153 154.673523 157.872406 157.061279 154.385696 150.740234 146.773499 142.558960 136.890533 132.559814 128.000641 123.715736 118.864853 115.045212 111.499306 108.362190 104.815529 99.016640 98.989563 98.962486 106.640213 111.105629 111.279533 107.714951 104.773148 101.868515 99.635429 95.834908 93.325768 90.699867 87.217422
200.100891 202.018723 205.693604 208.748840 204.019196 198.508591 198.545959 194.478088 188.242126 182.298874 176.147003 178.674118 174.034012 166.602188 159.403732 155.550125 152.553070 149.521545 144.605331 144.070847 143.679138 144.285187 144.306381 144.915283 146.537949 151.248566 157.982727 159.057907 156.546768 156.380875 157.699432 153.773682 149.399414 143.014923 139.507751 133.502716 128.975113 125.541527 123.198524 119.311440 115.472809 110.837860 108.941521 104.963890 99.043716 101.865753 105.397209 110.873817 112.881180 111.331879 108.005737 104.342178 100.739807 97.938629 95.581703 93.696396 91.165947 88.553955
