NEW_versions/S_Waiehu/Scripts/RUN/S_Waiehu_InitialPrecip_0p4.ele
north: 2315415.910359
south: 2312265.910359
east: 760885.886964
west: 753485.886964
rows: 126
cols: 296
[rows 52 to 77 of 126, columns 232 to 289 of 296]
84.769951 80.930847 78.085571 79.229607 76.632965 74.340004 72.122925 68.831322 64.834633 61.223175 60.768002 61.029114 61.522842 60.615688 57.988571 55.978100 56.781841 56.910698 56.457722 57.350117 56.483685 55.994717 55.460766 55.002625 54.292374 53.802406 50.240108 51.025723 53.054657 50.714684 53.491749 58.353111 62.994312 62.231216 62.658993 62.822571 0.000000 0.000000 0.000000 0.000000 0.000000 0.000000 0.000000 0.000000 0.000000 0.000000 0.000000 0.000000 0.000000 0.000000 0.000000 0.000000 0.000000 0.000000 0.000000 0.000000 0.000000 0.000000
84.815460 81.564339 77.923729 79.625534 77.055954 73.876877 71.781639 69.118294 65.002892 61.678345 62.526489 62.164513 62.782852 61.449913 58.552567 58.091999 59.087612 59.257282 59.570789 59.254292 58.739086 58.082294 56.635921 56.404404 55.925957 55.167976 50.342724 51.974186 54.483734 53.694138 58.358929 64.140450 65.716255 65.458893 65.477097 0.000000 0.000000 0.000000 0.000000 0.000000 0.000000 0.000000 0.000000 0.000000 0.000000 0.000000 0.000000 0.000000 0.000000 0.000000 0.000000 0.000000 0.000000 0.000000 0.000000 0.000000 0.000000 0.000000
83.988525 80.655708 77.762428 79.093376 77.033859 73.964027 71.283264 69.366180 65.660843 62.133518 63.510151 61.760525 61.655506 61.605652 59.419178 59.393955 60.337204 60.830685 61.412067 60.319962 59.147324 59.492657 57.328766 56.765755 56.610302 55.441994 50.445339 54.811150 56.045174 57.141792 63.646481 66.418625 66.606010 66.631668 67.336990 0.000000 0.000000 0.000000 0.000000 0.000000 0.000000 0.000000 0.000000 0.000000 0.000000 0.000000 0.000000 0.000000 0.000000 0.000000 0.000000 0.000000 0.000000 0.000000 0.000000 0.000000 0.000000 0.000000
81.250748 77.439835 76.238640 75.838242 77.299431 73.341545 70.481140 67.932083 66.562492 62.798203 62.276062 61.865547 61.760525 61.868999 61.885746 61.500431 62.010643 61.893497 62.400539 61.133289 59.715466 59.727612 58.484043 57.186588 57.621651 55.376770 51.384300 51.893993 57.102825 59.796452 65.946472 66.981934 66.901833 67.074402 0.000000 0.000000 0.000000 0.000000 0.000000 0.000000 0.000000 0.000000 0.000000 0.000000 0.000000 0.000000 0.000000 0.000000 0.000000 0.000000 0.000000 0.000000 0.000000 0.000000 0.000000 0.000000 0.000000 0.000000
77.629662 77.039436 76.639038 75.437843 75.037445 71.495941 69.796890 67.103287 66.820984 65.423744 62.139225 62.002384 61.996544 63.386055 63.932991 63.844841 64.075851 64.073265 63.515842 62.915131 62.004478 61.087147 59.862026 59.239189 59.165581 55.348759 54.544876 52.403687 52.913383 60.800766 64.243790 65.820152 67.038414 0.000000 0.000000 0.000000 0.000000 0.000000 0.000000 0.000000 0.000000 0.000000 0.000000 0.000000 0.000000 0.000000 0.000000 0.000000 0.000000 0.000000 0.000000 0.000000 0.000000 0.000000 0.000000 0.000000 0.000000 0.000000
77.366325 78.946884 77.584091 75.513374 73.385735 70.294907 68.599319 67.385582 67.667885 67.132599 64.861595 63.564056 62.694271 63.391998 63.655842 64.878654 65.462143 65.807854 64.228851 63.768547 63.016811 62.061623 61.334579 60.617783 59.833961 56.316044 57.141388 59.048615 53.423077 59.330200 62.098454 64.643661 66.383743 0.000000 0.000000 0.000000 0.000000 0.000000 0.000000 0.000000 0.000000 0.000000 0.000000 0.000000 0.000000 0.000000 0.000000 0.000000 0.000000 0.000000 0.000000 0.000000 0.000000 0.000000 0.000000 0.000000 0.000000 0.000000
77.166512 78.622383 77.393700 74.630127 72.055748 69.534767 68.406349 67.758842 67.413887 67.396149 67.266014 65.693344 64.289803 64.508812 63.919682 64.183525 65.672890 66.444206 65.407166 64.151741 63.064030 63.681595 64.027130 62.121799 59.717171 57.753086 58.297291 58.200188 53.932770 54.442467 60.156521 62.942989 65.285034 0.000000 0.000000 0.000000 0.000000 0.000000 0.000000 0.000000 0.000000 0.000000 0.000000 0.000000 0.000000 0.000000 0.000000 0.000000 0.000000 0.000000 0.000000 0.000000 0.000000 0.000000 0.000000 0.000000 0.000000 0.000000
77.036278 77.482132 75.587601 72.265823 70.275429 69.571892 69.609016 70.038635 68.078888 67.433258 68.019531 67.049011 66.753929 66.506416 66.592117 65.907623 65.790253 65.234306 64.848549 64.730995 65.006920 64.770081 64.700058 63.172943 60.034912 58.204502 60.419140 58.569180 55.461853 54.952160 58.770390 61.061237 0.000000 0.000000 0.000000 0.000000 0.000000 0.000000 0.000000 0.000000 0.000000 0.000000 0.000000 0.000000 0.000000 0.000000 0.000000 0.000000 0.000000 0.000000 0.000000 0.000000 0.000000 0.000000 0.000000 0.000000 0.000000 0.000000
76.863800 76.546967 74.276222 71.806396 70.978973 70.665184 71.394165 71.080231 69.097351 68.132210 68.409286 68.048904 67.884338 67.597893 68.431664 68.484619 67.845436 65.620056 66.005814 64.890152 65.049301 65.208458 65.549232 64.400627 60.797218 59.976532 60.945015 56.764755 55.923191 56.645885 58.156490 59.829361 0.000000 0.000000 0.000000 0.000000 0.000000 0.000000 0.000000 0.000000 0.000000 0.000000 0.000000 0.000000 0.000000 0.000000 0.000000 0.000000 0.000000 0.000000 0.000000 0.000000 0.000000 0.000000 0.000000 0.000000 0.000000 0.000000
77.278915 76.470917 74.822708 74.112206 73.763824 73.713196 72.952843 72.201118 71.434708 70.622009 69.716179 68.885139 68.792870 68.906715 69.382668 69.429436 69.254486 69.216660 69.530212 66.793350 65.526764 65.367615 66.465256 65.108223 61.981636 61.668949 59.256187 56.668232 56.403866 57.196110 58.407890 60.897373 0.000000 0.000000 0.000000 0.000000 0.000000 0.000000 0.000000 0.000000 0.000000 0.000000 0.000000 0.000000 0.000000 0.000000 0.000000 0.000000 0.000000 0.000000 0.000000 0.000000 0.000000 0.000000 0.000000 0.000000 0.000000 0.000000
78.304771 76.744080 77.033989 76.005592 76.298851 75.178230 74.428421 73.679077 73.385612 71.579391 70.252579 70.120461 70.339180 69.916382 69.886406 70.512764 70.943184 71.638481 71.193169 68.996201 65.685921 68.450218 67.280060 65.326698 62.728027 62.029552 58.499592 57.558941 57.341202 58.225586 59.771538 62.009739 0.000000 0.000000 0.000000 0.000000 0.000000 0.000000 0.000000 0.000000 0.000000 0.000000 0.000000 0.000000 0.000000 0.000000 0.000000 0.000000 0.000000 0.000000 0.000000 0.000000 0.000000 0.000000 0.000000 0.000000 0.000000 0.000000
79.990143 77.042923 76.835457 76.213058 76.845451 76.574745 76.224312 75.608673 73.946617 72.656662 72.547302 72.987328 72.764206 70.880882 72.131157 72.726227 72.607201 72.609528 71.973129 71.018959 65.845070 66.004227 67.737404 65.733635 62.110161 60.940456 58.791599 58.110447 58.379589 59.692715 61.625324 63.283600 0.000000 0.000000 0.000000 0.000000 0.000000 0.000000 0.000000 0.000000 0.000000 0.000000 0.000000 0.000000 0.000000 0.000000 0.000000 0.000000 0.000000 0.000000 0.000000 0.000000 0.000000 0.000000 0.000000 0.000000 0.000000 0.000000
81.292786 77.250389 76.627991 76.420525 77.193436 77.589073 77.655464 76.579498 74.877716 74.240967 74.769241 74.619858 73.865288 73.995506 74.210861 74.460564 73.999039 73.549431 72.352272 71.789833 69.296799 67.733231 67.317917 65.870399 61.862148 60.782486 59.223625 59.162056 60.092941 61.700745 63.817879 0.000000 0.000000 0.000000 0.000000 0.000000 0.000000 0.000000 0.000000 0.000000 0.000000 0.000000 0.000000 0.000000 0.000000 0.000000 0.000000 0.000000 0.000000 0.000000 0.000000 0.000000 0.000000 0.000000 0.000000 0.000000 0.000000 0.000000
82.980804 78.967651 77.608429 77.787445 78.105118 78.181053 78.397087 77.991325 76.466026 75.545898 75.447769 74.850060 75.487823 75.205658 75.799461 75.468117 75.199867 74.076233 71.108246 70.612007 69.956131 68.480705 65.182037 64.624657 62.302235 61.336796 60.302509 61.325531 63.866001 68.260925 67.212151 0.000000 0.000000 0.000000 0.000000 0.000000 0.000000 0.000000 0.000000 0.000000 0.000000 0.000000 0.000000 0.000000 0.000000 0.000000 0.000000 0.000000 0.000000 0.000000 0.000000 0.000000 0.000000 0.000000 0.000000 0.000000 0.000000 0.000000
86.317963 83.535362 80.434631 77.912125 78.036797 78.108925 78.253006 79.081223 78.103867 77.142899 77.223404 76.054733 76.598915 76.348076 77.043533 76.757317 75.248123 72.764832 72.553650 71.296776 67.995880 65.948586 65.162827 64.680244 63.518665 62.021553 61.430485 62.707901 65.082031 76.281372 0.000000 0.000000 0.000000 0.000000 0.000000 0.000000 0.000000 0.000000 0.000000 0.000000 0.000000 0.000000 0.000000 0.000000 0.000000 0.000000 0.000000 0.000000 0.000000 0.000000 0.000000 0.000000 0.000000 0.000000 0.000000 0.000000 0.000000 0.000000
89.592049 87.133286 84.202568 82.552681 80.330040 79.613449 79.525711 79.533791 79.238602 78.278320 77.689728 76.264671 76.474609 76.985947 77.669983 77.042923 74.583267 74.497147 72.272118 71.545288 68.510727 66.602379 65.642197 65.142891 64.895126 63.749516 62.729305 64.186584 67.837883 77.442276 0.000000 0.000000 0.000000 0.000000 0.000000 0.000000 0.000000 0.000000 0.000000 0.000000 0.000000 0.000000 0.000000 0.000000 0.000000 0.000000 0.000000 0.000000 0.000000 0.000000 0.000000 0.000000 0.000000 0.000000 0.000000 0.000000 0.000000 0.000000
91.789383 89.023430 86.223717 85.420822 83.635941 82.447968 82.201225 82.068062 81.456055 79.777145 78.567551 78.051102 76.507263 76.539909 76.572563 78.289116 76.359779 74.253822 73.374283 71.032257 70.525536 69.855522 68.217079 65.390648 66.348610 65.319527 63.363087 65.503967 69.149216 74.455635 0.000000 0.000000 0.000000 0.000000 0.000000 0.000000 0.000000 0.000000 0.000000 0.000000 0.000000 0.000000 0.000000 0.000000 0.000000 0.000000 0.000000 0.000000 0.000000 0.000000 0.000000 0.000000 0.000000 0.000000 0.000000 0.000000 0.000000 0.000000
93.384384 91.871155 89.214455 87.014648 85.498070 85.017807 84.465065 83.289963 82.937759 83.490845 83.036949 82.298363 81.548653 79.806587 79.690659 78.758736 75.914627 74.289642 74.888718 71.538979 73.089577 72.034241 67.733116 65.638412 65.523743 65.040733 64.144714 65.723152 70.563705 76.142601 0.000000 0.000000 0.000000 0.000000 0.000000 0.000000 0.000000 0.000000 0.000000 0.000000 0.000000 0.000000 0.000000 0.000000 0.000000 0.000000 0.000000 0.000000 0.000000 0.000000 0.000000 0.000000 0.000000 0.000000 0.000000 0.000000 0.000000 0.000000
94.556656 92.850327 90.803398 88.897758 88.420547 86.895683 85.100212 84.636993 84.634827 84.778175 84.429596 84.243553 83.383469 81.729538 80.526131 79.043434 76.622536 75.560806 75.188278 72.045700 73.773079 70.740410 66.283646 65.691338 66.513374 65.738609 65.847717 67.077629 72.599586 0.000000 0.000000 0.000000 0.000000 0.000000 0.000000 0.000000 0.000000 0.000000 0.000000 0.000000 0.000000 0.000000 0.000000 0.000000 0.000000 0.000000 0.000000 0.000000 0.000000 0.000000 0.000000 0.000000 0.000000 0.000000 0.000000 0.000000 0.000000 0.000000
94.611328 92.123238 91.424866 92.001610 89.750015 87.583977 87.082024 86.831566 86.754417 86.494331 86.205376 86.214661 85.024895 82.764999 80.560349 78.989693 77.571274 75.699005 74.756302 73.263725 72.322716 69.800835 66.875946 69.269432 68.501915 66.853821 67.075562 70.342720 73.809982 0.000000 0.000000 0.000000 0.000000 0.000000 0.000000 0.000000 0.000000 0.000000 0.000000 0.000000 0.000000 0.000000 0.000000 0.000000 0.000000 0.000000 0.000000 0.000000 0.000000 0.000000 0.000000 0.000000 0.000000 0.000000 0.000000 0.000000 0.000000 0.000000
94.996048 94.648071 93.981796 91.644981 89.559830 88.909042 89.314438 89.043472 89.219597 89.128044 88.666084 87.164597 86.033371 83.976868 82.922775 79.883026 78.257080 76.070213 75.029305 73.660294 71.589989 68.181213 67.468254 70.408234 68.879089 67.059753 67.368370 70.747032 0.000000 0.000000 0.000000 0.000000 0.000000 0.000000 0.000000 0.000000 0.000000 0.000000 0.000000 0.000000 0.000000 0.000000 0.000000 0.000000 0.000000 0.000000 0.000000 0.000000 0.000000 0.000000 0.000000 0.000000 0.000000 0.000000 0.000000 0.000000 0.000000 0.000000
96.171165 96.301880 94.053444 92.773926 91.878937 90.974121 91.521294 91.314888 91.302284 90.765472 89.335373 87.849503 86.616074 85.934860 85.207802 81.656059 79.439323 76.927376 75.315987 74.657669 70.944847 67.877808 67.580292 69.590096 68.412819 67.330170 67.507530 70.117538 0.000000 0.000000 0.000000 0.000000 0.000000 0.000000 0.000000 0.000000 0.000000 0.000000 0.000000 0.000000 0.000000 0.000000 0.000000 0.000000 0.000000 0.000000 0.000000 0.000000 0.000000 0.000000 0.000000 0.000000 0.000000 0.000000 0.000000 0.000000 0.000000 0.000000
97.534958 96.110977 95.134026 94.609222 94.277870 94.063553 93.916664 93.177643 92.247421 91.559387 89.869102 88.160728 88.360069 87.993629 87.457985 85.424850 81.159256 79.705772 76.325142 74.459503 71.101242 68.742798 67.692322 67.960220 68.014549 67.442520 68.496773 70.543259 0.000000 0.000000 0.000000 0.000000 0.000000 0.000000 0.000000 0.000000 0.000000 0.000000 0.000000 0.000000 0.000000 0.000000 0.000000 0.000000 0.000000 0.000000 0.000000 0.000000 0.000000 0.000000 0.000000 0.000000 0.000000 0.000000 0.000000 0.000000 0.000000 0.000000
97.887726 97.890152 96.987297 97.624084 97.545845 97.030022 95.588852 94.118965 93.039215 92.177956 90.344986 90.572456 90.669853 89.789169 88.066872 86.496902 83.444069 80.236900 78.025642 74.312225 71.000725 69.231239 67.830299 67.968285 68.337730 68.126244 69.667320 0.000000 0.000000 0.000000 0.000000 0.000000 0.000000 0.000000 0.000000 0.000000 0.000000 0.000000 0.000000 0.000000 0.000000 0.000000 0.000000 0.000000 0.000000 0.000000 0.000000 0.000000 0.000000 0.000000 0.000000 0.000000 0.000000 0.000000 0.000000 0.000000 0.000000 0.000000
100.057632 100.154839 99.767601 99.696754 99.513000 98.435860 96.601196 94.730453 94.397850 91.566963 90.955978 92.839653 91.936989 91.638962 87.773422 86.003677 84.958160 81.962379 78.889267 75.946144 72.388000 70.267647 68.243332 68.700050 69.112099 69.180214 70.477135 0.000000 0.000000 0.000000 0.000000 0.000000 0.000000 0.000000 0.000000 0.000000 0.000000 0.000000 0.000000 0.000000 0.000000 0.000000 0.000000 0.000000 0.000000 0.000000 0.000000 0.000000 0.000000 0.000000 0.000000 0.000000 0.000000 0.000000 0.000000 0.000000 0.000000 0.000000
103.292023 102.908493 102.450851 101.377037 99.757835 99.428024 97.769699 95.144180 94.859802 93.202332 93.119362 94.257645 93.104424 91.987656 87.769623 85.472382 84.171547 81.911903 79.784027 77.552856 74.933876 70.844864 70.018272 69.911072 69.316437 69.248322 69.597015 70.646683 0.000000 0.000000 0.000000 0.000000 0.000000 0.000000 0.000000 0.000000 0.000000 0.000000 0.000000 0.000000 0.000000 0.000000 0.000000 0.000000 0.000000 0.000000 0.000000 0.000000 0.000000 0.000000 0.000000 0.000000 0.000000 0.000000 0.000000 0.000000 0.000000 0.000000
