NEW_versions/S_Waiehu/Scripts/RUN/S_Waiehu_InitialPrecip_0p4.ele
north: 2315415.910359
south: 2312265.910359
east: 760885.886964
west: 753485.886964
rows: 126
cols: 296
[rows 52 to 77 of 126, columns 116 to 173 of 296]
320.398346 303.948975 303.735504 306.386963 301.563690 304.642761 316.028900 309.134552 302.502380 294.457275 288.592072 279.290955 278.283752 278.045807 277.807861 293.972382 286.878296 275.671936 269.364990 265.853088 263.082367 260.945862 264.500580 269.183868 273.510315 283.832733 291.719269 288.510132 282.586487 274.159149 265.832428 250.776413 239.031937 237.467361 238.133270 233.367630 234.648407 230.671753 220.329178 219.474136 231.182556 236.716904 236.994324 235.571716 237.652618 237.236206 233.684998 222.150070 219.664764 209.536163 201.478836 199.877884 197.817032 195.515854 193.555099 191.594330 201.690643 198.209290
304.375885 304.162415 324.657684 314.478577 299.037476 296.511261 305.024597 299.696930 286.746429 284.882568 283.018677 281.154816 290.501892 291.348175 306.520386 309.794556 299.844177 292.145447 286.997192 285.126221 282.845062 283.824310 284.513336 286.797241 294.028656 301.916870 305.146667 300.684937 291.907562 282.104309 274.891663 263.177124 258.397156 255.447784 248.783615 248.754440 250.028900 242.710205 229.478500 218.619110 217.764069 217.745667 219.901291 222.100830 218.333725 222.064407 223.711334 210.714294 201.646240 201.135544 200.624832 200.114120 199.603409 202.855026 199.280762 191.218353 190.842377 188.961212
304.920898 344.302887 336.877563 321.563019 307.223541 292.700348 288.889465 288.175110 287.460785 301.079926 305.718872 306.872620 311.375397 319.845062 323.738831 324.252319 316.767822 309.412048 305.910614 305.167328 304.372925 305.624054 305.804535 308.898285 313.392456 322.426758 322.059753 314.894104 306.506104 297.605682 289.452972 278.118713 272.416870 271.318512 270.049774 265.062683 261.068695 256.765137 246.892197 239.454239 232.020752 217.727249 217.708847 210.981827 209.246246 209.106827 208.967422 202.667664 202.156952 216.281815 213.593369 212.156128 209.410233 205.710693 201.843628 201.357956 200.528000 201.942993
362.502228 360.265045 349.229523 335.908386 317.258209 309.984955 301.109375 304.912628 314.767822 319.623993 318.294403 323.426941 331.482025 336.769043 342.600555 344.219666 336.261169 329.355621 329.561615 330.545532 328.163696 328.357269 329.226837 331.212006 336.350464 339.486328 338.598114 329.827484 320.439880 313.000793 304.096802 293.736298 288.240112 286.993683 283.274811 276.933319 273.749512 269.083282 263.478607 253.895889 244.716858 239.077988 233.982773 227.878601 218.139160 215.815247 217.704254 217.400223 221.410385 223.319519 221.207733 219.477310 219.813095 218.060043 216.638062 215.841141 215.188660 212.241364
385.284668 377.189362 359.949158 345.007019 342.913300 340.476898 340.684357 341.735718 338.951813 337.359497 341.631287 347.186401 352.433044 358.235748 363.101501 362.421173 359.353577 355.333923 355.598938 355.729431 352.310944 351.166687 352.362366 353.438477 356.316864 354.883728 348.700531 338.462372 328.233521 318.332123 311.490234 303.223877 296.727051 293.043823 289.463928 283.611145 280.873077 277.117035 271.841827 263.694855 259.400269 253.473114 248.321121 243.845261 242.132462 242.100235 240.489990 239.189575 238.017746 236.550629 232.878326 231.405579 231.205887 229.839752 228.465179 226.761795 225.342697 221.171921
405.104492 393.810760 378.597931 366.594025 365.251190 369.637665 369.921448 370.062958 368.543945 366.658813 369.427368 372.925873 375.291107 380.272369 384.278900 382.983887 380.444183 379.957550 379.615662 378.318390 372.934326 367.600433 362.534607 358.684540 354.958099 348.220917 340.383179 333.967682 323.708801 310.485382 301.561890 296.080688 289.023834 283.666229 279.415253 274.452240 270.711212 268.528259 265.447540 260.154999 255.593430 251.368652 247.254379 247.251572 248.988388 251.461014 250.996063 246.756042 246.088486 247.073563 245.150116 242.509506 241.686478 240.556213 240.188751 239.981812 239.814453 238.007599
423.609558 413.362793 400.612885 392.677826 391.145996 394.925720 399.616455 400.133789 398.460754 395.431152 396.547150 397.752502 399.362183 401.543549 401.509583 397.502655 392.100861 386.913330 382.619385 382.772522 376.085236 361.924988 349.676575 341.570465 335.719055 329.113098 325.523346 320.425354 311.498108 298.711639 289.167816 284.120728 277.483765 271.651855 268.140778 263.798401 262.000916 259.158325 254.330200 248.493820 243.526031 241.239944 236.345413 233.556854 236.498734 237.653610 239.662491 235.011841 236.294327 241.615570 241.241623 240.148331 242.176010 244.277496 245.901566 244.751160 244.823074 246.270935
439.063599 432.248322 423.854614 419.133636 418.131470 419.723541 421.238098 426.357697 424.799103 420.998840 418.871429 416.963379 412.877258 405.216278 397.226074 388.922974 381.358978 372.166046 366.370300 363.398834 359.642181 344.476013 331.080841 320.815033 315.097778 308.179718 302.369629 297.734619 294.511566 284.169037 279.495728 271.267365 266.274567 266.185730 260.227875 255.742981 251.097015 253.233002 248.078064 240.872070 232.546875 229.462799 227.107178 223.491211 221.589874 220.112717 221.574860 225.297623 224.326416 227.092789 227.968689 228.889542 230.104507 237.556580 239.048019 237.227631 237.902878 244.396179
431.855347 430.556732 429.095123 432.208527 434.277069 436.584900 438.074219 439.790527 441.958405 436.195038 426.151520 416.343445 404.510712 394.890747 382.010132 371.734711 363.684479 354.526337 343.678101 340.526611 336.868317 325.523407 313.186401 301.316925 291.257996 285.222412 279.872253 276.991821 272.261627 268.673340 264.269958 260.959015 253.878281 254.166443 247.939865 240.666306 230.826706 238.966675 237.285065 230.339966 222.879303 220.741409 218.554077 216.882095 212.014069 212.006836 210.230301 216.806305 215.719162 216.359390 219.025558 217.578430 214.883499 226.989059 231.387802 231.144455 234.047958 237.555634
405.240723 402.514893 401.648407 407.962097 421.191162 426.643707 431.543274 438.378143 443.133881 433.299561 414.320801 399.463196 387.089844 379.666138 366.033081 355.057831 345.387268 335.777893 325.014374 319.026001 319.293976 309.538971 296.181244 284.532806 273.959259 264.848297 260.623962 261.198822 258.242432 254.038696 248.135345 244.487595 238.641373 237.480225 233.595520 229.168991 216.792313 212.802521 210.326965 209.687286 209.047592 208.407913 215.198914 206.750397 206.633698 206.516998 207.317535 209.626221 211.515671 200.377502 200.147522 198.646194 197.638992 216.660614 224.238403 226.206177 229.889526 230.296692
384.207672 377.555939 372.661407 371.887238 387.111572 399.177185 403.400818 416.383423 428.695892 423.921844 401.217255 385.080078 369.485687 357.611359 346.687775 337.252777 327.919891 319.639618 309.304657 300.809906 298.640747 295.010498 280.640930 271.832825 260.074341 258.138672 253.576569 249.905319 246.173523 241.851974 229.919800 225.460236 222.034958 219.567932 219.265427 218.962921 217.753632 215.278076 227.655685 231.873398 224.809494 207.768234 207.317673 206.867096 211.251114 205.716476 204.196518 201.067429 200.837448 200.607483 209.707458 206.785660 196.631805 203.493011 211.208496 216.740891 218.005600 222.055817
367.693665 355.602356 350.544189 347.594086 346.692444 368.413940 370.273132 389.116730 408.545227 413.313293 400.886322 377.858459 357.096588 337.820831 325.096375 316.832886 311.032745 307.577606 302.364349 294.562775 285.202362 277.971252 266.979950 261.109131 259.402191 254.920807 239.307129 237.466904 233.628311 232.392136 231.155975 234.849091 233.264771 233.008545 236.565247 235.754272 233.374847 234.305283 236.484024 235.747925 231.644760 229.037842 225.607254 223.127426 221.141373 217.777725 216.062714 211.162003 208.754089 210.361481 214.661957 210.102966 195.624603 197.954422 202.298630 189.140808 189.090851 216.074539
352.878601 342.102142 331.973083 329.987854 325.835876 333.212036 335.111572 358.549072 378.723022 397.056213 394.016754 372.750641 350.730072 329.608124 308.704224 300.444885 293.964478 293.669769 293.025543 284.710724 272.732147 264.452393 256.346558 252.592941 246.297867 243.163467 241.147339 242.987549 245.925598 245.791977 243.905640 245.028214 244.025757 244.141983 246.363068 246.359238 250.663208 251.514343 247.840744 248.095886 246.114304 242.832443 236.792297 235.588303 235.203857 232.447021 228.641434 223.688065 220.392471 215.837341 216.773880 211.954605 194.617401 193.610199 189.265991 189.190765 189.040909 202.635452
340.142700 328.450745 318.872375 313.980347 306.873169 304.367065 303.520355 325.138367 350.534668 372.140381 379.651825 363.593506 343.622406 323.299286 305.341217 291.806427 281.527069 278.376526 279.832855 273.773987 268.126709 258.748871 247.835480 247.831146 247.064499 251.289948 246.808624 252.047043 255.109222 251.977768 253.514450 258.680756 255.871292 254.322144 258.610870 260.906738 261.570618 265.594574 261.220093 259.365723 258.044769 257.699158 253.023727 249.209900 247.326614 244.246796 239.126923 234.681702 229.858215 230.333618 222.585144 217.838593 211.485428 204.226501 198.940933 201.702713 188.990952 188.940994
325.694641 317.229767 306.555878 297.643036 288.463837 287.803864 281.439636 292.556458 327.041718 350.761230 361.297028 346.469208 327.354462 311.008179 292.519775 280.116608 270.131256 263.212433 267.697601 248.921692 248.382919 247.844147 247.839813 252.914597 255.759369 251.646469 254.151260 261.424469 261.663269 259.756409 260.313721 265.171600 265.276062 266.247681 271.790680 273.834412 274.969879 276.198181 276.961273 272.957367 272.230927 273.371216 271.124542 268.958466 264.214386 257.832764 251.169052 247.801071 241.549225 238.276642 232.495148 228.600159 221.555695 215.852982 205.747574 203.889526 203.554337 199.451843
315.490875 305.300201 278.175720 277.711578 275.073395 270.448303 270.162292 274.498383 308.429932 334.056549 345.503906 327.710327 306.917389 290.327209 277.449188 266.097595 253.917084 250.538010 249.999237 249.460464 251.134384 249.489273 255.949509 261.225464 262.171387 256.636353 259.426697 268.238068 263.355286 260.125214 262.621643 270.885223 277.856537 282.629974 288.624603 288.882660 288.735016 291.613770 289.211548 292.068970 292.128601 292.774841 291.210266 286.754211 283.197876 277.109344 269.292603 261.073578 253.046539 248.766739 240.975037 235.686310 229.760849 223.116852 215.989014 211.108643 207.298828 204.637390
304.594330 296.921021 278.639862 280.349731 291.803680 284.026642 269.876251 269.590240 291.700897 313.031036 324.111572 311.859528 296.034882 280.244812 266.193909 253.224319 251.819870 251.076782 253.414597 255.752426 258.725342 259.165985 266.891663 271.527252 269.397308 270.089325 275.370300 279.779388 274.710815 264.460358 266.090790 275.650452 293.552185 300.709076 311.134155 312.037994 312.261078 313.731445 309.480835 305.947083 305.011658 307.507996 307.861633 303.868378 300.501801 294.854645 286.651093 277.420502 271.003418 262.653198 253.288559 241.772675 235.979523 228.729843 222.929794 216.833466 212.789673 210.454910
280.032288 279.568146 279.104004 307.842926 304.396851 288.618011 274.593597 267.146484 281.872620 291.654938 302.792542 298.439850 285.499207 273.794373 267.851044 253.657974 252.738922 265.117340 263.818512 265.487274 273.908875 276.670135 280.409760 285.281677 288.285858 286.561676 285.665649 291.930023 284.906647 275.683990 272.950439 281.126068 303.807343 318.951599 329.958984 333.068054 334.358612 332.979095 329.790649 324.517090 321.873962 326.588867 324.065521 319.990234 315.046326 309.352539 302.432892 294.086060 287.511932 278.435455 266.889374 251.754288 240.853027 232.332169 227.844849 221.938904 217.363007 211.883774
281.897400 302.011078 328.131348 329.007172 317.622894 297.603088 277.744049 264.950867 264.700104 277.242493 281.342285 283.119232 274.829559 270.580719 263.200989 254.577026 265.013306 273.053650 275.431396 279.533051 292.376251 296.917206 298.042694 302.711060 304.559204 300.767487 300.299683 305.441772 298.474213 284.046600 282.697571 285.519348 308.247009 333.836121 344.837830 347.849213 349.833252 348.674347 346.039612 344.365723 344.040894 341.457794 339.748688 334.898376 329.196747 322.362579 314.628326 307.331512 299.916962 290.837463 279.780334 266.001953 249.375504 238.590729 233.902023 225.485977 218.271469 214.223465
323.298950 343.765747 354.123932 343.452515 325.651581 307.184875 291.283112 282.557434 264.449341 264.198578 263.947815 263.697052 261.766479 257.555389 256.415131 255.496078 270.082123 282.839722 289.102356 297.236053 310.323639 316.106232 316.121155 322.690552 322.967438 316.901123 313.378754 319.182129 314.807739 303.118866 291.875977 296.072052 316.747314 344.817444 360.007446 366.521423 369.009766 367.441895 366.306061 363.933105 360.574371 358.062775 352.859375 349.066681 341.694397 334.092102 326.019958 318.754303 309.275330 299.356750 288.067291 275.579834 261.764618 251.643188 241.317169 234.136108 225.288895 219.526154
351.363983 374.495667 372.727783 354.032257 335.495789 323.946838 309.235474 296.386658 288.368164 279.943420 271.731506 265.627655 259.835876 258.695618 264.326660 270.295441 285.100281 296.920288 307.426788 313.416504 327.292938 334.278473 333.824066 342.798370 343.809967 335.623840 330.241821 340.753693 337.117767 322.741882 308.156769 303.919922 331.100403 355.980682 373.936462 385.194153 386.728760 384.712555 383.665497 381.241669 376.788696 373.530426 367.075073 358.798370 351.236420 340.902222 332.328949 322.171143 311.251343 301.249298 291.485443 282.132813 270.671112 260.805420 251.066162 241.432480 233.426544 225.123535
384.975098 398.859528 387.708618 367.064270 351.751740 338.368927 323.366272 306.014923 294.667419 290.335327 284.584290 279.243103 274.496490 270.401855 273.938599 286.723969 302.082092 314.988129 325.615204 333.131104 341.329529 354.407410 357.216522 364.214050 364.172333 353.418030 349.572449 360.872314 358.062286 344.882172 324.188232 322.636200 345.191071 371.992889 389.319000 403.869843 404.824860 400.970490 399.693451 398.056305 393.195618 383.226166 371.222229 359.042328 349.195465 337.120758 326.953369 313.461243 303.966217 297.762604 288.991791 280.788940 272.964050 262.446716 253.561890 245.170975 236.539612 228.282532
416.168060 416.842072 402.153534 380.242828 363.235870 345.796906 328.903534 313.254028 304.517212 298.118378 293.186798 289.310547 286.707672 284.898956 287.695129 296.401581 313.103241 330.811646 344.414581 353.713470 361.741516 372.358215 381.491455 386.434357 382.820190 370.708099 371.843170 381.116211 377.592194 364.966888 345.025360 343.285706 362.242310 388.146973 406.187500 419.604462 420.804810 416.005981 413.293274 407.700165 396.312042 382.484741 366.101593 352.452484 341.038879 327.625488 310.244232 296.958649 286.316467 277.382690 271.910431 265.452026 260.682800 254.355515 247.580063 240.614731 233.527954 225.300797
442.342255 432.932739 413.236755 388.922394 367.195374 349.777985 336.116058 323.246948 314.573151 305.815247 301.670746 301.455170 303.175934 301.910431 300.850830 307.413849 318.488373 336.562988 356.429810 374.677948 385.143524 394.602142 402.153625 407.732422 405.270966 394.508545 394.292023 402.207001 395.356293 380.431366 363.489258 362.387848 381.915497 403.906189 418.112640 430.930176 430.480225 422.649170 416.173096 403.887512 386.048401 372.497955 355.331726 341.421753 326.285736 314.565277 296.922821 284.141724 270.927704 265.170441 257.599548 255.741959 249.850403 240.659683 233.427444 229.282639 225.964188 217.426071
454.975342 439.222229 416.875183 392.853363 368.047089 358.045410 347.181885 334.974365 322.935944 316.353119 312.392761 315.648254 320.831390 319.115387 316.996246 321.803497 327.588165 341.279480 358.216644 385.783661 406.818695 416.714417 426.001892 430.540344 426.042511 414.612885 415.907379 422.900421 413.163940 394.488068 382.751678 384.814484 401.100922 419.990356 431.054596 435.772614 427.520203 418.517029 407.423401 389.176514 372.039612 356.375977 338.445251 325.559021 312.371765 299.742310 282.572693 277.065369 268.294983 255.823318 252.269516 247.930084 241.360046 236.415756 226.422577 224.713318 223.004059 218.938690
462.527649 443.444550 420.700439 399.738892 378.662750 373.073273 353.596161 342.573029 338.993439 333.570892 327.985016 331.411896 336.033569 330.518646 332.259827 337.589996 340.833740 352.755096 365.766052 385.482788 413.441589 436.246277 448.258087 449.628601 441.239838 433.045746 439.887878 441.617615 427.617981 406.274078 394.335114 402.924622 420.852112 436.413300 442.347290 430.988922 417.175873 407.266266 393.707611 372.126465 358.991943 345.524536 333.104797 319.408020 305.703430 290.814148 279.348999 272.272125 267.340057 258.292511 252.032532 242.799942 241.602631 239.330856 237.487137 233.579773 230.291672 231.782532
