NEW_versions/S_Waiehu/Scripts/RUN/S_Waiehu_InitialPrecip_0p4.ele
north: 2315415.910359
south: 2312265.910359
east: 760885.886964
west: 753485.886964
rows: 126
cols: 296
[rows 26 to 51 of 126, columns 232 to 289 of 296]
71.939835 62.757168 63.409843 68.337753 69.514748 70.728050 71.268272 71.320831 70.261650 69.367729 67.992653 65.596809 63.202744 58.584148 57.088699 54.328159 51.155434 47.342400 45.166428 42.693790 39.534512 36.841415 35.060219 32.844254 30.727661 30.240217 32.010880 33.099705 31.940798 33.007889 32.381866 33.313690 32.593292 31.161402 30.275572 31.074562 32.086353 32.592056 36.481441 37.635605 39.738907 41.536293 0.000000 0.000000 0.000000 0.000000 0.000000 0.000000 0.000000 0.000000 0.000000 0.000000 0.000000 0.000000 0.000000 0.000000 0.000000 0.000000
72.259476 70.266922 64.062515 69.573654 73.577560 75.648239 75.882828 75.376625 73.235458 70.722343 68.291023 65.254105 62.870251 58.330750 56.504612 53.762615 50.849754 46.501167 44.451626 41.097637 39.068298 36.017529 34.612782 32.495716 31.215105 32.634968 32.825401 33.096466 32.474724 32.984921 32.600216 33.737083 33.120323 30.725933 30.500751 32.440826 33.362488 34.749969 37.524593 38.237572 40.583565 41.638649 0.000000 0.000000 0.000000 0.000000 0.000000 0.000000 0.000000 0.000000 0.000000 0.000000 0.000000 0.000000 0.000000 0.000000 0.000000 0.000000
71.304695 65.642494 64.715195 74.558113 79.031204 78.814766 76.710907 75.412086 74.271355 71.751015 68.867027 65.922562 62.944073 58.677780 56.548180 53.346516 49.907894 45.439949 43.460396 40.237125 37.892677 35.704243 34.387001 32.099133 31.702551 34.256653 33.441906 33.633739 33.578842 33.067669 32.833942 33.274010 33.078094 30.732010 32.154205 32.454277 34.791641 37.923615 39.791916 39.263741 41.138901 41.686790 0.000000 0.000000 0.000000 0.000000 0.000000 0.000000 0.000000 0.000000 0.000000 0.000000 0.000000 0.000000 0.000000 0.000000 0.000000 0.000000
69.648361 66.569794 71.842438 81.231674 82.940582 81.506004 77.087936 75.669762 74.134087 71.494850 68.824059 65.709152 62.139793 59.383381 56.009064 52.695950 49.163113 44.689518 43.189095 40.405075 36.938145 35.761982 35.093388 32.681534 34.556358 35.514839 34.414181 34.119534 34.000626 33.150417 32.992180 34.025940 31.755915 31.135260 33.022022 33.676872 36.526554 40.139187 41.240528 41.076172 41.490173 0.000000 0.000000 0.000000 0.000000 0.000000 0.000000 0.000000 0.000000 0.000000 0.000000 0.000000 0.000000 0.000000 0.000000 0.000000 0.000000 0.000000
68.436806 67.497093 76.113976 83.772804 84.947098 82.286987 77.057663 74.590202 72.578171 69.850220 66.710648 64.735161 61.224152 59.207802 55.418636 53.361980 48.963081 45.228508 42.877655 39.731438 37.305908 36.090897 34.156620 33.263931 35.718758 35.932961 35.638123 34.957516 34.108185 33.231831 34.351040 34.510555 32.376568 33.461525 34.488331 36.109371 40.568371 42.156349 41.789440 42.318180 41.904179 0.000000 0.000000 0.000000 0.000000 0.000000 0.000000 0.000000 0.000000 0.000000 0.000000 0.000000 0.000000 0.000000 0.000000 0.000000 0.000000 0.000000
69.376518 70.316231 76.789841 84.064880 83.508163 79.257698 76.742165 73.824318 71.636612 68.158409 64.546738 63.167606 60.571056 58.892311 55.685291 53.593506 49.425213 46.151981 43.129425 39.467781 37.648808 36.562679 33.767128 33.448162 35.397751 35.473946 36.180698 35.767986 35.407734 34.538162 35.985023 34.646858 32.997223 33.941254 36.269928 39.648743 43.149082 43.197578 43.068352 43.426498 42.544197 0.000000 0.000000 0.000000 0.000000 0.000000 0.000000 0.000000 0.000000 0.000000 0.000000 0.000000 0.000000 0.000000 0.000000 0.000000 0.000000 0.000000
75.457680 71.743019 78.909416 82.962158 80.870911 77.861237 75.641846 72.488869 69.863571 66.392555 63.270435 60.935234 60.017841 57.903721 55.608898 52.921169 49.092541 45.791859 43.535091 40.033134 38.341789 37.190624 34.086090 34.405056 35.579723 35.526836 36.900372 37.078026 36.691814 36.350685 37.448757 35.299286 33.104221 34.889202 36.803753 42.334438 44.322109 44.411865 45.308777 45.142590 0.000000 0.000000 0.000000 0.000000 0.000000 0.000000 0.000000 0.000000 0.000000 0.000000 0.000000 0.000000 0.000000 0.000000 0.000000 0.000000 0.000000 0.000000
81.756081 80.105331 81.438774 81.744431 80.307816 76.882690 73.486839 69.476151 67.899940 65.948845 61.942577 59.649227 59.256802 57.296017 55.562672 52.753300 49.429192 46.089359 43.817471 40.653561 38.602596 37.880512 34.499435 35.784412 35.835758 35.681297 37.527550 37.300747 36.852516 37.272438 35.934650 33.318222 33.211224 35.776615 40.072922 45.096802 45.182930 45.818279 46.972240 0.000000 0.000000 0.000000 0.000000 0.000000 0.000000 0.000000 0.000000 0.000000 0.000000 0.000000 0.000000 0.000000 0.000000 0.000000 0.000000 0.000000 0.000000 0.000000
82.418175 81.761398 81.034782 80.511497 79.472664 76.615097 73.255020 69.502090 67.023087 64.885422 60.004116 58.877415 57.937798 54.956585 53.439171 52.110950 48.668072 46.373394 44.247944 41.248737 40.568157 38.477474 35.142452 36.733418 36.672497 36.738300 37.867596 38.032825 36.968784 37.447987 35.884655 33.425224 35.786991 36.548397 45.540810 48.242031 47.507866 47.580189 48.246086 0.000000 0.000000 0.000000 0.000000 0.000000 0.000000 0.000000 0.000000 0.000000 0.000000 0.000000 0.000000 0.000000 0.000000 0.000000 0.000000 0.000000 0.000000 0.000000
79.188354 78.878654 79.403580 78.703110 76.684967 75.091255 72.121620 69.671318 66.169571 62.141975 58.841572 57.211025 53.710613 51.023960 49.552162 47.417904 45.301727 43.889248 43.393486 42.525517 41.048031 38.518688 35.899418 37.273312 37.206905 37.847664 39.290649 39.214867 39.047596 38.082634 36.313450 33.532223 36.771629 39.252392 50.366043 54.619122 53.565250 52.086636 0.000000 0.000000 0.000000 0.000000 0.000000 0.000000 0.000000 0.000000 0.000000 0.000000 0.000000 0.000000 0.000000 0.000000 0.000000 0.000000 0.000000 0.000000 0.000000 0.000000
77.691124 76.548943 77.760124 77.070511 74.967796 73.306221 71.736488 69.083138 64.590233 60.072624 58.664867 56.590866 54.741016 53.198441 51.896091 49.648849 47.624004 44.033356 43.104164 42.814838 41.401913 39.122322 36.656384 36.929096 37.197990 39.172451 40.732689 40.052944 39.900730 38.803513 36.809307 39.430096 37.598549 38.425472 51.093060 57.291126 56.989838 55.827572 0.000000 0.000000 0.000000 0.000000 0.000000 0.000000 0.000000 0.000000 0.000000 0.000000 0.000000 0.000000 0.000000 0.000000 0.000000 0.000000 0.000000 0.000000 0.000000 0.000000
76.071785 74.889549 74.125381 73.633781 72.801781 71.938141 70.854408 67.153549 63.164482 59.292210 58.914871 57.173779 54.635422 52.741718 50.882950 48.721485 46.414406 44.436882 43.837898 43.684006 43.515209 40.881161 37.691792 37.522064 38.170044 40.171852 41.384716 40.608955 41.327110 39.627327 36.852749 41.296242 39.583160 39.295475 50.754032 57.422188 57.486038 0.000000 0.000000 0.000000 0.000000 0.000000 0.000000 0.000000 0.000000 0.000000 0.000000 0.000000 0.000000 0.000000 0.000000 0.000000 0.000000 0.000000 0.000000 0.000000 0.000000 0.000000
75.954628 73.857605 73.250732 72.022484 71.661026 71.299561 69.304634 65.933868 62.395958 59.394943 58.409966 56.171391 52.831654 51.052650 48.318748 47.327118 47.080452 46.842838 47.056522 45.824390 43.115097 39.427105 38.858902 38.983028 40.729435 40.941753 40.667427 40.582462 40.555969 38.883160 38.576305 41.476467 40.105015 39.700245 47.301720 56.799206 0.000000 0.000000 0.000000 0.000000 0.000000 0.000000 0.000000 0.000000 0.000000 0.000000 0.000000 0.000000 0.000000 0.000000 0.000000 0.000000 0.000000 0.000000 0.000000 0.000000 0.000000 0.000000
76.248276 73.563927 72.789978 72.752998 72.338089 71.692848 68.154572 65.360535 60.989880 58.672581 56.210903 52.670345 51.175991 51.054981 51.601723 49.942932 48.874359 47.220589 47.120197 46.495403 42.446354 39.995308 40.824753 40.232758 41.822769 42.381336 42.528316 41.580524 40.529476 39.190018 41.031239 42.800495 42.038761 41.070316 45.396351 53.950214 57.653248 0.000000 0.000000 0.000000 0.000000 0.000000 0.000000 0.000000 0.000000 0.000000 0.000000 0.000000 0.000000 0.000000 0.000000 0.000000 0.000000 0.000000 0.000000 0.000000 0.000000 0.000000
78.229012 75.977821 75.339241 74.768600 73.558289 72.159828 68.741646 64.849609 58.191940 56.205250 55.026947 53.848648 54.325771 53.093216 52.707329 51.177643 49.762272 48.176380 47.331154 45.422695 41.890564 40.563511 42.274170 41.921471 42.844833 42.992615 43.160751 43.421684 42.435585 39.496872 40.092453 44.268654 43.708775 42.576168 45.008694 51.823116 57.204762 0.000000 0.000000 0.000000 0.000000 0.000000 0.000000 0.000000 0.000000 0.000000 0.000000 0.000000 0.000000 0.000000 0.000000 0.000000 0.000000 0.000000 0.000000 0.000000 0.000000 0.000000
78.945465 80.000130 77.386322 76.847656 74.025833 70.785858 67.112007 63.365379 59.219490 57.620464 57.664101 57.914314 55.185005 52.745594 52.213837 51.104176 49.733437 48.745811 46.851398 45.381367 43.185520 41.451351 43.522957 43.034256 43.711025 43.504349 43.328884 43.497021 43.884594 40.361156 40.688034 41.283611 41.879192 44.255787 46.537563 51.594238 57.029423 0.000000 0.000000 0.000000 0.000000 0.000000 0.000000 0.000000 0.000000 0.000000 0.000000 0.000000 0.000000 0.000000 0.000000 0.000000 0.000000 0.000000 0.000000 0.000000 0.000000 0.000000
79.682747 80.420036 80.060265 77.719429 73.540558 70.755272 68.520599 64.090767 59.483402 60.322479 58.900822 57.510761 55.478466 53.036900 51.833946 50.798801 49.956596 49.265663 47.594994 45.614288 43.548893 42.468140 43.812302 43.411587 43.855274 43.679810 44.588860 44.087460 42.424313 41.392735 45.559841 46.207672 42.474773 44.937988 48.176655 55.111610 57.832710 0.000000 0.000000 0.000000 0.000000 0.000000 0.000000 0.000000 0.000000 0.000000 0.000000 0.000000 0.000000 0.000000 0.000000 0.000000 0.000000 0.000000 0.000000 0.000000 0.000000 0.000000
81.158249 79.265068 79.142982 76.120979 73.039886 71.549576 69.979279 65.500534 59.639915 60.080883 59.716354 57.000599 55.477280 54.057312 52.501564 51.567589 50.713856 49.714626 48.765472 46.081516 43.145313 42.680286 44.051437 44.388767 44.832722 44.946060 45.987808 45.593739 43.455891 44.008331 46.270691 46.246315 43.070354 45.325031 51.323742 56.234821 0.000000 0.000000 0.000000 0.000000 0.000000 0.000000 0.000000 0.000000 0.000000 0.000000 0.000000 0.000000 0.000000 0.000000 0.000000 0.000000 0.000000 0.000000 0.000000 0.000000 0.000000 0.000000
81.853142 78.531593 77.843620 76.096474 73.592201 71.246712 69.387993 65.385368 59.796429 59.512444 58.428135 56.608452 55.274696 54.518013 53.410648 52.501804 51.920818 50.868587 49.291035 47.195969 43.610344 44.075371 45.245056 46.047482 46.096588 46.321560 46.912346 46.254326 44.795815 46.584030 47.140617 46.543919 43.130245 48.001259 54.242977 0.000000 0.000000 0.000000 0.000000 0.000000 0.000000 0.000000 0.000000 0.000000 0.000000 0.000000 0.000000 0.000000 0.000000 0.000000 0.000000 0.000000 0.000000 0.000000 0.000000 0.000000 0.000000 0.000000
83.082382 78.716049 77.980263 77.287781 73.154945 70.960655 68.688904 65.416695 59.891609 59.986786 59.160549 57.225044 54.646851 54.109715 53.788292 53.591412 52.280754 51.208046 49.726074 47.734299 44.789967 45.969624 46.861851 47.402630 47.222832 46.726910 46.827377 46.474022 44.966309 47.220875 47.771313 46.209160 43.487568 47.374249 54.867332 0.000000 0.000000 0.000000 0.000000 0.000000 0.000000 0.000000 0.000000 0.000000 0.000000 0.000000 0.000000 0.000000 0.000000 0.000000 0.000000 0.000000 0.000000 0.000000 0.000000 0.000000 0.000000 0.000000
83.724358 80.035347 79.064827 77.323860 73.694984 71.311607 68.295441 63.978107 60.017597 60.393070 59.247749 56.961864 55.127033 55.471893 54.948341 54.751450 52.748779 51.614834 50.301224 47.649178 47.348717 48.019737 48.610348 48.663696 48.459797 47.878536 47.980251 45.889111 45.136803 50.017300 48.223419 45.416824 43.846081 47.730320 54.395721 56.511803 0.000000 0.000000 0.000000 0.000000 0.000000 0.000000 0.000000 0.000000 0.000000 0.000000 0.000000 0.000000 0.000000 0.000000 0.000000 0.000000 0.000000 0.000000 0.000000 0.000000 0.000000 0.000000
82.872154 78.790802 77.216934 75.160881 72.544464 70.615372 67.516609 64.626152 60.143589 59.925285 58.529385 57.074745 56.013973 56.570866 56.430496 55.526699 53.818111 51.858616 50.643578 48.298515 48.880959 49.932827 50.906075 50.468826 49.235168 48.248035 48.951649 47.185570 47.454201 51.104885 47.964081 45.302681 44.163380 49.385403 55.422382 56.596760 57.520168 0.000000 0.000000 0.000000 0.000000 0.000000 0.000000 0.000000 0.000000 0.000000 0.000000 0.000000 0.000000 0.000000 0.000000 0.000000 0.000000 0.000000 0.000000 0.000000 0.000000 0.000000
82.507111 76.304817 75.641663 73.991165 72.358696 70.881531 68.350769 66.030067 62.554932 59.531189 59.310593 58.098099 57.297634 56.587868 56.372406 56.085964 53.839092 52.376591 49.589001 49.092960 50.642624 51.863064 52.372341 51.764225 50.878082 49.764027 49.887157 47.304077 49.491146 50.521751 47.430496 45.855450 46.380402 51.139835 56.403946 56.847702 0.000000 0.000000 0.000000 0.000000 0.000000 0.000000 0.000000 0.000000 0.000000 0.000000 0.000000 0.000000 0.000000 0.000000 0.000000 0.000000 0.000000 0.000000 0.000000 0.000000 0.000000 0.000000
83.146484 76.967964 77.631119 76.741554 74.088585 71.719017 68.533936 65.479424 62.805782 60.954918 60.375404 58.300369 58.233597 56.773239 56.072735 55.369896 54.192326 51.845192 50.085041 50.581081 52.390488 52.944458 52.909260 53.223957 52.202618 51.309170 50.629780 48.956249 52.599499 50.385830 47.669930 46.373348 48.350548 55.546150 57.202644 57.631283 59.011871 0.000000 0.000000 0.000000 0.000000 0.000000 0.000000 0.000000 0.000000 0.000000 0.000000 0.000000 0.000000 0.000000 0.000000 0.000000 0.000000 0.000000 0.000000 0.000000 0.000000 0.000000
84.411804 78.080925 78.994392 77.722206 73.839622 70.718697 69.436478 68.280731 62.999424 62.217331 61.425388 59.378502 58.803993 57.617134 56.570660 54.841583 54.493511 52.106613 52.460789 53.399876 54.697739 54.838337 53.852764 53.786728 52.543274 51.989456 50.276917 49.932259 51.709915 49.650879 47.900673 48.045853 54.382915 59.046925 58.808334 58.513012 58.917519 0.000000 0.000000 0.000000 0.000000 0.000000 0.000000 0.000000 0.000000 0.000000 0.000000 0.000000 0.000000 0.000000 0.000000 0.000000 0.000000 0.000000 0.000000 0.000000 0.000000 0.000000
85.592697 80.301208 76.510414 75.582329 73.880585 72.925400 70.850311 68.314896 63.655197 61.456478 60.433704 59.664494 59.849564 59.508278 57.240559 55.243080 55.061943 54.507931 54.522270 53.762402 54.124924 54.487450 54.437538 54.167812 52.808769 53.026058 50.137489 50.034874 51.921429 49.728191 48.883030 51.984932 57.980534 60.565006 60.491180 60.474274 59.144020 0.000000 0.000000 0.000000 0.000000 0.000000 0.000000 0.000000 0.000000 0.000000 0.000000 0.000000 0.000000 0.000000 0.000000 0.000000 0.000000 0.000000 0.000000 0.000000 0.000000 0.000000
