WMS/CMDlineTesting/bonk/untitled.ele
north: 2317361.434868
south: 2312161.434868
east: 755346.410600
west: 751346.410600
rows: 52
cols: 40
[rows 0 to 37 of 52, columns 0 to 39 of 40]
0.000000 0.000000 0.000000 0.000000 0.000000 0.000000 0.000000 0.000000 0.000000 0.000000 0.000000 0.000000 0.000000 0.000000 0.000000 0.000000 0.000000 0.000000 0.000000 0.000000 0.000000 0.000000 0.000000 0.000000 0.000000 0.000000 0.000000 0.000000 0.000000 0.000000 0.000000 0.000000 0.000000 0.000000 547.873413 510.978210 0.000000 0.000000 0.000000 0.000000
0.000000 0.000000 0.000000 0.000000 0.000000 0.000000 0.000000 0.000000 0.000000 0.000000 0.000000 0.000000 0.000000 0.000000 0.000000 0.000000 0.000000 0.000000 0.000000 0.000000 0.000000 0.000000 0.000000 0.000000 0.000000 0.000000 0.000000 0.000000 0.000000 0.000000 0.000000 651.079895 615.396484 528.533508 480.355682 413.217224 367.160309 0.000000 0.000000 0.000000
0.000000 0.000000 0.000000 0.000000 0.000000 0.000000 0.000000 0.000000 0.000000 0.000000 0.000000 0.000000 0.000000 0.000000 0.000000 0.000000 0.000000 0.000000 0.000000 0.000000 0.000000 0.000000 0.000000 0.000000 0.000000 855.196472 840.262329 840.107727 833.078491 809.017456 690.776123 595.067810 514.847717 465.612701 380.632294 299.753784 277.472992 0.000000 0.000000 0.000000
0.000000 0.000000 0.000000 0.000000 0.000000 0.000000 0.000000 0.000000 0.000000 0.000000 0.000000 0.000000 0.000000 0.000000 0.000000 0.000000 0.000000 0.000000 0.000000 0.000000 0.000000 0.000000 937.892151 912.112122 844.001648 771.728577 740.041931 845.142578 832.339661 759.104126 661.802734 574.099121 393.849396 406.936951 307.676727 266.782043 227.858780 200.215164 0.000000 0.000000
0.000000 0.000000 0.000000 0.000000 0.000000 0.000000 0.000000 0.000000 0.000000 0.000000 0.000000 0.000000 0.000000 0.000000 0.000000 0.000000 0.000000 0.000000 0.000000 0.000000 0.000000 959.328430 916.499817 855.689514 768.600525 701.888123 696.140808 802.520325 757.529968 688.824402 628.875305 514.326538 366.460114 281.948914 260.155548 224.192184 217.807281 209.011215 236.238022 0.000000
0.000000 0.000000 0.000000 0.000000 0.000000 0.000000 0.000000 0.000000 0.000000 0.000000 0.000000 0.000000 0.000000 0.000000 0.000000 0.000000 0.000000 0.000000 0.000000 0.000000 964.302307 952.447815 821.516968 737.899231 638.500183 604.265747 670.601868 698.127869 673.395203 650.048462 592.124817 478.807098 399.390717 285.476807 230.813080 230.577103 247.007385 277.393463 271.079773 0.000000
0.000000 0.000000 0.000000 0.000000 0.000000 0.000000 0.000000 0.000000 0.000000 0.000000 0.000000 0.000000 0.000000 0.000000 0.000000 0.000000 0.000000 0.000000 0.000000 0.000000 976.367798 939.444458 796.163452 654.117920 486.944641 545.030884 609.428284 591.952271 588.408813 567.492859 523.768555 412.592010 315.759125 257.262054 231.049072 263.806610 310.479034 384.019684 371.876709 0.000000
0.000000 0.000000 0.000000 0.000000 0.000000 0.000000 0.000000 0.000000 0.000000 0.000000 0.000000 0.000000 0.000000 0.000000 0.000000 0.000000 0.000000 0.000000 0.000000 0.000000 985.206970 909.021362 800.998047 658.422119 466.528107 446.111572 494.565857 435.935089 447.628632 467.267273 399.850647 347.077118 287.301849 235.422256 231.285049 321.168793 414.807892 466.595978 490.196289 0.000000
0.000000 0.000000 0.000000 0.000000 0.000000 0.000000 0.000000 0.000000 0.000000 0.000000 0.000000 0.000000 0.000000 0.000000 0.000000 0.000000 0.000000 0.000000 0.000000 0.000000 955.901428 875.968811 780.825134 671.954895 529.093018 425.695038 429.164673 366.656952 320.330902 317.741882 332.046265 294.630646 288.125549 239.559479 277.048706 361.966675 459.946899 534.615784 575.565918 0.000000
0.000000 0.000000 0.000000 0.000000 0.000000 0.000000 0.000000 0.000000 0.000000 0.000000 0.000000 0.000000 0.000000 0.000000 0.000000 0.000000 0.000000 0.000000 0.000000 954.713684 882.303284 834.521118 761.252747 656.531982 506.659515 417.372040 379.903748 327.787384 308.140656 295.950409 282.005554 268.264282 263.753784 243.696686 299.496674 333.684814 438.702911 551.514893 644.062439 0.000000
0.000000 0.000000 0.000000 0.000000 0.000000 0.000000 0.000000 0.000000 0.000000 0.000000 0.000000 0.000000 0.000000 0.000000 0.000000 0.000000 0.000000 0.000000 951.275024 883.042847 804.485413 696.377747 649.221741 565.823792 527.459961 450.749268 348.300354 347.434113 367.080841 424.297119 399.331421 376.005524 311.688019 245.065109 313.407013 398.074402 494.964722 576.087341 666.538086 0.000000
0.000000 0.000000 0.000000 0.000000 0.000000 0.000000 0.000000 0.000000 0.000000 0.000000 0.000000 0.000000 0.000000 0.000000 0.000000 0.000000 1046.611328 967.100708 833.528198 717.322693 667.004395 569.949341 462.946411 473.344513 404.293884 350.032806 349.166565 386.857605 471.614319 528.156677 512.620850 413.021851 313.470154 250.363708 281.072815 320.226990 498.726288 608.412537 700.198364 0.000000
0.000000 0.000000 0.000000 0.000000 0.000000 0.000000 0.000000 0.000000 0.000000 0.000000 0.000000 0.000000 0.000000 0.000000 0.000000 0.000000 1010.690430 920.079346 799.406433 647.679565 548.879517 490.427124 409.680878 403.211792 396.742706 389.191528 381.985168 429.546783 529.003845 590.125977 544.339844 439.893372 325.489471 259.388885 313.581818 341.390381 493.377289 612.585815 711.702942 778.053040
0.000000 0.000000 0.000000 0.000000 0.000000 0.000000 0.000000 0.000000 0.000000 0.000000 0.000000 0.000000 0.000000 0.000000 0.000000 0.000000 1030.954102 909.982239 789.849060 692.345459 611.491150 533.164124 449.577850 432.218872 449.957245 447.622772 443.118896 527.728882 594.633545 612.615662 505.412811 414.783264 335.343353 278.857849 340.105377 397.316681 532.120361 631.109924 724.128357 794.100586
0.000000 0.000000 0.000000 0.000000 0.000000 0.000000 0.000000 0.000000 0.000000 0.000000 0.000000 0.000000 0.000000 0.000000 0.000000 0.000000 1032.690796 939.471863 839.923706 799.370117 727.496887 625.035706 576.232788 547.029480 524.802124 511.516754 530.594421 613.405762 645.956909 569.316895 510.554688 422.599762 363.676453 291.259796 303.661774 408.537689 532.791321 639.752930 725.765930 811.758240
0.000000 0.000000 0.000000 0.000000 0.000000 0.000000 0.000000 0.000000 0.000000 0.000000 0.000000 0.000000 0.000000 0.000000 0.000000 0.000000 1116.282715 1014.511108 935.857849 835.657349 827.531128 759.379944 723.027649 699.414246 687.925415 670.844604 670.270020 682.284302 568.351624 484.037292 385.318481 315.561401 315.236084 303.247955 316.063721 348.461487 510.432739 621.586914 724.927124 835.584900
0.000000 0.000000 0.000000 0.000000 0.000000 0.000000 0.000000 0.000000 0.000000 0.000000 0.000000 0.000000 0.000000 0.000000 0.000000 0.000000 1105.499023 1018.049622 961.342651 884.051392 926.550354 895.438171 859.554688 846.597839 830.931213 802.014648 721.191895 598.171875 477.779572 374.808594 316.212036 315.886719 340.631683 345.488831 358.562195 352.104309 492.440094 625.052124 736.059753 847.994507
0.000000 0.000000 0.000000 0.000000 0.000000 0.000000 0.000000 0.000000 0.000000 0.000000 0.000000 0.000000 0.000000 0.000000 0.000000 0.000000 1092.108398 1012.831970 934.282898 909.167114 1019.494263 989.504395 963.999451 934.618042 863.621765 759.882996 648.693176 552.483704 425.632263 321.765778 316.397400 383.583984 414.708588 403.582031 406.188934 483.143616 574.512756 675.925293 770.468079 876.820679
0.000000 0.000000 0.000000 0.000000 0.000000 0.000000 0.000000 0.000000 0.000000 0.000000 0.000000 0.000000 0.000000 0.000000 0.000000 1213.708130 1112.054077 1025.196289 959.398621 967.630859 1077.657104 1057.015137 997.470764 901.165833 818.994995 730.147095 649.258301 519.445557 406.063751 327.134186 357.414795 463.744995 538.006714 558.483093 550.635864 584.422913 640.770203 733.459900 820.167847 899.510559
0.000000 0.000000 0.000000 0.000000 0.000000 0.000000 0.000000 0.000000 0.000000 0.000000 0.000000 0.000000 0.000000 0.000000 1260.762573 1163.663940 1131.645142 1043.372070 1001.598022 975.863098 1095.285400 1079.655762 994.107605 896.712708 802.235962 751.121399 633.452271 508.026001 415.668549 332.502563 364.740417 465.083130 582.594604 656.075073 681.902039 696.521729 708.153076 795.760559 880.393494 0.000000
0.000000 0.000000 0.000000 0.000000 0.000000 0.000000 0.000000 0.000000 0.000000 0.000000 0.000000 0.000000 0.000000 0.000000 1278.586548 1191.243652 1159.569336 1093.989502 1053.546753 984.095337 1096.835083 1068.146240 981.719116 905.499573 827.341919 718.570557 622.753601 517.850891 402.843903 346.266266 366.924164 432.227417 558.909912 674.262817 757.541260 797.351501 817.100708 864.145203 0.000000 0.000000
0.000000 0.000000 0.000000 0.000000 0.000000 0.000000 0.000000 0.000000 0.000000 0.000000 0.000000 0.000000 0.000000 0.000000 1288.922729 1249.421875 1184.976563 1134.669312 1040.429688 1034.187012 1113.331421 1022.855408 968.813965 883.652771 790.385071 673.396118 624.407471 509.940613 351.335266 348.800751 389.325195 422.174622 529.086731 637.602844 748.961975 850.898926 902.151367 0.000000 0.000000 0.000000
0.000000 0.000000 0.000000 0.000000 0.000000 0.000000 0.000000 0.000000 0.000000 0.000000 0.000000 0.000000 0.000000 0.000000 1297.761597 1224.797485 1162.288452 1078.072021 1046.672363 1093.597778 1110.309937 1017.919556 921.439026 816.096008 738.157959 664.788696 592.404785 473.099731 353.869781 409.409821 379.196411 466.307739 540.007935 628.107849 746.009827 839.395935 0.000000 0.000000 0.000000 0.000000
0.000000 0.000000 0.000000 0.000000 0.000000 0.000000 0.000000 0.000000 0.000000 0.000000 0.000000 1333.818115 1301.010132 1280.217163 1211.845703 1162.068604 1155.637817 1116.949097 1052.915039 1121.909668 1070.777100 977.747681 885.785339 792.601440 728.508545 633.632874 567.155090 492.314667 356.404297 358.938812 369.067596 463.159088 544.504700 637.607605 748.429321 841.053223 0.000000 0.000000 0.000000 0.000000
0.000000 0.000000 0.000000 0.000000 0.000000 0.000000 0.000000 0.000000 0.000000 0.000000 0.000000 1337.170898 1263.655029 1240.113770 1202.764282 1121.797363 1106.063843 1088.347534 1070.631348 1080.445679 1010.891785 929.562439 858.123413 801.105286 739.239746 650.657959 556.704834 466.899841 379.478577 394.539276 442.534607 480.466278 573.063904 699.600525 784.551331 866.960449 0.000000 0.000000 0.000000 0.000000
0.000000 0.000000 0.000000 0.000000 0.000000 0.000000 0.000000 0.000000 0.000000 0.000000 0.000000 1304.579468 1252.702026 1191.243286 1153.264526 1137.531006 1165.253906 1135.647217 1064.305054 975.190002 917.240051 851.746277 786.901123 731.395447 654.896667 576.793152 492.588043 402.138794 393.755066 438.032440 488.032349 492.950623 627.539246 741.659363 843.262085 909.103943 0.000000 0.000000 0.000000 0.000000
0.000000 0.000000 0.000000 0.000000 0.000000 0.000000 0.000000 0.000000 0.000000 0.000000 1328.007813 1308.769409 1228.446777 1217.049316 1183.627319 1205.090820 1161.281738 1084.636108 991.860413 888.313171 803.058044 728.404419 711.090149 624.755920 550.668091 482.683502 442.291656 399.420349 397.795685 486.834015 552.520203 648.455444 708.373230 799.936218 882.058167 0.000000 0.000000 0.000000 0.000000 0.000000
0.000000 0.000000 0.000000 0.000000 0.000000 0.000000 0.000000 0.000000 0.000000 0.000000 1343.468140 1319.739746 1261.221436 1248.628784 1214.405518 1136.960571 1084.679932 1001.645630 911.300415 797.340576 716.111511 600.595703 546.353333 530.717896 476.919617 445.720886 461.605865 401.044983 492.147736 586.103149 663.061218 735.630737 784.325806 865.315308 925.612854 0.000000 0.000000 0.000000 0.000000 0.000000
0.000000 0.000000 0.000000 0.000000 0.000000 0.000000 0.000000 0.000000 0.000000 0.000000 1356.893921 1333.633545 1293.756714 1261.147949 1159.087280 1063.715942 1006.272949 901.940002 823.287903 722.283569 641.914063 597.885132 565.508545 556.882263 508.118347 414.522156 405.017792 402.669647 520.622681 630.733337 739.968994 804.887634 832.308838 894.263428 0.000000 0.000000 0.000000 0.000000 0.000000 0.000000
0.000000 0.000000 0.000000 0.000000 0.000000 0.000000 0.000000 0.000000 0.000000 0.000000 1365.989380 1354.228760 1308.210327 1223.492554 1130.609009 1035.865845 922.812256 824.460022 769.911560 682.348877 584.428406 566.589111 543.170166 528.672363 446.410553 430.466339 451.365295 484.363983 565.275269 646.715698 786.189331 864.149963 926.234009 970.350586 1005.286682 0.000000 0.000000 0.000000 0.000000 0.000000
0.000000 0.000000 0.000000 0.000000 0.000000 0.000000 0.000000 0.000000 0.000000 0.000000 1367.225220 1339.763672 1276.224365 1209.847534 1102.428833 997.547852 838.998108 742.176147 708.214111 566.105469 506.852539 498.828217 488.597687 465.893311 462.354736 498.976868 480.597778 496.209381 617.483826 707.770813 818.283081 884.609253 980.031921 1039.664063 0.000000 0.000000 0.000000 0.000000 0.000000 0.000000
0.000000 0.000000 0.000000 0.000000 0.000000 0.000000 0.000000 0.000000 0.000000 0.000000 1331.233398 1260.579712 1190.978027 1113.864624 1021.910950 917.320679 764.464783 617.365234 585.885620 524.608398 514.876831 546.123291 533.714600 481.635315 524.379700 523.763245 502.180511 558.512573 636.952087 738.920654 827.267395 921.428101 1012.280090 1076.908691 0.000000 0.000000 0.000000 0.000000 0.000000 0.000000
0.000000 0.000000 0.000000 0.000000 0.000000 0.000000 0.000000 0.000000 0.000000 1341.859131 1271.244751 1167.341064 1065.101074 957.549805 873.481873 812.049072 687.100342 574.055359 527.386169 525.997314 629.110779 617.201294 531.732971 524.897827 547.557129 543.370605 558.574951 590.568970 703.057861 770.332520 861.591675 976.079224 1069.575439 0.000000 0.000000 0.000000 0.000000 0.000000 0.000000 0.000000
0.000000 0.000000 0.000000 0.000000 0.000000 0.000000 0.000000 0.000000 1377.113281 1283.758667 1189.849121 1090.717163 976.223328 851.573303 767.256531 671.087463 596.229370 530.163940 528.775085 593.492432 671.217896 632.981934 543.683350 529.194641 609.070068 604.295044 577.172607 636.280945 748.929382 826.100464 932.629639 1037.109131 0.000000 0.000000 0.000000 0.000000 0.000000 0.000000 0.000000 0.000000
0.000000 0.000000 0.000000 0.000000 0.000000 1418.050903 1343.557861 1266.943848 1248.057739 1260.124023 1130.160400 1013.420654 984.509644 903.427124 813.672668 690.666138 602.948486 531.552856 596.666138 632.305298 688.176147 658.092529 546.730103 594.906311 674.705139 685.106445 603.562927 687.935791 797.881165 873.190186 999.428223 0.000000 0.000000 0.000000 0.000000 0.000000 0.000000 0.000000 0.000000 0.000000
0.000000 0.000000 0.000000 0.000000 0.000000 1343.397583 1251.561157 1145.294434 1109.264893 1163.143433 1074.415649 952.615173 942.856079 874.515747 782.452087 628.522095 557.818298 544.685547 603.336426 688.723999 739.423889 694.041199 620.394348 607.650330 692.379456 651.776123 638.518433 752.590759 853.388916 955.789856 1050.176758 0.000000 0.000000 0.000000 0.000000 0.000000 0.000000 0.000000 0.000000 0.000000
0.000000 0.000000 0.000000 0.000000 1357.508545 1259.785645 1184.342407 1060.227905 948.758911 1013.801147 1007.925537 919.857605 853.883728 806.554749 667.254944 577.058716 567.438477 630.963135 626.189026 645.406494 740.388916 749.194397 660.468506 630.238037 688.811768 665.033813 695.628052 801.483459 922.799255 1032.306885 0.000000 0.000000 0.000000 0.000000 0.000000 0.000000 0.000000 0.000000 0.000000 0.000000
0.000000 0.000000 1365.290894 1326.902100 1269.430298 1193.248779 1082.025879 968.109680 897.125793 801.318115 728.356384 774.319580 743.945923 693.055847 590.119873 583.589294 578.412659 671.715576 683.841370 664.623901 715.740601 754.759338 650.391663 640.314819 717.901428 678.291504 741.079895 843.325195 972.915222 1092.499023 0.000000 0.000000 0.000000 0.000000 0.000000 0.000000 0.000000 0.000000 0.000000 0.000000
