WMS/Iao_WMS_v1/Iao_v1_GridDefined_20m.ele
north: 2312584.859596
south: 2308404.859596
east: 756023.352194
west: 750483.352194
rows: 209
cols: 277
[rows 25 to 49 of 209, columns 171 to 227 of 277]
925.470581 931.436951 933.363770 927.695313 916.446777 915.123352 914.268250 912.768066 910.337036 906.596741 903.600342 901.081848 899.372498 898.776367 900.080200 902.910095 906.971802 912.031494 918.775269 918.337402 928.914917 942.225647 958.422974 982.084717 1006.690613 1034.999146 1065.461182 1082.979736 1077.630859 1080.089966 1085.535400 1080.616455 1072.631226 1079.184814 1073.604614 1070.961792 1073.736938 1082.252808 1095.571655 1108.735474 1128.988770 1139.248535 1119.986450 1090.473511 1066.010010 1043.283081 1022.784302 1000.443909 977.134827 953.936157 919.996033 878.863953 823.472595 793.672485 753.890625 705.659363 660.557251
889.107117 883.500732 880.215210 874.267395 869.794922 857.590332 861.527039 862.880005 861.933044 859.188171 856.571106 854.094604 852.241516 851.604065 853.309570 856.706543 861.473145 867.437561 874.566406 885.098938 886.116821 899.516785 915.720276 935.322449 965.351318 995.435547 1030.811890 1059.144165 1063.249023 1061.712524 1070.295044 1063.485840 1057.030518 1055.424561 1056.046875 1056.071533 1061.423340 1068.969604 1076.139771 1084.250488 1106.712646 1129.444580 1122.320801 1092.317383 1071.597046 1048.139771 1025.547363 1005.804138 977.005859 952.737976 919.999634 881.919434 834.987793 794.331238 757.587402 711.490051 664.942688
853.225220 837.616516 825.941711 807.411072 796.936096 810.566223 809.481812 813.799255 814.045166 812.349487 809.219116 806.214233 803.770081 803.007080 805.110657 809.442261 815.065063 821.877014 829.602600 840.419861 851.202759 853.598999 868.984985 887.831665 917.537781 947.745850 984.610962 1025.441528 1047.243896 1050.641113 1051.232422 1042.346802 1036.137817 1033.152100 1038.636963 1049.224854 1051.871216 1055.865356 1062.104980 1070.088867 1090.318237 1120.263794 1120.889893 1089.689575 1069.881348 1049.005737 1025.296997 1002.224243 970.349121 945.410828 914.341736 878.593018 845.249084 801.587097 765.004456 715.210449 669.405762
852.832581 810.962646 780.312805 759.198608 758.074219 760.462524 773.288086 767.470337 767.632141 766.170166 762.216187 757.944397 754.509216 753.690308 755.993530 761.932861 768.273132 775.523499 783.269226 792.146606 803.534607 815.102234 816.918518 834.881836 863.273926 892.610046 929.058777 972.797791 1012.821106 1032.695435 1032.185425 1029.423096 1024.333374 1019.055664 1025.238647 1034.748291 1040.911499 1039.083496 1046.981201 1056.939819 1072.040527 1109.156494 1118.662720 1095.185425 1066.268799 1047.003418 1024.600098 997.574768 962.391479 934.651855 904.817200 872.875366 841.116272 810.536804 773.225586 722.658142 673.370972
857.656067 822.152466 757.894714 746.536133 740.388855 729.848816 731.960510 732.679199 721.629944 720.817749 715.792664 709.893494 704.907654 704.013916 707.708740 714.972229 721.666504 728.765198 735.891296 743.041016 750.937988 758.419312 771.956360 776.866211 797.765320 831.379761 867.889343 912.614380 962.455200 1006.269409 1017.216187 1014.393921 1013.945496 1007.228027 1008.089417 1014.314697 1020.510254 1024.484375 1029.695923 1045.572144 1045.395874 1087.071411 1111.048340 1095.375977 1066.496094 1045.830566 1022.890869 993.042725 962.291931 922.887207 893.424500 867.475708 841.186218 818.183838 784.312378 732.610962 676.831848
843.748352 824.545471 773.787048 733.298401 722.222656 709.908386 698.038696 690.443909 687.598633 678.473755 671.476807 663.661072 656.504761 656.508911 661.320190 668.663086 675.908203 681.839050 687.091309 693.496338 696.777344 697.295776 714.929260 730.092407 732.892883 765.389771 803.967102 851.899170 904.407593 957.631287 993.502380 999.048889 995.491760 986.763550 985.517944 990.378418 995.210022 999.062866 1005.796997 1008.059326 1024.015503 1057.896851 1096.919922 1095.819824 1064.872681 1041.929443 1017.757446 988.098999 956.855347 915.000610 884.105713 860.035400 837.888245 818.673401 791.306946 743.956543 687.689331
817.351013 814.696838 791.383667 748.645386 720.467529 704.884277 693.433838 682.338562 670.707153 651.325439 633.067993 628.011658 611.677063 611.219666 613.590881 623.259766 632.301025 636.775879 643.269836 645.698120 660.648071 677.660461 688.431152 686.566895 684.719727 693.509033 741.378357 792.591248 843.487061 897.374573 949.963684 960.999390 957.642029 955.115295 957.747253 963.716736 968.667175 972.893311 974.760742 985.549744 997.983337 1038.996582 1071.918823 1086.398804 1064.838013 1034.851929 1009.570496 980.918457 950.262085 912.874939 878.205078 850.915039 832.135559 818.318726 794.767456 756.720276 702.173157
787.692810 792.416931 784.898621 757.010437 729.033997 709.272217 696.173889 686.070984 675.904297 656.967773 631.982544 620.022766 591.607788 589.241516 586.875183 590.708191 595.549622 606.317322 623.798584 623.021057 622.689392 645.757813 661.838623 668.965393 671.075378 678.142883 692.265259 739.953979 787.279541 834.578491 879.532715 902.521729 911.307739 918.850830 926.672546 935.157471 941.023376 946.584900 955.918091 963.574097 988.946045 1008.388489 1029.693848 1065.941650 1068.657227 1027.604980 999.982605 971.714417 943.658264 912.627625 878.120667 850.964355 833.170715 821.244629 802.966553 768.653381 722.322876
753.576294 753.363464 752.071899 743.724854 731.462402 711.689636 699.326050 688.796997 681.722046 668.249634 650.959473 636.350586 620.880066 600.814026 584.508911 579.636597 584.832031 594.024109 604.980774 608.277344 597.475525 616.910706 637.512451 652.029175 658.908997 663.042358 665.936523 695.824280 739.690125 781.437988 818.586670 850.921814 868.786194 883.190552 895.295349 904.953857 913.212952 926.187195 938.650879 954.725037 970.696899 983.862305 990.987610 1028.374512 1071.340210 1029.663330 997.912476 966.068359 937.045044 912.516785 879.938416 857.368713 838.915649 823.659058 808.565186 779.488159 735.799744
719.659424 714.666138 703.169128 719.077148 721.440002 701.096619 693.870605 685.308533 680.006653 673.611267 662.192200 650.016174 637.357483 624.838257 600.527039 574.764282 570.461426 579.859558 589.359497 593.420349 586.831055 597.971313 626.567810 643.873169 653.466492 652.801025 644.182434 665.264526 701.698914 740.144104 775.489990 809.979736 832.052307 850.331909 865.501709 878.069641 890.145386 907.166565 928.123718 945.980652 956.047241 961.634705 966.597168 1002.763367 1065.932983 1048.405151 1001.829529 963.008179 934.689148 912.538696 883.184265 860.412659 841.259094 823.589478 808.286072 781.122986 746.430908
692.184814 689.666260 686.877197 698.000305 707.108521 692.405884 679.757019 674.146179 668.039917 667.777527 665.216736 657.722900 648.912109 637.526062 622.235229 597.405090 566.158569 564.854797 569.224182 575.226074 578.714783 597.537170 624.503479 638.673523 642.684021 640.495667 634.335388 634.796936 671.895996 710.492798 742.418762 771.730591 800.721130 820.845886 837.696777 852.891479 870.881775 888.790649 914.605225 934.447815 945.010742 951.538269 955.356506 989.157471 1058.630615 1063.265625 1010.080200 964.956970 934.691284 911.804810 889.438293 863.776733 844.870239 827.836914 809.776123 791.208984 752.984558
670.131348 668.898071 676.723877 685.966187 689.627686 676.151184 660.503967 657.213928 651.626831 653.053406 657.153503 658.456238 655.954529 647.518250 632.059143 616.103271 591.909973 557.854675 553.492249 558.336914 568.005310 591.152466 615.770996 628.086670 631.763123 629.141052 622.412354 631.130737 654.706970 691.005493 719.163391 744.803955 774.078796 794.630859 812.031982 828.488342 844.702209 866.129272 894.600952 915.354553 928.203735 936.032898 943.272522 984.601929 1045.054077 1059.473267 1013.553162 969.863525 936.158020 912.937927 890.666382 865.658020 846.356750 830.159546 813.428345 792.958801 756.740173
653.041626 650.819031 663.529358 670.408630 673.359741 667.009521 648.788940 639.058716 633.125610 633.252136 640.044373 648.334900 652.003174 646.811279 639.586182 623.430542 606.487244 585.198853 550.969971 547.961670 554.312988 579.231628 596.128845 611.708069 617.730835 614.116821 621.888184 634.548767 652.459290 676.976135 703.283752 725.573303 751.609741 771.593628 789.096436 806.194702 822.305420 844.453979 872.150452 892.898010 907.479736 922.975159 940.425110 968.607117 1016.803589 1038.878540 1017.471008 969.894470 940.103149 915.510071 892.812073 866.795044 848.482910 831.279175 810.196289 786.236816 744.432556
643.481628 644.345764 649.456055 650.857910 654.751099 655.221252 640.553955 625.294556 618.343079 613.974060 621.685425 632.338440 641.878784 637.983582 634.191345 628.488281 614.722839 597.607483 571.552612 544.953430 541.945129 564.372986 577.373718 594.838135 601.168884 608.107727 619.910583 631.202393 646.544556 666.208008 689.133240 711.240051 733.448669 751.250732 768.632141 785.834656 802.547974 822.578308 851.331482 870.853516 887.508728 906.765564 925.031067 944.168701 984.738220 1012.682129 1006.404785 969.572449 944.698547 919.379150 894.988708 870.314087 844.373840 826.222900 806.362793 781.220276 729.780701
620.174805 633.916382 638.491577 632.649414 633.939331 640.200073 635.655212 616.713013 605.954956 603.023560 607.488831 617.844666 628.664001 628.490417 622.588867 622.466553 617.212219 603.651611 578.738831 552.173035 540.034241 550.715271 561.869690 578.231384 592.817932 607.566650 620.669128 628.538818 639.868713 659.469788 679.043518 696.912598 714.912109 736.690857 749.653137 767.094482 785.121399 803.969116 830.821533 850.475525 866.565918 884.892822 904.135742 919.531433 955.332397 991.673340 997.541260 971.445435 946.963562 921.268738 896.616882 872.263367 845.703430 825.212952 803.061096 775.862488 727.782776
611.771484 625.380432 626.194153 621.324158 622.252869 623.606750 627.674194 614.521729 599.209656 592.374451 597.042786 604.655090 613.836060 614.920715 610.502502 612.306519 612.231018 605.329041 587.055542 555.695862 538.123413 540.328918 549.838135 567.078735 595.576233 615.177917 629.002747 631.741333 637.143372 654.431519 669.463318 682.059204 697.846436 718.078979 734.579895 748.471619 766.894958 785.847778 810.053101 829.704163 847.575623 865.472839 884.310730 903.786011 938.534790 975.909302 992.151794 979.191833 950.066467 924.070251 898.171021 875.122375 850.375000 824.532654 798.889526 770.979675 733.044495
606.413940 621.364258 620.881409 613.560791 611.326172 610.274841 615.676514 611.448059 595.439209 585.336060 585.996094 592.239502 598.031616 599.291626 596.887878 600.335510 603.045837 600.300781 589.285217 560.715271 535.917908 534.201782 547.363831 565.892273 598.177002 621.513550 634.074707 635.867432 636.353333 642.953491 654.509827 664.915710 679.202454 694.848572 715.571167 733.471558 747.541443 766.381042 789.210999 808.563293 828.257324 848.352539 865.815369 881.408447 915.732971 958.587158 983.842407 979.250671 953.601440 927.014160 900.846863 875.850342 854.034485 824.520874 797.309570 768.332458 734.055847
603.870239 618.151917 616.799255 608.653015 603.143372 597.782471 600.294983 603.946411 588.270996 580.068115 578.072815 579.825378 583.251526 584.872009 583.756714 588.956726 592.961731 592.212341 585.846375 566.675293 537.634033 531.329956 544.757019 563.055176 596.946411 616.426331 621.261108 612.374878 610.768250 613.140198 630.127991 643.601379 657.974060 673.601501 694.584656 712.842285 731.443604 746.134033 764.971191 787.857483 806.959534 826.702698 843.609253 855.599243 882.670654 936.171387 968.989807 975.428040 955.807617 931.438660 905.663330 877.917603 854.661865 827.224609 800.187378 768.648254 735.862061
597.793335 614.201660 609.509399 601.592346 596.303467 590.898315 587.067749 592.820496 587.340759 574.822266 573.883545 570.529907 571.099548 573.889465 575.113342 581.052429 584.025513 584.977844 579.766602 563.018250 536.572754 524.392578 542.649292 563.777771 594.183472 610.175354 605.137268 599.483826 595.117676 601.057190 610.688354 619.970215 634.554199 650.369324 671.838013 690.803894 710.519470 730.300049 745.176392 768.218811 786.300842 803.738342 820.142517 834.184326 857.791870 912.447388 949.888245 967.570923 960.412903 936.501770 910.983398 883.698853 857.121277 836.304565 806.720520 774.219238 739.913330
593.460205 610.328857 605.787231 594.856689 589.309692 586.600464 580.874573 576.735657 581.190125 569.980408 570.118164 567.850891 566.371033 566.830872 568.809998 572.960815 575.066650 575.162231 570.000488 553.885559 530.432434 523.559631 546.301025 570.018799 595.964844 606.025330 596.438416 585.506348 581.839844 587.804016 597.982178 599.576050 610.582031 625.571045 644.453003 667.899048 689.149902 710.445496 730.838806 749.881775 767.920715 783.355774 796.837036 807.034912 824.916626 887.924133 925.956360 950.572449 952.624756 937.900146 918.337708 890.014954 863.076721 840.724609 812.782715 780.836914 745.657471
589.502563 605.762329 605.062622 592.908875 584.812195 580.513123 578.261658 573.314697 573.118896 567.853333 565.625671 563.563538 562.241638 562.255859 562.947205 564.908020 567.029785 563.867065 557.062683 543.391968 521.893799 522.726746 549.473022 572.750610 594.712891 596.805481 582.646179 566.211365 562.838501 576.202576 583.133972 578.376648 584.944031 599.348267 618.392883 645.454163 669.031738 692.416992 714.144226 733.791077 751.113708 764.837952 774.491638 778.459412 794.781921 859.764648 905.402527 930.513245 936.924011 928.696899 919.376282 900.844666 871.971130 845.565369 816.712219 785.275818 750.580078
579.704163 587.853516 600.677429 594.022705 585.094727 579.187866 574.967896 570.840576 567.458801 563.317078 560.986389 558.345825 556.874329 557.039001 557.051208 558.615295 559.498230 552.075928 542.378418 530.770264 516.700073 521.731018 551.161804 573.327759 589.177002 589.009827 571.478699 555.423401 550.483582 564.266235 567.614136 559.398560 559.268066 571.607605 592.003540 625.369385 652.398010 676.975403 698.789368 718.238892 738.756836 748.211792 756.731079 760.445496 776.035583 834.053772 888.501648 911.199280 921.571411 918.079407 909.928284 906.132629 883.716003 854.390869 825.878723 789.708130 755.599731
569.893066 572.083618 587.292847 590.170837 583.733337 576.645813 571.669250 566.347107 562.669189 558.195679 554.168030 554.978638 553.415894 553.446350 553.069214 553.625854 550.296692 538.766541 527.649658 517.989197 514.257568 528.833374 552.920471 570.647522 580.217407 576.642151 562.210327 545.059814 542.710205 554.112976 553.591736 545.845947 547.288940 558.222412 569.004578 602.340332 640.278870 664.290649 684.653198 703.016357 722.558899 736.956177 743.838135 752.045044 763.904358 814.219971 870.313354 888.582214 899.835693 902.185059 897.644165 904.443970 893.763000 863.311829 832.804504 795.237854 760.391541
562.474731 558.994385 569.527344 578.359680 578.584167 572.990417 567.910706 562.947144 558.544861 554.242004 551.815857 551.483765 551.942078 550.994080 549.687073 549.989441 546.524109 529.243347 515.911560 509.372498 511.815033 531.676392 550.499023 558.738403 566.279236 563.511780 550.138306 538.004883 531.272766 541.290344 534.047546 536.687744 544.328552 559.265503 578.676819 602.280518 632.829956 654.999329 673.855347 689.826477 705.304993 723.783203 735.660950 746.011353 763.664307 797.043884 847.130493 864.502380 873.652283 876.775696 878.234253 898.166687 899.807251 870.664124 837.489624 800.080261 769.016113
553.785461 551.355896 554.029419 556.262512 569.803833 570.108521 565.360596 560.910400 555.966370 552.462708 550.479187 549.506775 550.798218 550.439941 549.266724 548.095276 542.524963 522.265930 505.379913 503.859924 518.748779 528.587952 538.176941 541.593628 549.051147 549.848267 541.188354 526.969849 518.709106 528.001282 531.407410 539.327881 549.821289 564.512146 581.637085 601.863525 628.896851 649.558960 667.105713 680.300537 692.085327 711.967896 726.258423 741.493835 759.693054 788.941650 825.400208 844.055420 855.375061 862.929260 874.186340 890.191040 902.001038 878.558777 843.985168 807.966980 775.223145
