WMS/Iao_WMS_v1/Iao_v1_GridDefined_20m.ele
north: 2312584.859596
south: 2308404.859596
east: 756023.352194
west: 750483.352194
rows: 209
cols: 277
[rows 100 to 124 of 209, columns 171 to 227 of 277]
434.619324 439.299500 444.443054 450.001678 459.179718 467.985779 469.777954 469.173584 468.857697 467.431458 464.382111 462.889923 461.077850 457.202820 461.495453 464.139282 465.218079 465.094910 465.731659 466.731171 465.697205 463.883057 461.567657 457.685913 451.915100 442.021484 431.673981 421.746704 411.661163 400.717285 390.511749 383.106628 378.759003 374.205505 369.867218 367.011444 363.643127 359.254639 353.701141 347.024475 341.391449 333.912628 321.321808 323.412781 328.203186 332.449036 335.140381 340.578064 344.076141 350.769287 351.633118 357.680298 364.769196 371.105072 376.888184 379.902069 380.572327
423.685394 428.532654 432.681671 436.348877 439.686554 456.004486 467.655273 468.214783 467.807434 466.651947 462.761932 459.444092 456.708984 453.815247 455.591797 459.874908 462.304657 464.410858 465.368103 464.829590 459.978699 455.961121 453.806152 448.046692 446.695160 440.387878 428.446289 416.914764 407.162689 398.138916 388.512146 381.469299 375.387329 370.302124 368.146057 365.737335 361.131165 356.324249 349.486511 342.116028 336.414001 331.364807 321.332123 328.147827 336.491913 341.186737 345.015106 356.101013 362.365723 364.394226 373.244324 387.587372 391.328888 395.094025 406.135315 406.509186 404.694977
413.083282 411.767090 420.408447 421.383301 417.944153 416.646576 461.257111 466.290924 466.799164 465.971039 462.914307 458.090149 453.523132 448.332214 446.707733 452.153442 456.678162 460.703278 460.421906 456.496185 448.089172 440.811066 436.140198 433.144867 425.925568 428.792297 422.715881 413.348999 402.157196 392.445679 383.525696 377.985352 373.084229 367.578033 364.516083 364.464417 360.394623 354.506165 347.725128 342.308197 336.346039 328.932648 321.342468 333.645477 345.072662 350.195129 350.537262 362.673553 372.657104 370.601135 379.589294 417.673584 428.586151 431.407379 429.665405 436.652161 431.699341
418.104218 410.450897 407.430756 408.053101 405.196960 407.233002 447.218872 461.339905 464.091522 464.878418 462.989990 458.983704 453.393738 446.197418 440.534607 442.975342 447.644287 451.898254 448.928619 441.064545 433.696167 424.240295 417.701843 413.633820 411.847473 406.313416 403.226624 400.397766 393.672668 385.762573 377.271759 371.712402 367.829071 365.247833 364.306610 364.457336 359.900604 352.806122 346.672760 341.320221 335.157440 326.094208 321.352783 337.495575 357.834869 365.798340 364.735107 362.973236 368.379028 375.703491 395.518341 438.589355 452.972687 461.921967 461.436707 456.932312 454.866302
426.801666 417.553040 404.176483 402.779480 404.141205 410.064484 427.764618 447.989746 455.906097 459.670135 460.829987 458.642975 453.128723 444.707184 434.220306 431.356476 434.089783 437.990540 435.212463 426.940643 418.031158 408.274353 401.197937 392.703339 383.563507 385.843262 377.560516 370.998901 374.070007 371.897125 367.822113 362.770844 359.448242 358.059845 359.026031 361.886993 357.606812 350.810028 344.727203 338.061340 329.219849 324.520599 321.363098 354.303680 376.815308 381.595154 380.915009 379.931213 385.842926 395.609619 418.550598 445.108948 459.327911 467.812042 469.628723 466.417328 462.427521
437.423004 423.849792 410.967010 402.045227 401.902557 412.493317 420.835938 428.947144 438.069794 444.774261 448.955566 450.887054 449.148987 443.554565 434.889740 425.419830 422.734100 421.064880 420.831329 412.508240 402.950867 393.756165 385.247406 377.706848 371.495972 364.366577 358.701630 359.324341 352.368378 354.918823 352.616547 351.408203 350.240509 350.925964 353.399139 354.295135 351.504944 347.181580 340.810913 331.744720 331.611725 330.243652 321.373413 364.501923 392.316498 397.675171 397.683716 397.207916 402.187378 411.837036 428.813568 445.340576 456.671814 464.215393 467.854828 467.576477 466.168365
449.203094 437.067871 422.539154 407.969238 401.759888 406.866425 411.644989 415.091522 419.229858 425.466553 431.216797 434.448090 437.589233 436.297577 434.049744 426.906403 414.024475 407.594360 405.190033 398.155823 390.050385 383.292206 374.617096 366.366913 357.803528 356.962616 356.121674 352.133484 348.291107 347.320953 345.727509 343.000366 341.989838 340.979279 342.743042 344.177887 334.907745 333.770203 333.095032 332.419891 348.051086 335.894318 325.660339 375.783295 408.999969 414.887390 408.668335 403.918274 409.386353 418.064087 430.131866 444.479095 453.911530 460.978302 465.448914 467.754211 468.244385
456.359131 445.971924 432.830444 416.093353 401.617218 401.474548 399.975616 406.619415 408.508789 411.422180 415.694305 418.606445 421.990875 425.880432 427.109741 424.503723 417.665436 405.398560 394.925201 386.140686 378.767212 373.364014 363.104309 362.177124 359.990326 369.367340 368.229736 365.512817 363.566833 362.582825 361.207184 350.558685 343.313843 339.968750 338.302948 337.182800 336.045258 342.463226 353.809601 356.085541 362.596527 359.715790 361.280243 411.869812 420.360626 429.712128 421.603577 417.368561 419.303162 422.403259 431.174591 443.232483 451.835083 458.863708 464.212585 468.134338 470.511444
458.623505 450.071899 438.546143 424.313202 413.360138 402.973480 398.476685 396.570648 400.083740 401.509918 404.714020 405.508881 407.571472 414.091492 418.070984 418.596191 413.813019 407.448914 393.160645 380.904846 371.597626 366.176544 364.031464 371.971466 378.546478 380.579437 382.461060 381.470428 377.050018 371.173218 365.672791 356.939484 345.365601 344.986755 347.024963 346.413574 347.057465 357.807159 365.460876 368.754364 372.522247 385.157990 418.717407 443.389526 443.832825 440.722534 435.062897 433.629181 430.239319 427.620453 432.336761 442.402954 450.747681 458.254639 464.729034 470.166107 474.217468
458.410126 450.824738 440.329132 431.709259 421.503723 410.984802 400.382751 394.664581 392.413422 391.058380 390.273315 399.474823 400.957581 403.180664 407.702972 409.208313 406.831726 401.296814 390.577850 379.979553 370.219574 368.321594 374.469482 384.578918 392.071198 395.545471 393.397614 385.451843 373.693542 365.905914 359.501617 352.257660 348.286133 355.074127 356.386688 355.133545 355.539948 365.029602 370.940369 369.277710 369.801025 407.220581 435.706818 449.005249 456.015350 455.027557 448.662781 445.986786 439.004456 432.476929 432.696014 440.176941 450.882294 459.369202 467.163788 474.137878 479.506073
458.977386 452.716644 444.077515 435.347565 426.934143 418.741486 410.772797 402.594391 392.511108 391.843475 389.488220 388.703125 387.918030 387.132965 396.678711 399.520691 399.394836 396.216614 387.172821 372.345581 372.117584 374.015564 389.700317 401.422058 406.303894 403.044678 391.808624 376.898285 360.224487 353.400330 353.019440 352.638550 358.879730 364.280762 364.214661 360.322540 364.729218 370.342468 375.316895 375.782776 370.324371 417.971313 438.360138 453.758331 462.000610 468.999146 466.706635 454.394440 441.911469 433.445587 434.414246 440.524963 452.566620 462.273712 471.485168 480.073059 487.260406
459.773224 455.612061 448.331177 438.632904 429.712860 423.135284 418.364685 413.679718 406.408783 393.666870 392.825745 391.984619 389.079224 386.347870 387.833069 390.772675 391.939453 389.485077 384.511536 372.573578 373.126556 396.247131 407.618042 412.397339 409.408386 398.285187 383.012848 366.965088 356.830414 355.115356 361.058258 364.350708 367.127991 368.803650 369.275299 368.112213 372.227051 376.158051 385.914398 391.859406 406.912262 426.530823 441.524384 456.405212 471.777679 483.578583 481.118317 467.001770 448.226471 438.429260 436.132507 443.108246 454.765625 466.966034 477.713837 487.986328 497.432648
458.864563 456.254791 450.589905 442.252869 434.326050 429.069366 426.996246 425.112335 420.380341 410.978333 402.454193 397.149170 391.810577 384.787689 379.411865 378.177338 382.281372 373.257568 373.029572 372.801575 403.093689 416.480713 417.494293 413.200623 401.881104 388.733398 374.835510 359.538361 358.545441 367.819305 372.861389 374.659241 375.212708 375.415009 373.265717 374.004028 377.800690 383.090729 393.723755 409.504272 424.481110 435.678711 446.145050 460.306396 479.577759 499.735992 497.830688 478.621429 460.634216 448.632874 442.726257 444.664703 456.620239 473.092804 485.801605 498.113831 510.155884
458.265411 456.041718 452.064392 447.276917 442.755768 437.703827 440.496033 437.897430 433.179199 426.620880 417.226715 411.084595 404.759979 398.211060 391.183441 376.942841 375.708313 373.485565 381.384033 406.731842 419.098724 424.220245 419.159790 408.756439 392.172058 380.029938 369.946350 360.531311 365.820374 378.828339 385.573639 386.048218 384.565765 382.819183 378.543945 378.823090 383.265045 389.663544 398.545258 411.277618 429.497559 442.384918 448.346558 460.636841 479.729980 500.474945 502.591675 485.730438 463.279602 448.469208 444.781464 446.836670 459.205597 480.665436 496.004364 510.819336 525.428833
458.620697 455.915070 453.776733 452.498749 451.636719 450.411591 449.404755 447.510590 443.629730 439.128937 432.197021 424.483856 417.454773 410.798462 403.954529 398.440979 395.641510 404.422821 413.328979 421.484070 426.707397 425.055023 417.214569 403.760620 388.039581 375.340393 367.295776 361.524231 373.413910 390.091736 394.766937 394.424377 391.540466 388.457245 384.689087 383.701324 386.224487 395.884674 404.087677 419.830109 433.847961 445.950195 446.785309 451.441254 472.182312 490.783447 492.244415 479.682922 460.460876 447.239960 446.010712 452.497253 464.917908 489.148041 509.033020 526.236206 543.094116
457.940521 455.235992 454.339417 454.884094 456.470581 456.538849 454.013733 450.305298 447.059540 444.126984 439.920959 433.951782 428.412811 423.782959 419.159790 416.048401 415.836029 414.271240 412.974030 418.353760 423.767578 421.715851 412.809937 396.888153 382.146576 370.881989 365.874634 363.904755 380.944641 396.694672 401.910583 400.537506 396.817871 393.387573 389.443420 388.787903 391.722534 400.454590 407.749542 424.537415 442.311371 452.421326 448.337280 449.889282 471.113617 495.268494 493.953033 479.765839 462.081848 452.137878 452.758575 459.134369 475.859558 501.672974 525.278442 544.279114 563.024902
452.388885 450.718994 452.001282 454.545349 457.017944 456.548248 451.603088 446.298828 442.677643 437.092987 435.370667 431.156769 427.265289 423.886841 419.776825 414.431091 407.766876 402.606537 399.349701 398.285858 407.385315 409.579407 402.041870 390.122559 375.427063 367.489044 366.826599 371.164063 390.964355 404.353668 409.010864 406.341309 401.755951 398.018036 393.632019 394.533600 398.580231 409.270691 417.648224 429.573608 447.549072 462.701691 464.604767 466.007629 482.454834 503.949097 502.885254 489.660950 472.629883 459.839386 466.823151 478.864716 497.080566 517.987061 548.525452 570.970703 591.857910
442.101593 441.176422 442.913940 447.074524 451.810455 451.755554 445.332794 437.500916 430.617462 426.616425 421.647095 420.753174 417.499542 412.940155 406.387329 399.516510 393.300110 389.034668 385.333344 384.495911 387.789551 387.138824 387.780060 381.898468 372.080688 370.877075 381.251709 391.468842 394.910034 404.936646 411.682587 410.554688 406.622711 403.469757 399.700806 400.689484 405.657440 419.750153 430.651337 439.608307 455.105743 471.205200 479.239532 484.551453 504.831604 519.291077 512.714172 497.316986 479.430206 472.157501 480.018585 501.961029 522.104370 543.323181 567.279297 599.345642 624.181580
427.570374 426.448700 426.210236 427.806335 435.957672 440.206818 436.401001 427.288147 420.451477 414.824585 414.120331 410.621796 407.989685 402.217804 394.432404 388.468750 384.267731 382.142303 382.128448 382.114594 382.056580 380.700165 376.791504 375.324402 373.444336 382.635498 397.738159 404.182831 398.252228 401.594452 409.652802 412.738739 411.969788 409.993561 405.933563 407.611755 415.640808 425.709808 437.921356 447.308289 457.264099 473.490356 489.910065 510.168793 535.449890 536.720032 520.772278 506.522736 492.967346 494.177460 510.106537 528.717957 549.130371 570.648865 593.481262 623.154663 649.557068
420.337616 418.440430 416.483063 414.852051 414.375275 422.055115 421.639679 416.583832 412.818237 408.557739 406.377319 404.645538 398.188904 392.144897 390.919525 389.694122 389.079865 386.960266 388.879120 391.478455 390.036224 382.847565 378.258606 379.725708 391.618408 397.175659 405.279633 411.817749 412.576843 411.284851 410.388367 412.634521 416.941833 419.778229 421.070740 420.850769 424.148346 436.645660 446.991364 451.532257 459.390381 479.662109 500.767883 524.009155 544.665955 541.643799 520.827820 514.081665 516.686707 524.854309 540.932434 558.338135 577.740601 598.866760 621.694214 651.561829 677.209839
416.758667 414.264526 412.324585 410.742035 409.225708 408.913727 408.451233 405.958801 405.446594 403.521759 401.748688 395.018463 393.607178 392.455139 393.716766 400.858551 401.202789 395.242523 400.003967 404.457550 401.905609 397.108948 398.418091 401.879913 406.711639 407.837860 409.507202 412.702454 417.063385 418.356140 416.697937 414.792145 420.907684 430.745728 436.683197 439.369965 443.111633 454.154236 463.018738 464.450653 470.922150 489.352722 507.051941 526.688599 541.263489 542.788208 530.926575 536.394714 544.977722 555.458923 568.635010 588.249939 606.666260 626.909912 649.040161 676.755615 702.718811
426.100525 421.886932 418.676422 417.448303 416.347015 413.399628 408.459930 406.319336 403.171753 398.739777 397.841034 396.429749 402.544830 410.341614 416.433411 417.674927 414.697205 406.404327 413.089905 419.836975 418.081299 414.816101 415.224335 418.435791 420.909790 419.111023 412.867950 414.099121 415.495819 421.777100 423.300568 420.755310 425.420990 437.449158 450.345337 458.325378 461.692749 467.819244 473.671265 475.063660 481.261810 498.103088 513.604431 528.933777 541.211731 552.050903 558.808350 567.135620 576.074341 586.519592 599.108643 617.598633 634.873657 653.982605 674.992859 697.271362 725.571899
434.988525 431.947540 433.811035 431.220337 427.625214 424.098053 419.839630 414.433960 406.201355 402.785065 403.524109 398.724945 425.921814 425.614655 426.833435 428.776764 422.949646 414.014191 423.655731 431.897156 429.534637 426.632721 427.105560 428.390045 430.885925 429.751495 418.173401 418.047485 416.892487 422.750061 427.714417 428.444550 434.194061 442.323517 457.831512 471.565826 475.995972 479.793732 480.987579 479.881073 488.870270 503.297424 521.717712 535.176392 547.723328 561.593628 577.921936 593.355713 604.590393 616.085999 628.280762 645.610962 661.756958 679.693542 699.416992 720.298340 746.704956
438.270630 443.880676 446.721191 442.648438 438.572205 435.438110 431.319000 424.483704 415.292847 412.464813 420.245972 401.020172 403.315369 405.610565 407.905792 410.200989 424.761993 419.408936 432.871979 437.788574 435.642426 434.073364 435.011505 436.284149 439.025146 437.928040 431.002106 421.509460 417.691437 419.191803 428.619781 433.296143 440.366852 449.468597 460.422119 472.346161 480.771179 490.309601 494.182800 492.685608 496.970398 510.966949 531.587097 545.555664 556.269043 565.873047 584.560669 610.244080 628.082336 643.398438 655.796021 668.587097 686.813110 703.684082 722.269836 742.028564 763.121887
442.338959 450.557404 453.517242 449.280121 445.604370 443.838440 441.378906 434.914795 427.353119 422.547180 428.482361 439.773621 442.321747 438.077850 436.966614 412.496185 424.100037 423.010315 436.940521 440.333649 440.777069 440.105255 440.437500 442.742249 445.025299 444.011292 440.028992 432.968079 422.192566 420.692200 426.343231 433.904846 439.207336 453.506348 459.735107 470.183777 480.529083 492.752747 504.149078 505.677612 507.983215 521.457642 541.558716 554.342163 561.504761 569.317322 590.883362 619.879272 644.324463 665.897888 681.182312 692.377625 709.021423 725.260925 743.376343 762.731995 782.322205
