WMS/Iao_WMS_v1/Iao_v1_GridDefined_20m.ele
north: 2312584.859596
south: 2308404.859596
east: 756023.352194
west: 750483.352194
rows: 209
cols: 277
[rows 175 to 199 of 209, columns 114 to 170 of 277]
845.395996 833.548523 818.787476 804.025330 790.331665 781.007751 775.252197 766.107483 755.640503 748.403625 736.586060 726.730347 724.091370 729.603516 738.048340 750.224182 764.458496 774.143921 778.955444 784.125610 789.482910 793.520935 800.786865 805.378418 811.467529 810.780151 806.863953 806.126770 809.678223 817.979248 818.350952 833.267700 837.427734 845.505188 859.336243 890.642883 917.707153 945.872498 976.357605 1008.351196 1047.667847 1070.023438 1069.858643 1061.936890 1034.917847 1011.876038 990.133850 966.137817 934.903198 895.461731 865.042542 836.613220 808.945435 785.402893 784.236572 786.859985 787.464172
848.976990 831.502380 815.958374 800.541260 786.845764 785.002930 780.064392 768.959839 759.655762 751.961304 741.275208 732.452881 731.175415 733.593262 741.431580 755.354492 772.369934 782.736633 788.326172 794.413452 805.031189 806.737854 814.836609 827.668335 834.238464 829.301270 827.010742 823.539978 823.864868 827.054993 820.647339 822.943665 825.239990 835.195679 860.897400 896.008667 921.709106 946.206909 974.363098 1006.164124 1050.593994 1076.290649 1082.988281 1081.520142 1058.800903 1016.133667 985.235413 955.024536 920.418396 894.343201 869.812073 846.534729 813.103027 807.199280 810.778687 809.420227 808.912659
848.653809 831.251038 812.821289 797.951538 788.839661 792.211731 784.460266 772.526428 762.365967 754.766907 746.002014 739.470337 739.598816 740.350220 746.432800 760.533997 779.258362 791.650452 800.534973 803.558533 820.134705 826.336731 834.859192 846.359619 865.773560 875.820129 864.572083 846.962219 838.055176 837.441772 837.194763 831.985291 827.536316 839.246277 869.610535 901.776306 928.172363 952.698364 978.212891 1007.838684 1050.890747 1080.236206 1089.901611 1091.471191 1076.504639 1020.401611 977.838135 943.601929 912.614807 899.537109 881.703979 864.729065 848.493835 839.980469 835.652161 830.843384 828.021301
843.608154 826.453247 808.172485 796.481934 795.040344 799.341492 792.277039 777.957947 766.952820 757.533203 750.956177 749.173889 748.104797 746.865906 755.631104 770.767212 785.670715 798.997986 813.146973 820.962769 834.072083 845.376282 856.261169 869.164612 886.641724 909.064087 900.640503 881.062805 867.218201 859.014038 853.396545 843.396973 842.302979 859.978821 882.868286 905.435852 932.692810 955.136597 978.371033 1004.788147 1039.291016 1066.382568 0.000000 0.000000 0.000000 0.000000 0.000000 0.000000 0.000000 0.000000 0.000000 0.000000 862.001709 854.014771 846.553223 840.882568 841.546082
839.100830 817.671265 803.718140 800.100037 806.768127 808.199463 799.493713 784.691223 771.926941 760.413391 753.680664 756.775269 756.779846 752.630859 765.162903 782.142761 793.587158 807.205444 824.422913 837.914246 849.038940 860.128967 878.010254 889.119751 901.853333 916.882813 918.211731 905.721313 895.112000 887.051636 879.882446 869.918518 874.534424 884.796021 898.764160 905.903687 935.724670 954.558960 974.252502 995.948120 1019.205261 1041.346802 0.000000 0.000000 0.000000 0.000000 0.000000 0.000000 0.000000 0.000000 0.000000 0.000000 0.000000 0.000000 0.000000 0.000000 0.000000
837.053223 817.132324 807.336243 812.592529 817.872742 815.446228 805.631653 790.229370 779.391602 768.691162 762.124146 761.826172 764.838440 765.737976 775.860107 788.907227 804.110718 820.839966 834.550781 848.686584 862.052063 878.292908 893.611206 904.396301 915.432312 926.558777 929.046387 927.059509 921.358154 915.982544 917.057434 913.376160 908.510620 909.250122 906.839355 906.371521 937.348633 951.822754 967.414185 984.008179 1000.226257 1016.183411 0.000000 0.000000 0.000000 0.000000 0.000000 0.000000 0.000000 0.000000 0.000000 0.000000 0.000000 0.000000 0.000000 0.000000 0.000000
834.275146 819.723755 814.083923 823.390259 829.229980 826.894836 817.596130 803.693970 787.177063 774.908569 768.787231 768.698059 770.716492 769.720215 780.110107 789.594971 811.252686 829.156494 844.128601 857.755737 875.079956 894.395630 908.498779 917.375122 929.082214 941.107422 947.217163 946.302002 948.812256 949.252197 961.810974 955.993042 939.113159 930.166443 907.307190 907.775024 935.183533 947.038635 958.738708 970.921509 981.643860 989.459961 0.000000 0.000000 0.000000 0.000000 0.000000 0.000000 0.000000 0.000000 0.000000 0.000000 0.000000 0.000000 0.000000 0.000000 0.000000
835.565308 823.950806 826.702576 836.354614 842.156494 839.074402 828.478149 811.430969 798.006348 786.704346 777.812866 775.308105 778.445374 777.980713 784.327087 793.297974 807.471863 825.563416 852.852905 866.770874 884.105774 904.986145 922.234680 928.311035 940.383179 956.574097 967.540955 972.316223 974.276611 984.648376 997.779541 989.840027 963.257080 944.899536 934.369751 908.242798 932.942383 940.617554 949.222168 958.249817 965.024231 968.706909 0.000000 0.000000 0.000000 0.000000 0.000000 0.000000 0.000000 0.000000 0.000000 0.000000 0.000000 0.000000 0.000000 0.000000 0.000000
841.159119 837.566162 842.964050 848.427002 853.799927 848.776733 838.356750 825.288574 813.223938 799.483887 785.960327 783.307190 786.232178 783.857483 789.929077 800.857361 809.587891 824.626648 853.193420 869.555237 886.310913 903.990662 918.292542 927.871399 946.927612 967.822083 984.461243 994.933289 1004.228882 1011.250793 1016.029053 1009.453857 981.285095 956.311096 936.025879 908.710632 909.178467 932.692322 939.528503 946.518127 950.261841 951.511780 953.966492 0.000000 0.000000 0.000000 0.000000 0.000000 0.000000 0.000000 0.000000 0.000000 0.000000 0.000000 0.000000 0.000000 0.000000
853.917480 856.409485 859.362976 863.916809 867.214417 861.966980 853.984863 841.148499 826.838440 807.571716 794.224915 791.974060 793.427795 789.855835 795.871582 805.192261 814.437439 830.654541 856.318481 873.430847 885.904907 902.469543 916.961365 936.148926 954.317688 978.075012 999.860840 1017.170227 1031.134155 1034.778442 1030.573242 1019.383484 997.361023 970.840820 949.922485 929.860229 909.646301 910.114136 928.005981 934.392761 937.060181 935.549255 939.808838 0.000000 0.000000 0.000000 0.000000 0.000000 0.000000 0.000000 0.000000 0.000000 0.000000 0.000000 0.000000 0.000000 0.000000
868.320496 870.942017 878.070496 880.854736 883.633789 876.315857 865.703064 847.471741 830.244141 812.669189 805.936768 801.175537 797.852173 797.559143 801.774292 807.760498 818.737671 840.015686 860.107910 884.124878 902.097717 920.987610 938.585266 952.486206 967.293823 985.521667 1011.703857 1037.504150 1055.544312 1057.546509 1050.041626 1033.965698 1013.350708 985.177856 962.403442 941.590027 922.052124 910.581970 911.049805 920.788818 929.343994 934.034302 939.850098 0.000000 0.000000 0.000000 0.000000 0.000000 0.000000 0.000000 0.000000 0.000000 0.000000 0.000000 0.000000 0.000000 0.000000
887.435059 889.459595 892.558655 900.051208 895.175171 880.255737 862.023682 844.839478 830.908569 824.316711 818.340820 809.637146 804.754333 808.941528 814.062317 818.372070 830.395874 848.209045 869.368835 897.036438 918.980713 940.465454 959.547424 974.861755 990.374207 1003.597778 1027.658325 1055.895386 1077.608154 1085.483887 1076.984497 1059.065063 1030.230225 997.463379 971.459656 949.939575 940.249817 935.932190 931.878540 931.152161 935.120422 947.072144 959.449890 0.000000 0.000000 0.000000 0.000000 0.000000 0.000000 0.000000 0.000000 0.000000 0.000000 0.000000 0.000000 0.000000 0.000000
910.836243 911.706909 914.221863 911.342468 898.306519 878.362610 860.668579 850.274902 842.381897 836.051086 826.741516 819.352173 818.863342 822.684509 824.640747 829.981445 842.114685 859.772766 880.375610 909.213989 934.794373 957.759277 978.780640 997.530334 1019.050903 1043.712524 1069.436768 1080.667236 1111.517700 1118.094604 1102.656738 1077.389771 1041.401733 1005.787537 969.917908 963.447876 957.190613 952.883850 950.553040 952.006287 957.606506 967.948730 983.756531 0.000000 0.000000 0.000000 0.000000 0.000000 0.000000 0.000000 0.000000 0.000000 0.000000 0.000000 0.000000 0.000000 0.000000
932.817383 936.507690 933.996521 919.441345 899.131958 883.784607 870.251892 860.639221 853.540161 843.705627 833.276489 829.586853 832.447021 835.000183 835.131653 840.150391 855.216919 873.805969 894.469666 917.132141 948.129517 973.446899 996.445862 1018.032104 1039.081543 1065.528809 1089.215820 1106.565430 1131.611816 1127.173706 1101.577759 1072.793457 1041.536499 1012.972717 987.182434 975.096008 970.166016 965.332214 963.979004 968.021729 975.578308 986.485291 1002.593201 1019.387207 0.000000 0.000000 0.000000 0.000000 0.000000 0.000000 0.000000 0.000000 0.000000 0.000000 0.000000 0.000000 0.000000
952.204895 954.942078 947.412170 926.813904 907.948975 894.769653 883.211060 873.032593 863.561768 853.275757 846.087097 847.330627 847.722961 848.087402 847.177246 853.568298 876.806458 892.661316 910.380188 931.749390 960.507202 985.961060 1012.498108 1035.529175 1055.670654 1079.372314 1098.156982 1114.169189 1124.624390 1115.435791 1085.760620 1061.620850 1038.221069 1016.991150 998.764587 985.053467 976.802002 973.325562 972.693420 978.033752 986.276367 998.136108 1014.767700 0.000000 0.000000 0.000000 0.000000 0.000000 0.000000 0.000000 0.000000 0.000000 0.000000 0.000000 0.000000 0.000000 0.000000
0.000000 955.076355 950.865479 939.636292 923.641846 909.324768 896.372864 883.112061 872.646179 862.281006 861.685425 860.785034 861.608704 862.187012 862.073547 878.880432 898.215515 909.271667 925.063660 945.396240 972.153320 998.746643 1023.884888 1050.687622 1071.753418 1093.299316 1106.907959 1117.044067 0.000000 1099.117554 1072.498535 1052.366211 1033.650391 1016.936035 1003.099609 989.932983 981.793457 976.937439 976.965027 980.178650 988.464783 998.323364 0.000000 0.000000 0.000000 0.000000 0.000000 0.000000 0.000000 0.000000 0.000000 0.000000 0.000000 0.000000 0.000000 0.000000 0.000000
0.000000 0.000000 954.853027 953.501892 942.867920 928.554016 912.898010 893.428101 879.507446 870.825256 876.859558 873.320313 875.489075 877.531860 886.736755 898.590271 907.188354 919.450195 936.855042 957.392456 980.681824 1011.785400 1037.446411 1061.669678 1087.612549 1105.368164 1115.374023 0.000000 0.000000 0.000000 0.000000 1045.184082 1028.902954 1014.479858 1002.588623 990.929626 983.481628 978.939148 977.792725 0.000000 0.000000 0.000000 0.000000 0.000000 0.000000 0.000000 0.000000 0.000000 0.000000 0.000000 0.000000 0.000000 0.000000 0.000000 0.000000 0.000000 0.000000
0.000000 0.000000 0.000000 963.465881 960.405396 946.282959 930.284180 906.783386 889.706055 878.949219 891.866394 885.652649 888.618530 898.192505 906.985413 908.822510 914.646301 928.157227 946.529846 967.916321 991.975525 1023.592896 1049.806763 1075.405396 1099.291504 1117.280273 1121.878296 0.000000 0.000000 0.000000 0.000000 0.000000 0.000000 0.000000 0.000000 0.000000 0.000000 0.000000 0.000000 0.000000 0.000000 0.000000 0.000000 0.000000 0.000000 0.000000 0.000000 0.000000 0.000000 0.000000 0.000000 0.000000 0.000000 0.000000 0.000000 0.000000 0.000000
0.000000 0.000000 0.000000 0.000000 0.000000 964.369995 946.807556 923.574768 905.765381 887.351074 901.795166 901.995178 890.562134 892.505798 914.522949 913.756775 920.011108 935.607422 954.402832 976.721863 1001.491882 1033.681641 1060.799072 1087.781982 1111.755127 1125.513550 0.000000 0.000000 0.000000 0.000000 0.000000 0.000000 0.000000 0.000000 0.000000 0.000000 0.000000 0.000000 0.000000 0.000000 0.000000 0.000000 0.000000 0.000000 0.000000 0.000000 0.000000 0.000000 0.000000 0.000000 0.000000 0.000000 0.000000 0.000000 0.000000 0.000000 0.000000
0.000000 0.000000 0.000000 0.000000 0.000000 972.198853 958.999268 946.287354 923.114624 903.822266 906.767944 898.336670 896.393066 894.449402 915.411377 917.488525 924.071777 939.568115 959.588074 983.051636 1008.674255 1035.763306 1070.031006 1098.175293 1121.453125 1131.826050 0.000000 0.000000 0.000000 0.000000 0.000000 0.000000 0.000000 0.000000 0.000000 0.000000 0.000000 0.000000 0.000000 0.000000 0.000000 0.000000 0.000000 0.000000 0.000000 0.000000 0.000000 0.000000 0.000000 0.000000 0.000000 0.000000 0.000000 0.000000 0.000000 0.000000 0.000000
0.000000 0.000000 0.000000 0.000000 0.000000 0.000000 968.827393 958.567566 937.308289 912.659302 909.713623 900.280334 902.223999 913.047302 914.304504 919.014404 926.832703 939.817505 962.034180 987.160400 1014.145569 1041.827393 1077.152832 1105.334473 1128.298096 0.000000 0.000000 0.000000 0.000000 0.000000 0.000000 0.000000 0.000000 0.000000 0.000000 0.000000 0.000000 0.000000 0.000000 0.000000 0.000000 0.000000 0.000000 0.000000 0.000000 0.000000 0.000000 0.000000 0.000000 0.000000 0.000000 0.000000 0.000000 0.000000 0.000000 0.000000 0.000000
0.000000 0.000000 0.000000 0.000000 0.000000 0.000000 969.107910 966.995300 952.143860 936.797729 926.976074 923.436768 904.167603 909.998535 911.942139 919.336243 929.284729 939.533020 963.248047 990.839172 1020.091125 1048.160522 1078.500000 1107.590942 1127.718262 0.000000 0.000000 0.000000 0.000000 0.000000 0.000000 0.000000 0.000000 0.000000 0.000000 0.000000 0.000000 0.000000 0.000000 0.000000 0.000000 0.000000 0.000000 0.000000 0.000000 0.000000 0.000000 0.000000 0.000000 0.000000 0.000000 0.000000 0.000000 0.000000 0.000000 0.000000 0.000000
0.000000 0.000000 0.000000 0.000000 0.000000 0.000000 0.000000 977.384033 971.491089 955.503174 942.552917 934.541138 906.111267 908.054871 917.399658 919.089844 931.961426 944.191162 966.140686 997.151672 1029.898315 1058.318115 1084.122314 1112.508789 0.000000 0.000000 0.000000 0.000000 0.000000 0.000000 0.000000 0.000000 0.000000 0.000000 0.000000 0.000000 0.000000 0.000000 0.000000 0.000000 0.000000 0.000000 0.000000 0.000000 0.000000 0.000000 0.000000 0.000000 0.000000 0.000000 0.000000 0.000000 0.000000 0.000000 0.000000 0.000000 0.000000
0.000000 0.000000 0.000000 0.000000 0.000000 0.000000 0.000000 990.912842 989.744385 964.712219 948.578979 940.871765 934.992493 930.901245 928.523682 926.838989 934.873413 950.118164 973.251099 1008.854248 1047.021484 1081.625244 1108.083496 1130.304321 0.000000 0.000000 0.000000 0.000000 0.000000 0.000000 0.000000 0.000000 0.000000 0.000000 0.000000 0.000000 0.000000 0.000000 0.000000 0.000000 0.000000 0.000000 0.000000 0.000000 0.000000 0.000000 0.000000 0.000000 0.000000 0.000000 0.000000 0.000000 0.000000 0.000000 0.000000 0.000000 0.000000
0.000000 0.000000 0.000000 0.000000 0.000000 0.000000 0.000000 0.000000 1004.291504 983.558899 950.881165 948.835754 942.873413 936.098877 938.176331 938.495544 939.264526 956.464844 977.601624 1023.775085 1067.495605 1113.951782 1139.874390 0.000000 0.000000 0.000000 0.000000 0.000000 0.000000 0.000000 0.000000 0.000000 0.000000 0.000000 0.000000 0.000000 0.000000 0.000000 0.000000 0.000000 0.000000 0.000000 0.000000 0.000000 0.000000 0.000000 0.000000 0.000000 0.000000 0.000000 0.000000 0.000000 0.000000 0.000000 0.000000 0.000000 0.000000
