WMS/Iao_WMS_v1/Iao_v1_GridDefined_20m.ele
north: 2312584.859596
south: 2308404.859596
east: 756023.352194
west: 750483.352194
rows: 209
cols: 277
[rows 100 to 124 of 209, columns 57 to 113 of 277]
824.626099 819.330750 808.113953 795.086548 779.350586 774.337708 774.339600 767.872375 760.065125 765.552307 762.225464 752.746155 743.392517 746.679932 749.167908 751.013855 748.648987 745.958069 745.158203 740.020569 732.175110 725.405029 721.554626 718.005493 715.564514 716.040100 719.660583 723.504089 725.869385 723.578918 723.223267 717.942444 715.406616 710.223938 708.341614 707.217529 705.327087 697.507935 687.486084 694.142944 697.505188 693.599304 680.625183 668.622681 657.073364 653.544861 649.936646 647.903259 651.395325 654.363403 652.286804 647.958801 640.236572 631.527771 619.208740 610.092651 611.197388
835.982056 827.938721 815.817871 804.010437 796.067566 792.100464 786.113770 775.704956 775.071350 774.176941 758.512268 754.503784 755.594055 756.828308 762.049622 763.285095 762.157410 762.472290 761.589111 752.998535 744.500183 739.512207 737.481079 731.744934 725.727295 725.272156 734.375366 741.298523 744.175781 741.395264 737.950500 738.604736 735.902527 731.635437 732.654541 730.296936 725.104187 715.550903 715.700012 716.988342 713.477356 702.720520 688.264221 675.272339 668.492920 662.387573 660.244629 663.897705 668.564575 670.536499 666.886658 658.611877 645.258545 632.248474 624.262939 620.229919 623.816345
844.703674 835.451599 822.576660 815.041565 814.975952 807.916382 797.474365 789.631836 784.347534 772.863464 762.520691 766.529175 767.791382 767.978394 773.688110 774.861755 774.394531 775.136780 773.475159 763.862732 758.171509 755.299683 751.218323 743.205994 735.449463 737.404175 747.410583 756.146790 761.397949 760.105591 757.575867 754.064270 757.327454 758.053101 758.191589 755.022888 745.175720 738.765198 743.116699 739.969482 728.294922 715.854492 701.304871 688.997803 682.506226 675.756165 671.304382 680.744873 685.440247 684.977295 677.189209 665.000305 652.209778 639.437866 634.165100 636.123108 634.108765
855.596191 840.911621 833.965332 834.607178 834.096802 821.806580 810.050110 801.180786 788.543396 778.025574 774.094543 781.097351 779.297546 774.900391 781.527283 787.405396 786.429810 786.268188 786.891174 777.619751 773.970032 769.409912 760.726563 754.061890 748.736206 751.802917 758.410095 766.245178 773.218262 776.625366 775.924561 773.790710 774.758972 783.449585 786.012512 784.100952 779.436584 775.809937 773.729431 764.482666 751.269958 736.147400 722.604797 705.634521 696.180176 690.935120 689.106689 692.214417 700.461365 697.582031 687.843689 674.975891 661.500854 651.500916 650.596191 647.133362 637.001953
866.672974 852.773010 850.773621 857.476074 852.233337 836.641357 823.731628 811.564331 799.882263 792.004822 792.838196 795.015015 788.262634 784.803711 790.550537 799.641907 801.057617 801.520691 796.755188 792.889648 788.156738 782.220947 775.968567 771.200073 766.169861 766.549988 771.725464 776.704407 783.008118 790.707825 794.545044 798.256226 802.542969 806.391235 812.411987 809.959656 804.767883 800.810730 799.414734 788.555420 776.115723 760.840454 746.594910 732.704895 715.478516 708.969360 706.980774 705.755920 711.644836 709.435425 699.697021 687.140686 673.224548 668.318176 662.284180 651.019775 636.514526
880.185120 871.082275 872.407593 873.419312 866.336304 852.187317 835.405945 820.229858 806.995789 804.144348 807.693298 808.569092 802.668945 797.188110 805.006165 813.189575 815.453308 814.695374 809.174988 803.800720 800.265320 795.312805 790.216858 786.448364 782.086121 780.558960 784.500732 788.632996 794.161987 802.995361 811.684509 817.431213 822.249023 825.694397 825.010071 824.593140 821.707214 817.716492 814.838562 807.916260 796.597839 780.477234 764.323792 751.212036 735.950745 731.299805 730.145935 728.478760 728.695435 719.514038 711.113831 701.663269 692.536621 683.683411 669.955994 655.447510 641.301758
894.379272 888.682251 890.852661 890.872131 878.695862 864.933594 844.523987 829.963806 820.172180 816.291199 820.113647 823.549744 819.464539 820.252930 822.754517 828.183411 831.621399 830.354919 824.839172 818.363586 810.358459 808.255981 802.781921 798.351563 794.510132 794.700073 798.769165 802.893005 807.378052 810.602600 811.744568 812.929993 816.141724 817.110901 819.278931 823.878479 824.097595 819.866699 813.394287 807.248840 800.249207 790.039368 778.957031 769.733643 761.059143 755.075073 751.752258 746.680054 739.933594 728.027954 717.981934 709.627380 699.354309 688.038391 673.683350 662.397766 652.361877
922.013062 912.374756 910.485779 902.285156 887.486511 871.055908 851.169067 838.005737 829.772156 829.922241 835.313477 840.281738 840.068359 840.222351 840.281250 844.479309 847.986023 846.208862 839.823730 833.371887 827.068481 819.022461 814.759644 809.116455 806.790161 807.829041 809.612305 810.344971 808.705383 804.302979 796.321289 792.547913 793.709229 794.689331 793.367920 796.526184 804.297180 792.826050 793.825439 791.171875 787.183838 784.152771 780.201050 776.482666 772.688110 767.265808 761.557373 751.509216 739.837097 727.682800 715.916687 706.245544 692.925842 678.941284 663.844360 656.924805 651.836914
942.900330 932.534668 920.578064 906.550110 889.671936 872.643677 854.495850 839.317505 839.144531 845.570129 851.736694 859.216675 860.456299 858.626404 859.784424 858.638000 855.450317 849.908508 843.798401 840.023743 835.993347 829.676086 822.508301 817.704163 813.849426 810.978699 806.967468 802.201477 796.635437 790.335632 782.496338 777.108398 776.611206 776.725281 771.387817 772.041321 773.934937 774.552856 771.522949 770.936768 768.987305 768.255249 767.761414 767.651306 765.680847 761.074829 755.675110 747.210754 735.846069 723.101868 708.695618 697.570679 683.827026 669.540100 653.341614 642.841553 638.506531
942.381897 930.862793 918.488220 905.987610 890.756104 874.476563 859.497803 848.651611 851.174255 862.653198 870.339539 876.917603 875.686707 871.013733 864.713257 855.887756 845.951843 836.600891 831.907471 828.788696 826.261536 823.937073 819.592468 813.933838 805.986511 801.427185 794.472473 787.810791 782.173828 777.609985 769.944275 762.658264 764.073303 763.420959 757.518433 754.166443 758.238220 758.812744 757.867737 753.852234 751.615540 750.585205 750.177734 750.948486 750.308350 745.148315 741.449646 737.729919 729.959717 718.410217 703.402710 689.554382 671.879822 656.351746 643.284180 630.869812 624.747314
916.246826 909.911438 905.358276 900.365417 892.066162 880.299683 870.520020 867.392639 870.339050 877.859863 885.608521 884.238464 873.455933 862.927368 853.123901 842.806763 832.573059 820.556030 814.181152 810.582642 807.381348 805.976135 802.944336 798.974426 794.800964 787.854614 782.399170 774.516846 767.934631 765.778198 760.730286 751.481262 751.074524 750.720764 744.586914 739.019714 740.535828 741.547180 740.817505 740.297852 734.531067 733.335388 732.417908 730.825989 730.716187 728.506714 724.323059 721.767517 717.249817 708.899658 695.518311 680.130859 660.180908 643.435059 631.927979 622.734131 614.364075
884.691284 883.047119 884.474243 884.102661 889.513794 888.070007 883.989868 882.898438 886.754150 887.367615 884.981323 875.240906 861.543945 849.840332 839.200684 829.212646 818.987244 805.542847 796.919434 791.746826 788.943176 786.184692 783.477478 782.137451 778.916870 775.551270 769.951782 762.164856 754.666931 751.781189 749.669128 741.757324 734.946899 735.491394 732.232422 724.642944 722.358765 723.821960 722.063843 722.958435 720.085266 715.458679 714.807983 712.927429 711.551758 709.748230 704.479187 701.539429 699.418457 693.184753 683.057434 665.679382 647.557739 633.055054 623.550171 615.970886 608.862183
868.037109 866.662537 866.074768 868.591431 878.750793 879.683655 878.106506 876.238403 878.268188 873.998108 870.016235 864.368530 851.465942 838.524719 827.046448 816.188171 805.486084 792.235046 780.516724 770.738647 768.526001 766.277466 766.612244 768.761230 765.573853 760.461853 759.043579 749.698364 740.202881 736.375061 735.760132 730.928894 722.313965 720.208069 718.081421 710.334595 707.892700 708.284302 705.456177 705.229126 701.836670 697.898987 695.992676 693.517090 692.075378 688.145386 684.088684 680.231995 676.828674 670.658203 660.021057 642.141541 631.481628 624.165466 616.793457 609.711243 603.257019
858.720703 851.243408 848.606995 857.872009 862.243164 861.157471 860.126160 858.831177 859.166687 857.572998 850.482971 847.486328 841.401245 827.496521 818.245117 805.716003 792.764404 781.370789 767.744507 756.293030 747.973389 746.754700 751.510315 755.801758 753.179443 748.003662 745.567444 740.378906 728.783813 721.413208 719.929688 716.427734 709.165527 706.133667 702.826843 697.084351 694.580322 693.729614 688.303528 684.721863 681.576172 675.147156 671.600281 670.036743 663.609741 661.309082 659.595520 650.965088 645.440063 637.492859 629.445923 623.110229 615.873413 611.191711 607.307190 602.699585 596.847290
847.987854 839.025146 835.652893 840.412231 843.458923 841.728760 840.861450 844.674561 846.615784 840.811523 831.891418 826.855530 824.507874 816.683228 807.263184 799.206604 788.845642 777.620483 764.843933 755.559265 746.310974 738.240906 735.742554 738.882080 738.103821 735.485840 732.743042 728.131348 719.518433 711.375305 706.457397 702.276062 697.264587 690.740540 687.240051 682.872192 681.553711 680.020386 672.749695 666.804138 662.139221 654.440857 645.407898 643.960999 643.126465 636.141113 631.758057 625.768921 618.682068 611.031738 607.602173 605.644165 600.297852 595.652283 594.763672 592.890686 587.977844
839.306274 830.552795 825.654236 824.592224 826.498413 825.318665 824.926514 832.027222 833.845764 826.364563 818.252991 811.037598 807.149353 801.097290 795.215515 787.194092 781.290039 774.038147 763.800598 754.299438 745.885315 738.044067 729.875488 721.082886 720.708313 721.995850 721.265015 717.223755 709.676270 704.973389 700.462524 696.180725 691.375000 681.859070 674.187683 668.555176 666.956726 665.376343 657.398376 649.253845 640.667664 628.027466 624.565735 620.251648 619.332642 617.225281 608.837830 606.541748 603.163086 598.418579 594.774658 594.538452 590.804382 588.331970 587.726990 583.410583 579.786804
832.404114 822.495361 815.280518 811.760071 812.291321 809.999939 810.512939 817.418518 819.382263 814.086548 804.052124 796.380432 792.013000 784.700806 778.959351 775.831787 768.329285 761.515259 752.930481 741.232971 734.273254 729.978943 724.023865 714.477661 704.020630 707.099182 709.142334 707.410278 701.838013 697.320313 694.077820 688.292725 683.476074 676.748596 668.847229 661.142456 655.468689 650.201477 643.168213 635.219421 628.475525 625.295837 622.564209 621.170654 621.217407 617.296509 608.894531 606.430298 601.264832 597.418457 595.010803 594.302307 590.617737 587.035034 585.999207 582.381714 577.259521
821.980835 814.904602 807.308594 802.449219 799.947815 797.757141 794.900574 800.201172 803.581665 802.659119 793.298279 785.805298 781.606018 776.497864 765.591492 762.206665 758.220886 747.553345 738.026367 725.183228 717.375244 713.510193 711.939331 705.037231 693.689514 691.478210 693.076538 691.259277 688.614258 682.045105 678.088135 675.548157 671.531677 664.490479 655.587708 648.888977 645.352539 638.706848 635.959839 633.212830 633.100403 630.639648 635.902039 637.711182 634.652893 628.200745 620.084900 614.573425 608.819580 605.993896 602.816650 599.372559 595.500244 587.426941 585.919250 582.747559 579.315857
817.881042 808.101379 800.670715 794.107361 789.058777 787.757263 785.206360 781.839661 786.340271 790.941345 785.113770 775.989258 772.203552 769.738098 760.318909 750.164551 745.461914 736.479248 721.766968 710.813354 700.177979 696.388184 694.497375 691.623962 684.379578 681.484253 680.859070 677.515564 672.775879 667.114319 664.313599 663.311890 658.794800 653.969604 648.814270 644.930603 642.856018 640.781433 647.213867 650.362427 647.768372 646.194885 649.911194 653.292786 654.178101 646.104004 635.558350 623.229309 620.188416 618.300842 614.331665 609.407898 607.338440 603.441772 601.491272 596.817932 593.471375
829.220093 815.113403 802.924744 793.178772 786.408081 778.294922 775.826843 771.269592 768.753967 772.264099 770.630554 765.976135 759.692200 757.637573 750.266968 738.619873 732.295471 723.279785 713.668884 708.569092 702.645752 694.049377 686.714478 685.143066 683.810364 679.345825 673.206970 670.782654 669.409241 665.737244 662.225342 659.632080 656.465332 652.979919 647.519714 646.225159 648.721680 654.732056 661.614014 666.660706 663.190369 662.571472 664.680420 670.455200 672.641724 664.944885 650.330994 642.148865 638.341492 631.221863 630.378906 629.689331 628.996826 624.696472 615.465088 606.705688 601.414856
841.210815 825.292542 813.615601 803.388611 792.926697 788.665771 778.582336 770.999878 767.358887 763.230103 757.964661 755.760742 748.848938 743.812561 738.202271 729.860413 725.707581 721.593567 716.397339 711.337524 703.654602 695.274414 688.186646 688.040344 685.852356 679.200867 677.816589 679.237183 675.779358 670.755371 665.007141 662.277954 661.679443 659.012024 662.410034 662.902954 666.072937 673.419312 679.848450 683.178955 679.410522 678.005432 681.418518 686.975464 689.557251 682.412231 669.413147 662.538940 656.858643 652.089905 649.040894 651.698669 645.422729 635.775757 622.309204 613.214111 606.956726
846.900635 835.645996 824.882813 815.918274 806.607666 798.444397 792.015991 784.720825 778.149353 771.934692 764.654846 757.138550 751.841614 746.687134 741.294556 732.500793 719.818420 713.831421 707.703979 703.174194 699.743469 694.165283 692.896118 693.399658 692.900085 694.267212 695.300842 699.141479 694.167358 687.828369 683.086548 680.559937 678.665649 680.724609 682.723083 683.026733 681.090454 694.571350 698.835571 700.108887 695.506287 693.994507 695.459229 703.452698 705.990784 700.622253 690.400696 682.472778 678.049805 673.429626 669.421875 661.679626 652.041809 640.894348 628.157715 620.191101 613.100525
840.752625 837.696045 830.352966 822.100952 813.267761 804.441772 795.899475 788.586792 780.790161 776.673035 773.365540 765.507202 755.924011 746.760193 737.847656 727.121887 714.903564 710.479492 706.705688 703.238098 699.161926 698.676147 702.867859 712.127625 715.126770 717.020447 719.362061 719.339539 715.069702 708.919739 704.078552 699.327026 696.893799 700.255676 702.411011 703.863647 703.916138 706.743042 719.212585 718.729736 711.996216 707.936401 710.966003 720.382629 724.130859 719.812317 711.976257 704.484924 698.421875 691.584961 678.579956 665.503357 653.384033 643.012817 633.078308 625.095032 618.287231
825.171936 824.679504 821.585999 815.140320 809.187439 801.047974 794.677856 787.997559 785.024963 780.695740 773.776123 762.729309 746.765747 736.218750 727.980225 719.072021 714.629639 711.953613 708.559143 707.250610 708.399170 714.985474 723.024902 730.060669 736.896973 738.775574 740.584167 740.352478 734.242004 727.209656 722.940674 714.782471 713.483337 717.007874 719.698364 722.637390 725.190369 725.326172 732.717346 734.411438 725.778076 721.896423 724.934814 736.696838 743.849426 740.617676 732.668152 722.699402 710.710571 697.055786 679.044556 665.209961 652.900574 642.615479 633.732544 625.041931 618.532837
810.649170 806.349487 809.944275 809.360657 806.182129 801.736145 797.433105 792.340698 786.070679 774.433228 760.385071 750.082947 737.027222 729.343872 723.638855 722.354919 721.199768 720.243896 720.569275 722.849487 728.316162 733.951660 745.696899 750.447327 753.109070 759.138977 760.875305 758.862183 752.323608 745.928528 740.065247 731.951477 730.566772 733.732666 736.168091 740.408386 736.336426 736.357544 744.083008 742.369263 739.041321 737.970947 741.694519 754.499084 761.569092 756.188660 743.212219 729.131714 713.072449 696.092163 677.428894 662.864441 650.317627 638.939880 630.132080 619.405640 612.801697
