NEW_versions/S_Waiehu/S_Waiehu_10m_ParamsAssigned_0p3.ele
north: 2315395.910359
south: 2312265.910359
east: 760885.886964
west: 753485.886964
rows: 313
cols: 740
[rows 104 to 129 of 313, columns 580 to 637 of 740]
80.152176 78.938194 79.133949 80.133118 80.595139 80.433548 79.945427 79.071648 77.993073 76.400475 74.725594 73.187897 72.170097 71.140930 70.121613 69.298767 68.515427 66.613655 64.779388 62.711067 60.676449 59.364429 59.137016 60.211407 60.466866 59.860252 58.692677 57.958820 57.556683 57.097107 56.363384 55.170155 53.905163 53.187222 53.025234 52.771721 51.679024 51.086613 50.849548 50.632679 50.298061 49.925583 49.571888 49.343880 49.076042 48.440311 47.526508 46.702164 45.833752 45.024227 44.225121 43.364079 42.298935 41.848309 41.846382 43.903164 43.713165 43.442261
81.320602 79.775604 79.454773 79.569954 80.102249 80.169296 79.721245 78.664360 77.419662 75.744514 74.153397 72.971565 72.177597 71.503304 70.847870 70.156403 69.304016 67.421616 65.500175 63.273304 61.056705 59.171715 59.111137 60.197361 60.734058 60.389748 59.373363 58.111744 57.421398 56.901718 56.255886 55.258274 54.190777 53.578819 53.398045 52.991390 51.813080 51.128132 50.987915 50.920486 50.617744 50.114334 49.743095 49.405270 49.227821 48.995659 47.895477 46.877007 45.926086 45.102505 44.311497 43.359455 42.143471 41.850231 43.190685 43.806782 43.671371 43.599281
82.165436 80.613007 79.335922 79.300583 79.556122 79.645531 79.175713 78.356812 76.630852 75.065887 73.731224 72.830803 72.244606 71.696602 71.076141 70.471039 69.710312 68.004181 65.999535 63.572124 61.119137 59.059376 59.085255 59.963249 60.619816 60.399338 59.553867 58.090630 57.235283 56.645245 56.048801 55.265747 54.465977 53.998138 53.743935 53.130753 52.051636 51.496098 51.437653 51.363239 51.070553 50.465969 49.903118 49.651630 49.491348 49.267479 48.234547 47.035751 46.157852 45.434532 44.581192 43.489689 41.854080 41.852154 43.428696 43.979828 43.927685 43.986374
82.720528 81.200081 79.371269 78.752831 78.673653 78.884949 78.429573 77.636642 76.150780 74.908607 73.834717 73.086395 72.451813 71.738724 71.040718 70.484673 69.867340 68.877037 66.246361 63.657024 60.821327 59.015770 58.694408 59.632183 60.125351 59.868725 59.114410 57.814613 56.925419 56.343132 55.837433 55.292553 54.739277 54.396225 54.104942 53.384563 52.579735 51.978676 52.046577 51.997707 51.516834 50.894527 50.313461 49.943485 49.946861 49.516983 48.418907 47.293003 46.583607 45.977470 44.932999 43.663673 41.856003 43.022091 43.665180 44.197544 44.364128 44.544739
82.767387 81.426750 79.783546 78.683861 78.406075 78.382477 77.924583 77.235970 76.441124 75.088356 74.128143 73.361969 72.542137 71.656479 70.887268 70.158318 69.621246 68.734909 66.199867 63.613667 61.056126 59.243263 58.630135 59.443993 59.572052 59.206478 58.537979 57.802837 56.721989 56.176971 55.700794 55.240223 54.838188 54.579544 54.364414 53.748787 53.008133 52.482647 52.397488 52.201107 51.826344 51.440350 50.977478 50.529598 50.241894 49.785019 48.900181 47.650211 47.023743 46.375366 45.200443 42.937595 42.541767 43.513599 44.104584 44.579571 44.971596 45.293781
82.621460 81.539680 80.045128 78.759026 78.193291 78.055481 77.718513 77.290009 76.591240 75.203178 74.219688 73.328148 72.399124 71.421257 70.486969 69.844002 69.153358 68.263741 66.282730 63.419846 61.073586 59.544346 58.565865 58.501591 58.437317 58.373047 58.308773 57.756660 56.819199 56.193687 55.633675 55.090572 54.718105 54.487167 54.326694 53.878532 53.341434 53.011875 52.626038 52.355923 52.141155 51.961567 51.628429 51.104683 50.576496 49.920158 49.139065 48.076096 47.468334 46.641747 45.113518 43.333427 43.729256 44.081772 44.673985 45.119377 45.540062 46.083580
83.095848 81.988441 80.738693 78.872299 78.037209 77.820793 77.769653 77.585991 76.965080 75.309921 74.120865 73.072868 72.166206 71.238693 70.264816 69.491646 68.866882 67.758217 66.263756 63.274254 60.772160 59.318951 58.622684 59.651299 59.653038 59.218452 58.538174 58.012474 57.070305 56.273037 55.507786 54.782196 54.376484 54.198669 54.077698 53.816425 53.553196 53.391983 52.977959 52.638973 52.389088 52.192505 51.896194 51.343967 50.693794 50.028721 49.333530 48.714050 47.866276 46.837357 45.542191 43.882427 44.370346 44.798935 45.380596 45.827324 46.266563 46.734028
83.824364 82.570015 81.005257 79.346825 78.012207 77.871941 77.996155 78.163506 77.487038 75.935341 74.002991 72.904823 72.084206 71.179047 70.235710 69.367249 68.507530 67.468491 65.919983 63.091774 60.862389 59.299168 58.679504 59.818691 60.018703 59.645985 58.889633 58.231445 57.555874 56.301785 55.310593 54.522701 54.162647 54.084908 54.037891 53.852898 53.714878 53.746937 53.546543 53.031189 52.563171 52.227047 51.896118 51.366066 50.709381 50.095940 49.560722 49.040066 47.999908 46.885426 45.809143 44.446487 44.657715 45.629009 46.118500 46.503830 46.802811 47.054535
84.439102 83.026962 81.095833 79.259483 77.987206 77.929573 78.571312 78.717163 77.942528 76.396019 74.153954 73.064827 72.284500 71.325951 70.299896 69.317299 68.331436 67.139175 65.670113 63.357960 60.798439 58.793148 58.736328 59.993427 60.398739 59.995716 59.070366 58.199646 57.434528 56.124252 55.148781 54.517868 54.327953 54.353989 54.280857 54.048954 54.035004 54.222618 54.183487 53.392426 52.669846 52.162113 51.846813 51.404335 50.781757 50.201771 49.761951 49.328182 48.022175 47.017410 45.814510 45.886852 46.073902 46.491520 46.883862 47.123043 47.256363 47.372765
84.966370 83.254555 81.559814 79.673637 78.817520 78.450729 78.891609 78.874115 77.949203 76.382256 74.397408 73.356026 72.551842 71.482979 70.408943 69.363686 68.166695 66.705208 64.986694 63.026417 60.102589 58.849972 58.906792 60.125877 60.629662 60.108532 59.057266 58.093563 57.266369 56.246418 55.141136 54.811375 54.909050 54.988445 54.851681 54.575665 54.529449 54.673939 54.617516 53.709328 52.902328 52.341278 52.052574 51.631256 50.956791 50.432198 50.045033 49.545597 48.549809 46.616444 46.215477 46.686165 46.930016 47.330276 47.679607 47.841003 47.938751 48.017464
85.237724 83.262596 81.336349 80.126778 79.243904 78.500603 79.029213 78.631027 77.543571 76.043114 74.540001 73.538788 72.743500 71.630226 70.430244 69.241081 67.784134 66.091560 64.007919 62.550018 60.168900 59.187122 58.963615 60.153580 60.549976 59.944954 58.906006 57.980061 57.179985 56.279400 55.351177 55.269344 55.556744 55.637070 55.539516 55.269112 55.073719 55.097424 54.921307 54.148613 53.322388 52.753582 52.343132 51.834339 51.089165 50.607498 50.255463 49.643314 48.658596 47.247036 47.170799 47.535320 47.757763 48.089203 48.435848 48.696152 48.923874 49.027550
84.928108 83.042244 81.009529 80.445511 78.753052 78.025406 78.337181 77.964249 76.870193 75.559578 74.370407 73.260391 72.523293 71.506363 70.173607 68.841919 67.364075 65.228302 63.477219 62.377026 61.107243 59.234230 59.020435 60.043240 60.226589 59.632431 58.631233 57.812111 57.091698 56.351372 55.582531 55.675793 56.076618 56.165352 56.064220 55.883240 55.669083 55.566006 55.230244 54.588867 53.805149 53.218594 52.579414 51.908752 51.197346 50.765007 50.411060 49.681046 48.788723 47.369339 47.915684 48.007679 48.466679 48.814556 49.241203 49.646782 49.962353 50.041653
84.227013 82.477211 80.310074 79.739731 77.939346 77.713623 77.401848 76.635826 75.716927 74.627136 73.473816 72.442574 71.770790 70.987572 69.791901 68.521721 67.175400 65.805763 64.633339 63.560722 62.177010 59.711796 59.198494 59.923462 59.912437 59.250763 58.329540 57.720737 57.199604 56.509907 55.947220 55.993496 56.401024 56.536449 56.408054 56.346294 56.268559 56.022381 55.556244 55.002918 54.216885 53.596657 52.763542 51.980171 51.387791 50.993324 50.483349 49.586887 48.752758 47.491642 48.596512 48.746197 48.884228 49.631855 50.095852 50.495388 50.754742 50.751175
83.267609 81.782921 79.608749 78.836548 77.235245 77.098457 75.863144 75.278709 74.621338 73.714828 72.703751 71.785507 71.232170 70.652161 69.622368 68.466820 67.348190 66.366524 65.523506 64.474701 62.975834 60.444237 59.301144 59.722607 59.717079 59.212284 58.463917 57.963467 57.461998 56.788616 56.386089 56.395184 56.621906 56.708630 56.598175 56.575256 56.689125 56.515354 55.992107 55.330753 54.533733 53.706955 52.858692 52.173187 51.666527 51.150661 50.317406 49.219189 47.736248 47.613945 49.094128 49.408005 49.702835 50.180672 51.092453 51.404022 51.461193 51.279770
83.537521 81.980209 79.416191 77.653946 77.026505 76.413712 75.305412 74.571480 74.034302 73.340096 72.522995 71.831825 71.269562 70.792831 69.841682 68.737999 67.746803 66.896873 66.167885 65.156548 63.593517 61.272511 59.393623 59.522346 59.651073 59.361515 58.972240 58.503250 57.940865 57.341026 56.949665 56.878040 56.928925 56.749557 56.537338 56.449791 56.633240 56.695339 56.263531 55.510735 54.645554 53.718338 52.968201 52.429214 51.931805 51.148960 50.022152 48.739998 47.858551 48.379314 49.599831 50.116047 50.533493 51.143063 51.652374 52.153027 52.034866 51.770554
83.755539 82.092224 80.075600 77.377235 76.694374 76.300850 75.552299 74.811417 74.282639 73.771996 73.136375 72.394974 71.757324 71.220444 70.307068 69.241959 68.165565 67.054977 66.180656 65.235260 63.886425 62.122906 59.613632 59.567989 59.643478 59.696899 59.364658 58.877682 58.278595 57.829014 57.551754 57.374214 57.167515 56.694004 56.306065 56.175781 56.343216 56.533955 56.241272 55.477039 54.668850 53.660446 53.082958 52.536869 51.796329 50.664635 49.422867 48.140938 48.106174 49.479397 50.420177 50.899063 51.222832 51.834885 52.337692 52.445278 52.376194 52.248016
84.070122 82.265358 80.092262 77.210419 76.711624 76.614365 76.232491 75.761284 75.345909 74.945206 74.223930 73.225990 72.509521 71.680527 70.761002 69.583420 68.323868 66.859253 65.770103 64.889206 63.822773 62.411503 60.326168 59.730717 59.893440 60.240665 59.686096 59.006985 58.343914 57.990002 57.955002 57.889900 57.330044 56.729916 56.222752 56.077072 56.043156 56.240856 56.023369 55.333340 54.554005 53.723026 53.155067 52.430115 51.305771 49.524261 48.515163 48.391258 48.924812 50.361279 51.234234 51.570995 51.761879 52.248219 52.578754 52.614063 52.532692 52.690212
84.366898 82.486290 80.177628 76.906151 76.808891 77.281670 77.338280 77.093216 76.606705 76.003426 74.942612 73.682457 72.807335 71.924553 71.095139 69.583565 68.185982 66.705299 65.608589 64.786720 63.757904 62.415791 60.901539 60.715141 60.949162 60.732239 60.049553 59.195633 58.383408 58.092278 58.174160 58.132233 57.447235 56.854664 56.398888 56.110985 56.009243 55.919071 55.591114 55.058964 54.509579 54.022266 53.211334 52.212517 50.928593 49.040649 48.538723 49.317863 49.965565 51.250889 51.964317 52.235039 52.386726 52.732071 52.868797 52.841885 52.830223 52.931206
84.811531 82.969101 80.582336 77.520782 76.997086 77.997437 78.514732 78.361961 77.642052 76.711456 75.436150 74.030258 72.937340 71.817642 70.628563 69.381111 68.293747 67.196075 66.238243 65.400581 64.118904 62.583515 61.087936 61.294056 61.531567 61.289112 60.568401 59.565830 58.621456 58.257801 58.412010 58.308968 57.549137 56.971497 56.655308 56.411858 56.083145 55.678696 55.216793 54.799080 54.531609 54.238266 53.220009 52.074688 50.881084 49.767170 49.669266 50.404118 51.083115 52.182629 52.793041 53.074665 53.282700 53.486389 53.424023 53.277027 53.194614 53.325787
85.157814 83.618179 81.230965 77.943527 77.072136 78.408005 79.217178 79.108475 78.165962 76.973900 75.519310 73.931496 72.553932 71.504509 69.939194 69.292610 68.852432 68.308296 67.600296 66.500946 64.688545 62.705303 61.274334 61.881950 62.217503 61.851994 61.075188 60.041626 59.125538 58.627213 58.639706 58.559227 58.002064 57.260536 57.042709 56.745838 56.206078 55.565701 55.003033 54.643204 54.543049 54.342655 53.352982 52.157425 51.447384 51.429379 51.378815 51.702175 52.381809 53.214012 53.806339 54.086369 54.384251 54.432915 54.128460 53.767700 53.584984 53.662918
85.781487 84.073341 82.019928 79.284958 77.216492 78.159904 79.105278 79.250061 77.959732 76.341347 74.796089 73.219849 71.878571 70.098068 69.627823 69.460220 69.630844 69.465416 68.746742 67.227783 65.060577 62.548843 61.387905 61.997681 62.499962 61.958218 61.135597 60.287743 59.592659 59.188606 59.051552 58.837955 58.464314 57.857910 57.607983 57.156147 56.427090 55.580624 54.939140 54.668434 54.619522 54.393436 53.520508 52.534035 52.630661 52.767170 52.811985 52.947990 53.436047 54.111610 54.623329 54.850822 55.065544 54.969906 54.530231 54.099380 53.864552 53.824020
86.335838 84.788948 82.484085 80.293663 77.360847 77.434837 78.323128 78.523132 77.232414 75.402657 72.557930 71.383469 70.955002 70.526535 69.795433 69.678604 70.275230 69.953873 68.921539 67.168243 65.008553 62.760502 61.457653 61.920845 62.234959 61.601570 60.757015 60.086578 59.639515 59.433136 59.409462 59.246334 58.903271 58.815628 58.352688 57.647255 56.655743 55.705250 55.084156 54.840137 54.753647 54.518124 53.757721 53.385201 53.576157 53.789845 53.839111 53.851925 53.530003 54.527115 54.800320 54.914722 54.954521 54.877934 54.522305 54.190960 54.022072 53.975422
86.592667 85.199295 83.173828 80.738785 78.160492 76.592430 76.179855 75.443748 75.181847 74.485840 73.800385 73.064255 73.175690 72.694649 72.026665 71.063438 70.618782 69.950867 68.728714 67.043907 65.071487 63.084896 61.607311 61.703518 61.799728 61.149925 60.315517 59.693512 59.618698 59.616661 59.708275 59.745975 59.590206 59.405579 59.083775 58.147255 56.870960 55.840603 55.263721 55.059212 54.994720 54.913960 54.673260 54.332104 54.318016 54.380390 54.432999 54.489212 53.623955 53.717911 53.811863 53.905819 53.999771 54.674316 54.411858 54.301407 54.316113 54.304134
86.355667 85.114761 83.472794 81.258812 78.618301 76.881470 77.376892 77.416771 77.232643 77.167191 76.151421 75.269638 74.622299 74.037033 73.311020 71.930557 71.086922 70.057037 68.702682 67.136818 65.412491 63.658440 61.866402 61.691704 61.679890 60.944901 60.131435 59.768326 59.843140 60.005688 60.152195 60.243835 60.240219 60.072712 59.363567 58.443130 57.112850 56.103523 55.496708 55.288586 55.341606 55.470028 55.552670 55.325584 54.636562 54.646725 54.861675 54.754726 54.942688 55.246578 55.002510 54.678513 54.093727 54.745903 54.883884 54.855431 54.741745 54.704540
85.994781 84.795815 83.413231 81.458145 79.213600 77.073654 78.090302 78.918182 79.024010 78.205894 77.198051 76.236450 75.385162 74.522186 73.773239 72.796837 71.606201 70.320961 68.930321 67.471077 65.879326 64.134476 62.279324 61.745602 61.799500 61.039124 60.341785 60.105053 60.370014 60.678566 60.869118 60.898975 60.771839 60.468513 59.805969 58.572639 57.518723 56.525913 55.789742 55.504025 55.723251 56.200329 56.659012 56.305767 55.530724 55.267315 55.508789 55.700890 56.341148 56.353230 55.988136 55.396400 55.094696 55.341408 55.352951 55.279331 55.202755 55.070744
85.662376 84.382904 83.082085 81.409622 79.449379 77.500084 78.238518 79.330704 79.496399 78.692924 77.514923 76.406952 75.455803 74.526085 73.792526 73.049576 71.895973 70.653503 69.253120 67.823738 66.233536 64.446152 62.618259 62.042217 62.052204 61.501560 60.801804 60.692047 61.083004 61.568913 61.800571 61.680706 61.340633 60.865234 60.184631 58.866886 57.856976 57.140064 56.322456 56.042416 56.504654 57.208511 57.487564 57.213696 56.909092 56.743561 56.747517 57.331177 57.621361 57.506157 57.093079 56.652367 56.394634 56.249401 55.839695 55.638832 55.542507 55.442059
