NEW_versions/S_Waiehu/S_Waiehu_10m_ParamsAssigned_0p3.ele
north: 2315395.910359
south: 2312265.910359
east: 760885.886964
west: 753485.886964
rows: 313
cols: 740
[rows 156 to 181 of 313, columns 116 to 173 of 740]
786.728821 784.208374 782.786926 781.458679 780.240112 780.386230 781.604370 783.097229 784.899292 784.282349 781.027649 775.385254 782.591064 794.200623 800.895752 804.172363 802.740540 797.778748 789.804199 774.042297 759.558350 748.512268 738.489868 733.743347 727.334106 720.171509 712.070984 704.673889 697.499146 690.720642 685.166504 677.716370 670.011658 662.704651 655.225647 648.275085 646.462280 651.153503 649.124268 643.462524 635.594360 627.619934 620.236877 615.298462 611.481750 608.354004 602.788635 595.306030 587.791504 579.826355 560.837646 551.709717 542.367676 531.708252 526.540039 519.281494 508.455292 493.785095
773.775635 774.608643 775.268433 774.701111 774.207520 773.556213 774.080322 774.572083 773.720398 770.221497 765.091187 762.647095 773.235168 783.596619 791.502563 794.809204 793.109985 787.855408 780.050659 766.993652 756.467834 743.475891 733.684021 727.587952 721.149170 714.202332 706.070557 697.937683 689.418030 680.450867 673.731689 667.342102 659.910217 653.043213 646.825134 641.828979 635.443420 640.268433 639.955933 635.341187 628.611694 620.692993 611.827393 605.217224 598.612610 590.858398 581.582581 574.108337 564.634949 558.537048 547.706238 526.868896 515.375549 506.117767 500.295685 494.800751 478.875854 468.626465
767.868164 768.097839 768.307983 768.041504 767.630371 767.404053 767.138123 765.934937 763.109863 758.512329 749.793701 750.065063 762.051208 773.176697 781.296631 784.714294 783.142456 778.089111 770.418274 760.150574 748.752197 739.200012 727.672363 721.655396 715.431274 708.615540 700.827332 692.436523 682.996948 672.206116 664.217163 657.022766 650.432495 644.111694 638.495117 630.755737 623.309143 629.048889 630.685852 627.097717 620.529663 611.913208 602.408081 592.493469 582.551697 571.302612 560.358826 552.168762 542.874023 532.561340 523.662842 510.656860 499.062103 484.855255 478.030609 471.732697 462.076996 449.369293
764.652283 762.965088 762.230286 761.645142 761.214722 760.335510 759.818176 757.146545 752.376038 745.903381 735.168457 737.673340 751.304565 762.144409 770.424438 774.092712 773.077393 768.779846 762.403992 754.999634 741.996277 732.358032 724.021057 716.013489 709.409119 702.776855 695.658691 686.990234 678.363281 665.969055 657.015564 648.464661 641.782593 636.217651 631.072815 623.087830 617.238525 620.079895 621.110596 616.734863 609.418579 599.847595 588.920654 576.863953 564.443848 551.746033 538.391602 528.261902 518.698242 502.705048 495.151550 486.189606 479.207672 468.058533 447.632355 438.289673 431.036835 420.506592
761.579041 758.973633 757.381775 755.941956 754.692688 753.874329 751.762878 747.461487 740.844604 732.846130 724.182983 725.194885 739.185913 750.448486 758.860107 763.076843 763.035217 759.828003 754.481567 748.077271 737.195435 729.388672 722.187012 714.805603 706.507263 699.453552 690.911438 681.992249 672.505432 663.316345 650.007446 641.124634 634.852478 629.910889 624.644531 617.577271 612.756348 611.395935 609.292358 603.075806 594.713318 584.237671 572.079468 558.693909 545.636169 533.211121 521.374329 509.315948 497.852234 461.735931 453.067566 431.906250 431.745789 431.585327 425.847961 425.026703 422.178101 421.010559
759.974670 756.112305 753.632385 751.291504 748.845764 746.857788 743.218262 737.179016 728.465088 718.977905 710.471375 712.893494 726.292542 737.912415 746.594604 751.518616 752.648376 750.495178 746.082092 740.733521 735.538879 727.800354 721.320068 714.006042 705.920959 695.891846 686.371338 676.494446 666.424316 656.632629 642.898254 634.634705 627.792358 623.105652 617.184814 610.786011 604.785400 599.911987 595.399048 589.572266 577.489990 566.240540 553.511047 537.971069 524.332031 512.511414 501.678711 477.170044 432.548126 432.387634 432.227173 432.066711 434.845856 431.038116 430.490906 431.676941 444.515015 453.973206
759.011169 754.792175 750.138123 746.917603 743.676147 740.054138 734.943726 727.280396 716.205322 704.960266 696.162415 695.869995 712.424500 724.705933 733.660828 739.226929 741.124207 739.712219 736.098450 731.651672 727.964050 723.163208 718.269531 711.469238 703.082947 693.749329 683.273010 671.194458 661.380493 651.942139 637.991089 629.315979 620.929260 613.306519 605.864380 598.395752 591.104248 584.485291 577.993958 570.714111 557.969482 547.142456 534.493042 520.359131 507.356049 495.714722 472.068481 440.967163 432.708588 432.869049 446.676910 448.870209 452.905945 450.978790 458.854187 464.471436 475.936035 488.630615
757.611267 752.673096 746.965332 743.030701 738.825256 734.004517 727.780029 719.481628 709.064941 697.637207 690.318298 686.874817 700.684448 711.939148 719.799133 726.268127 728.712097 727.833130 724.822144 720.430847 717.458618 715.453613 712.004150 706.267334 698.309387 688.812134 678.651123 668.088867 656.450012 646.050476 635.533020 619.734863 607.861938 598.597107 590.233093 581.135925 572.099365 565.463684 557.123108 548.628357 537.863770 527.989380 516.978821 504.276062 434.794617 434.634155 440.840179 433.350433 433.189972 433.029510 480.160370 482.077972 483.095886 482.097412 486.835968 491.000336 495.231567 501.989532
757.856445 751.983032 745.516968 739.871704 734.742981 729.231812 722.294922 713.593506 702.780334 694.242981 689.289490 686.539490 691.673889 698.648254 707.348511 713.056396 715.718018 715.255737 712.880981 709.279358 706.932678 704.958069 703.009460 698.611511 691.657227 683.132935 673.893921 663.949158 652.196228 637.122009 624.804626 607.310852 594.224182 581.587585 570.722168 560.856079 552.798767 544.144470 535.462280 524.320679 515.705750 502.887421 493.783905 479.359467 434.955078 434.473694 434.313202 433.510895 460.295044 480.729767 491.723450 496.397278 499.715637 503.251251 507.383331 511.136597 514.476196 518.140076
758.221619 752.403320 745.701904 738.268005 732.091125 725.907471 718.404358 709.328125 697.716370 690.992065 688.247620 685.860596 685.959045 687.817932 694.466309 700.927551 703.011047 702.660645 700.738831 697.920044 695.391052 693.427612 692.570435 689.671875 683.997070 676.574463 667.939331 657.179321 644.588684 629.959595 607.649780 594.005188 580.217773 568.581665 556.648499 544.538452 532.884277 521.832397 511.201111 500.396118 480.486877 469.290894 451.811462 444.591583 435.115540 435.276001 434.152740 433.671356 483.178772 494.455811 502.998932 512.132690 517.565063 522.126343 526.266235 529.785950 532.882080 536.051208
758.735718 752.783691 746.703125 737.498108 730.897156 723.976624 715.925049 706.456970 694.051575 688.402588 686.471191 684.818237 683.762756 684.388855 686.911194 689.777588 690.448547 690.539368 688.873352 685.331909 682.639954 682.262939 681.562866 679.243347 674.542847 667.906250 658.958496 646.641357 628.784058 612.676392 601.414001 582.254944 566.223877 554.389526 540.973145 525.787231 510.623291 496.392487 480.621857 463.587616 444.756409 444.083557 443.410706 440.954742 438.498779 442.894135 433.992279 433.831818 500.182343 510.394836 518.222534 528.180359 534.212646 539.135193 543.054749 546.499084 549.520325 552.296387
759.026611 753.037292 746.958862 738.653381 730.469849 723.253174 714.929749 704.596863 691.355835 686.708740 684.719727 683.310425 682.132813 681.040161 682.350342 682.848267 682.081360 679.939941 677.976990 674.765137 672.307678 670.772705 669.354858 665.868469 660.695374 653.523010 643.736694 629.638550 614.253296 602.267822 588.470032 573.872559 549.745667 536.538391 520.857056 501.392395 468.918640 451.960876 446.856171 446.096771 444.795135 444.833832 445.584137 456.010284 468.900513 480.216797 495.268921 507.385193 518.269897 526.865112 534.020020 543.222839 549.415955 554.276306 558.046509 561.208191 564.097717 566.818726
759.553406 753.453491 747.199463 739.649963 730.681946 723.411987 715.284607 705.940796 694.800110 686.386108 683.470703 681.986938 680.596802 678.654907 677.806763 676.268799 673.929565 671.080322 668.157166 665.799988 663.691895 661.235596 657.424622 647.456909 639.372131 633.744019 622.487000 608.481506 597.888000 587.493164 574.706848 560.092468 539.389465 509.917633 477.618744 460.751282 449.625916 448.702667 447.779419 450.774231 455.451691 462.811249 481.094849 489.211823 497.322540 506.110382 516.258606 526.555603 535.113281 542.235352 548.407837 554.731323 562.077148 566.891968 571.139771 574.577698 577.234741 580.183411
760.102783 753.954224 747.639465 741.105896 731.352539 724.206909 716.541016 708.170715 699.586670 691.299988 684.977905 681.425537 678.869141 676.858154 673.861328 671.117432 667.739258 664.177185 660.942383 658.264404 652.865173 650.160950 643.289001 627.251892 619.126282 610.139771 599.299133 590.209351 583.484314 573.740112 561.069519 544.950623 525.592407 485.870789 454.823669 453.091095 451.358490 460.909424 472.380768 481.556213 490.736877 495.901917 501.851135 509.234253 514.855713 525.268677 534.499084 543.155457 550.285767 555.836731 560.209351 564.738220 571.896851 577.944458 583.046814 586.987000 590.933289 593.678833
760.712463 754.577332 748.315918 741.792969 732.646240 725.433044 718.225159 710.679565 703.007874 695.792236 689.506470 684.154480 679.985901 676.239502 671.870789 668.419739 664.869751 660.316650 656.155884 651.634216 645.383911 637.732483 626.540894 613.346741 606.582642 594.129028 581.915100 574.326843 569.552429 561.729492 549.094971 531.944641 510.145325 472.776337 460.770142 466.545502 482.417847 490.114380 496.615631 503.739319 510.220703 514.829956 519.137512 523.634033 529.367065 540.515076 550.252991 557.423889 563.016968 566.915039 570.247314 573.366333 581.120789 588.829773 594.729797 601.103088 604.818604 608.377014
761.462341 755.417114 749.267456 742.871887 736.195740 726.249084 720.071655 713.026978 705.958557 699.098145 692.714966 686.995300 681.937500 677.328369 671.895508 667.486816 663.153137 658.454590 653.392883 648.163391 642.116150 634.118408 623.604919 611.414551 598.350342 586.828064 575.075195 566.790833 560.848022 553.251099 540.492859 522.926758 496.273804 480.223389 478.068085 489.460205 501.335785 506.626862 512.139771 518.717590 524.411255 529.118164 531.838440 542.018738 549.703674 557.058594 563.789978 569.444275 573.805054 576.148010 579.069580 583.809937 591.570984 600.495850 608.397156 613.331848 616.993652 620.029114
762.471191 756.599182 750.602661 744.356140 737.835449 728.045532 721.335999 715.380127 708.609863 701.976746 695.596497 689.579651 683.971375 678.784058 673.944702 667.194214 662.364685 657.144104 651.602112 645.749695 639.224915 631.208313 621.698730 611.463013 596.750183 584.754211 574.146912 565.345459 557.958862 549.549133 536.894775 518.499207 498.057098 494.476715 500.312927 504.338287 509.406433 516.885986 525.513550 531.266602 536.775574 539.957458 543.690857 556.284485 564.591614 570.567078 575.513550 578.132263 583.868774 587.441162 591.276855 597.141846 604.354309 614.583008 620.544678 624.490662 627.306396 630.021973
763.838440 758.223877 752.402405 746.297791 739.901062 730.301758 723.493347 717.024109 711.292175 704.733154 698.325989 692.125977 686.174622 680.501343 675.082825 667.423706 662.002075 656.259155 650.177063 643.803467 636.985107 629.238342 620.343384 610.576721 598.095093 585.259827 575.088501 566.369080 558.669983 550.142395 538.306030 521.712830 505.601532 509.718018 512.943665 514.375549 521.698914 524.092041 537.604675 543.616821 546.306213 554.471802 562.665955 569.240417 577.792786 581.408203 585.154663 592.840698 598.766052 601.982422 606.234314 611.992798 618.312622 627.033752 632.606995 635.088562 637.194763 639.724182
765.715332 760.438538 754.789734 748.789612 742.476135 735.929077 726.203857 719.500366 713.158447 707.628845 701.152100 694.804016 688.600037 682.550293 676.641174 668.146973 662.109558 655.798523 649.174377 642.282410 635.074280 627.296997 618.796326 609.678589 600.235718 586.555237 577.217896 568.930786 561.732056 553.823792 544.089111 530.330505 516.341431 518.972656 522.620605 527.911865 534.545410 544.301636 546.675415 558.673401 567.244446 570.962280 577.489685 582.561279 588.163452 592.351685 600.383362 609.389099 615.295532 618.824219 623.268982 628.356201 634.664429 640.440186 644.533752 646.326721 648.158386 650.198425
768.492004 763.521240 757.961731 751.968506 745.650879 739.106812 729.372437 722.642822 715.947998 709.325684 704.223389 697.740967 691.315308 684.945984 678.610168 672.251099 662.719177 655.838806 648.692078 641.337097 633.753235 625.784424 617.383057 608.705078 600.061157 588.050964 579.941467 572.536133 566.401855 560.081543 552.860901 543.805420 537.923462 538.305725 543.159973 559.177002 563.550354 560.978577 564.662231 572.846741 584.037476 588.591125 590.055359 593.544861 603.507141 610.470642 619.743713 626.381042 632.002747 636.133850 641.277893 645.605408 649.893616 653.352173 656.528992 658.252686 659.906982 661.382813
772.568787 767.830811 762.124878 755.953491 749.492432 742.856018 733.028503 726.228394 719.448792 712.725708 706.072632 701.028992 694.378784 687.716370 681.002686 674.176697 663.868469 656.465393 648.844910 641.059387 633.050781 624.687988 616.020325 607.386597 599.518188 592.831421 583.287537 577.322876 573.437195 569.368042 562.005676 559.620056 562.984863 563.741455 574.717346 583.251892 586.691772 588.688599 592.187622 595.250244 597.864563 608.106689 606.908386 613.362549 614.354431 634.293701 640.339417 645.777710 653.365906 654.405396 657.729309 659.707458 662.288696 665.266846 668.613220 670.622375 672.163940 673.205811
778.934937 773.574280 767.342834 760.747253 753.985474 747.175171 739.762939 730.318970 723.440674 716.596313 709.790955 703.011597 697.658264 690.920654 683.855042 676.606995 666.206543 657.815918 649.809570 641.604614 633.045593 624.107300 614.770630 605.576416 596.575195 593.427979 590.025452 588.750732 587.448242 586.589539 587.579041 587.042847 591.322388 595.189880 599.800781 602.968933 608.488281 612.131409 614.020874 617.617371 618.770020 618.486694 628.139648 629.046936 649.557922 658.977295 663.481873 669.241943 671.517822 671.814453 670.798279 671.962341 674.474243 677.497314 680.041260 683.653931 684.931335 685.555481
786.740784 780.098572 773.077271 765.964966 758.886536 751.942688 745.033813 734.939453 727.966003 720.985107 713.999084 707.001343 699.968872 694.269043 687.166748 679.573120 671.040710 659.847961 651.611938 643.172058 634.072571 623.857056 613.596191 604.498718 596.985352 600.539917 603.210876 603.338806 604.268494 606.507141 610.011475 612.890991 616.062561 618.481201 622.079285 625.655029 631.547729 635.019958 636.996582 637.572937 634.911316 637.569458 637.920227 664.456360 674.525940 682.247375 685.310486 686.402771 686.432617 684.713074 684.149963 684.757690 687.295166 690.863525 693.872375 696.822876 697.760986 698.099426
794.124939 786.331116 778.536865 771.091064 763.909546 757.035522 750.201721 742.108154 733.139526 725.995483 718.766846 711.496460 704.171387 696.752625 690.797729 683.141846 674.961914 663.122925 654.687561 645.510681 636.164734 626.249634 617.567261 612.510498 614.212524 617.056702 618.954163 622.695923 625.119690 627.716553 630.866943 634.486084 638.234619 642.070190 645.602844 648.889099 652.038147 653.250732 654.300232 656.458191 656.230896 663.478699 668.015625 677.800171 688.068237 697.427612 699.200745 700.324463 699.473022 698.935181 697.803223 697.872498 700.429260 703.746399 706.623291 709.313049 710.191101 710.454529
801.026428 791.673523 783.392395 775.976929 768.952148 762.307251 755.864563 749.139160 739.324219 731.863342 724.171692 716.520813 708.873779 701.183105 693.326477 687.428589 679.788574 670.189758 660.138672 650.546570 642.224304 635.278870 629.968262 628.195129 629.263977 632.394287 635.425110 640.080627 643.105957 645.821594 648.551208 651.576904 654.740540 658.358276 661.954895 665.001099 666.575134 666.815491 666.199402 668.476685 674.959900 681.726929 688.730835 695.119385 700.522217 705.211975 711.199036 713.006714 713.049927 712.266968 710.948242 711.241516 712.771423 715.883057 718.433716 720.264587 722.016357 722.442993
808.312500 798.693726 789.861389 781.357178 773.205811 767.732666 761.671570 755.722412 745.729919 738.071716 730.018250 722.067749 714.186401 706.089661 698.130127 690.544800 686.845154 678.582581 667.791321 659.136597 652.357971 649.434143 645.311646 644.188049 645.143005 647.439941 649.956665 656.089233 658.930481 661.112061 662.838013 664.806030 666.978760 668.446228 672.955017 675.890869 677.436707 676.144348 673.862183 678.772583 685.038208 692.692322 701.823242 705.815857 710.466370 715.302979 719.550903 725.689453 725.866333 725.053223 723.945313 723.173584 724.540039 727.402283 729.663757 731.379272 733.326050 734.062866
