NEW_versions/S_Waiehu/S_Waiehu_10m_ParamsAssigned_0p3.ele
north: 2315395.910359
south: 2312265.910359
east: 760885.886964
west: 753485.886964
rows: 313
cols: 740
[rows 104 to 129 of 313, columns 348 to 405 of 740]
390.362671 392.230133 393.355835 391.486908 383.844513 378.196045 372.783875 369.254761 369.618591 371.229401 374.181824 377.369171 379.075012 378.121429 374.350433 369.708527 363.094482 356.722046 369.346558 381.329926 384.595917 384.847168 386.898590 390.893097 396.887207 399.554413 399.933716 398.583679 392.175507 384.754608 379.302124 372.516663 374.428802 372.664307 368.117737 369.253265 371.436127 372.916870 373.213348 372.166107 370.359924 369.059357 368.835327 369.765930 371.149658 372.389221 373.428101 374.072449 374.269989 374.198730 373.732391 372.922058 372.062897 371.328888 370.479095 369.169800 367.531952 365.327423
380.967224 383.032501 384.369598 383.246490 379.515320 371.845551 366.316864 362.054352 358.852875 360.181061 362.618347 366.372406 370.101868 370.208801 367.138794 362.008698 356.348724 348.667053 352.798523 369.803009 373.924774 374.944214 376.811981 381.020660 386.635345 390.142792 391.485992 390.409515 385.393951 373.608582 366.081360 366.026611 363.495361 360.667053 362.863892 361.362335 364.008942 366.388245 367.355103 366.580383 365.005280 363.789307 363.369873 363.750458 364.527527 365.341980 366.169708 366.610016 367.064697 367.461212 367.725342 367.710938 367.362518 366.836914 366.183899 365.037994 363.442505 361.116547
371.352814 373.492950 375.055511 374.481812 371.567230 367.398560 362.843048 356.269440 351.376312 350.829376 352.011414 356.006653 361.527863 362.206207 359.598236 352.428375 347.737274 339.593323 342.913940 358.263336 363.590515 366.686279 368.769165 370.841614 375.910004 379.324585 381.232269 378.979370 375.306610 365.221832 362.171600 360.702454 356.371063 347.846130 347.154083 355.300781 355.060944 358.749573 360.944214 361.004974 359.620270 358.345886 357.784027 357.911652 358.303986 358.602509 359.050018 359.364960 359.571594 359.951813 361.321838 362.948151 363.238586 363.015259 362.493439 361.367706 359.772064 357.785522
362.016724 364.249847 366.156799 366.210480 363.964905 360.381409 356.386444 352.457886 346.648682 344.875916 343.996368 349.635010 353.336639 354.601257 352.212128 347.047943 337.533905 335.293915 336.454041 343.215057 353.071442 357.063110 360.064087 362.755280 364.041595 367.485840 369.816498 368.737000 367.364990 361.782898 357.956512 354.104584 349.252808 343.883118 339.882233 343.369965 349.115967 352.907593 352.775330 354.073181 352.702698 351.073486 350.345581 350.696289 351.462189 351.664093 351.883301 352.199829 352.588348 353.729645 356.432770 358.359009 359.235931 359.092529 358.348663 356.979706 355.232025 353.219055
353.133118 355.792328 357.901398 358.223999 356.150024 352.699249 348.679565 345.594543 342.040558 336.519806 336.265442 341.705048 345.283661 346.578583 344.167908 339.116577 332.077057 328.712036 329.201660 332.358032 344.500854 348.873413 351.935516 354.542328 355.442139 355.463165 356.460999 358.512421 357.641235 354.720032 351.322906 346.474152 341.416138 336.368835 332.029480 330.093323 337.655060 342.575806 345.718292 345.062653 343.763489 340.024994 339.205780 341.231079 343.216980 344.926117 345.846497 346.874725 347.645050 348.456512 350.695465 352.452209 353.489868 353.250336 352.284760 350.865814 349.203613 347.407410
345.573059 348.314545 350.392792 350.605316 348.242035 344.474579 338.813080 337.590210 335.268707 331.321289 327.403931 332.837097 336.806061 337.912659 335.662506 331.064606 324.097748 320.563599 318.781311 323.211090 335.056152 341.389709 344.721161 346.674133 347.128540 346.223328 345.983948 346.685913 347.537842 347.230804 344.391022 340.602692 335.188751 328.725830 324.466095 320.859680 318.451172 323.864288 335.470215 337.972351 333.021484 330.155090 328.784424 330.104889 333.714874 337.257446 340.031708 342.247162 343.549713 343.002472 343.369446 344.728394 345.221375 344.866486 343.811157 342.529419 341.647064 340.487488
338.292480 341.050201 342.878174 342.651337 339.049011 333.240082 329.510284 330.368225 327.437408 322.251312 321.699463 324.643768 327.944946 328.452332 326.019196 321.845795 317.885803 313.560059 312.252228 314.379364 324.374908 333.943085 337.134979 338.798187 339.268738 338.267212 337.886719 337.076874 338.368652 338.690460 337.171326 333.923065 329.483307 324.456482 319.470612 314.577698 314.049286 316.287811 321.182220 328.802856 328.023834 322.126404 319.671509 320.672333 324.336639 329.252625 332.428833 336.042542 337.904266 337.665344 335.449982 334.741333 334.791290 334.469696 333.832123 334.239471 334.373169 335.310272
329.899506 331.555389 333.867859 333.438538 331.155762 327.203796 325.642975 322.080780 321.177246 319.097931 313.930267 319.313477 319.179596 320.029785 317.728577 315.256744 311.647644 307.218689 306.606354 307.543701 316.615753 327.485168 330.240417 331.356110 331.371552 330.447906 329.911133 329.040222 329.208191 329.474945 329.339783 326.884338 323.004303 318.334595 311.454132 307.646912 306.600342 307.075623 314.400818 318.791473 319.908234 317.189270 311.523651 312.935577 317.796661 322.045074 325.149628 328.954926 330.880127 330.908752 327.655212 326.646942 324.531982 324.073669 324.208191 326.226776 328.291138 330.378510
319.442627 320.428314 323.796967 323.708405 322.405884 320.901245 318.381714 318.723846 316.788544 312.828186 304.639893 309.859253 314.009186 311.715057 310.989716 308.599274 305.355408 301.529755 299.846039 299.921082 312.602844 321.799988 323.947235 324.044189 323.214661 322.543701 322.521790 322.792877 323.051300 321.778229 321.794006 319.181793 315.908386 310.693451 305.409058 301.061523 300.387421 298.841370 302.725739 309.603760 311.292297 308.696045 306.726929 306.773926 312.874725 317.649567 319.231934 320.982269 322.835632 323.548676 320.306488 318.699707 316.739410 314.411621 317.293915 321.284943 323.335602 324.094849
310.221344 310.313385 311.558075 314.205658 314.817993 313.258148 311.282928 311.813263 310.975525 306.132416 296.459442 299.049530 305.001038 306.052338 303.181885 301.669586 298.663269 293.390991 291.891815 293.569092 306.662323 313.531708 317.086243 316.246521 314.521973 313.287048 314.232788 315.684540 316.140442 315.112183 313.682678 311.304626 308.654816 305.772430 301.815033 297.664459 292.051483 291.426331 293.043884 299.589539 303.204773 302.259033 300.099609 302.212036 307.619293 312.477600 314.669281 314.553894 315.655945 315.807861 314.174408 311.063141 308.909637 309.451202 313.226654 315.634583 316.942719 318.262634
301.876160 302.069580 304.683624 307.342651 307.991028 307.773621 306.275970 306.470947 304.273560 299.197205 291.834015 288.733582 292.932953 297.912933 297.960938 294.710480 290.862427 284.406952 283.034332 285.269409 299.301880 306.138550 308.757721 307.680878 305.111176 304.309174 304.765381 307.549957 308.213104 307.464417 305.762909 303.491028 300.034973 298.769348 295.575378 290.171692 285.915070 283.988678 285.105194 292.182312 295.700256 295.428345 294.768127 297.384979 304.301697 307.043854 308.681335 307.263123 307.061523 308.115753 307.831055 304.246002 302.837128 306.068451 308.156525 309.603760 310.002136 311.055237
295.616028 295.776978 298.168030 297.538635 299.358612 301.188751 300.645203 298.819641 296.720825 292.949127 287.035126 280.192902 283.078674 288.834259 291.013397 290.377747 286.487061 279.193146 278.455841 289.373779 295.887238 300.197296 300.423981 299.064301 296.458344 295.284882 296.198395 298.006836 299.382629 298.613159 297.847473 296.808746 294.694153 292.194763 290.243744 287.106750 282.386871 278.372192 276.960693 282.310486 288.996796 291.889404 292.746552 294.215210 298.741455 302.446472 301.508606 300.496063 300.020294 300.256165 301.060211 299.117065 298.590729 300.879639 303.125427 303.378418 304.572327 305.661499
290.322327 291.572205 289.974152 290.779327 290.927185 294.300537 293.322723 291.697021 289.343079 286.676941 281.775116 275.252533 276.603485 279.979614 283.240295 285.054352 284.002777 280.124329 276.443848 285.975403 291.706116 295.083832 294.931122 291.127533 288.893799 288.500336 288.810669 289.660217 290.360168 290.608826 290.578857 289.862823 287.517609 285.577820 284.014587 280.819550 276.457794 270.642975 269.451935 275.774933 283.038757 287.731354 291.357574 293.727386 296.867279 299.069489 299.430481 296.425171 295.872742 294.759979 294.441956 295.579407 296.361816 297.784943 297.941132 298.171753 299.047272 298.694427
287.093658 286.847565 285.415894 283.733551 285.055084 287.621094 287.457855 285.868256 283.301270 279.613098 275.034027 268.759247 267.464386 271.084625 276.720642 279.194336 280.031647 278.483673 272.986023 281.818756 287.292877 290.293671 290.183350 285.943634 283.514648 281.867096 281.259216 281.229675 281.628296 282.667206 282.769196 282.785950 281.009583 277.951538 276.402863 273.795380 266.693329 263.539032 261.513702 268.497986 276.980591 282.806946 287.551727 290.031036 292.419708 293.827301 294.015472 293.698822 291.544739 291.307281 291.448944 292.257568 294.510040 295.623138 294.527466 293.985626 292.952301 292.401733
283.952637 282.747589 281.609894 279.852234 280.541260 281.604004 280.679993 278.319916 275.753784 271.967255 265.061737 263.421539 262.059143 264.749359 272.531555 275.668671 275.236176 273.376404 269.462952 275.332520 281.209290 284.733063 285.233673 283.007416 280.168427 276.661407 274.779266 274.462769 274.304810 274.866486 276.084900 275.917999 273.968506 271.473053 269.019287 264.688049 261.082703 258.825745 257.059113 259.013641 269.643921 275.664246 279.680603 283.551605 286.780731 288.185638 287.208954 287.791351 288.873444 286.806366 286.465881 287.262085 289.640625 290.893951 291.405365 290.824036 288.027802 286.274109
280.386078 278.554962 277.616333 277.154480 276.350281 275.583527 272.655457 269.866730 267.443207 264.537384 259.887543 259.045502 255.371643 262.242889 267.394501 269.199402 268.248810 265.103485 262.853119 271.115295 274.407166 278.413727 279.837982 278.936737 275.871368 271.871429 268.983948 267.094818 267.546112 268.481964 269.392944 269.401917 268.287231 265.295258 263.332001 260.871338 259.300812 257.115845 254.213028 250.878448 260.420258 267.261261 270.007874 275.377686 279.936432 281.869324 281.784088 282.524200 283.608704 283.211945 279.869659 279.954681 281.033478 282.526184 284.074432 284.272675 282.343811 278.480164
275.617767 272.963593 272.820618 272.934326 272.746002 270.126068 266.547241 263.471558 261.888733 260.544098 257.865784 256.175476 254.695663 257.512451 260.137604 259.904419 258.372986 255.538376 253.995682 258.913055 269.738342 271.380646 273.464142 273.309998 269.963379 265.178131 261.292603 259.731873 260.068237 260.940399 262.730804 262.714203 262.583496 260.063049 257.532196 256.461517 255.837860 254.446823 252.140045 249.446365 252.650024 258.942444 267.429199 273.545807 276.255859 277.950928 278.724823 278.503448 277.227051 275.336395 274.411438 270.821564 272.194244 273.229706 273.762970 274.569946 273.592407 270.499207
269.839844 266.014893 267.883118 268.985260 267.617615 264.479889 261.166321 258.765625 258.075378 257.334686 255.653946 253.721466 252.514160 251.298447 251.997665 251.484818 250.872437 250.276047 247.915848 250.183014 261.595367 266.667694 265.530670 265.889374 263.457886 258.617249 255.192734 254.611984 253.749374 254.393509 255.681305 257.445770 257.308960 255.800827 252.371704 251.381226 251.146149 251.484879 249.790009 244.521729 250.795288 259.188721 265.149963 269.712646 272.806213 274.170868 274.633362 273.630615 271.139587 268.101685 267.029449 267.073181 265.938904 267.481445 266.812897 268.061737 267.484344 263.337708
263.397003 262.294708 264.641205 264.888580 263.781769 260.960358 257.715363 255.283096 252.481003 247.406601 247.147217 246.417786 246.046997 246.003922 245.960831 245.907104 245.808044 245.709000 245.270966 246.768143 252.357452 257.981720 260.814453 257.149658 255.991562 252.586777 250.468536 249.670853 249.144760 249.253250 251.218765 252.569992 252.660477 251.258560 248.145050 247.734924 247.961380 247.181076 244.783005 241.660919 251.273102 257.673065 263.371185 266.899902 269.341064 270.242126 270.277252 268.973572 266.060059 263.894196 263.135559 262.902557 263.851898 263.064514 262.337982 262.223846 262.202667 259.588013
260.827576 260.556274 261.204926 261.410828 260.431885 258.139862 252.241959 248.184769 247.925385 247.665985 247.914764 248.682297 249.236938 249.065765 248.666229 247.808960 246.918350 246.100372 244.824478 243.932434 245.298523 246.606125 251.933731 252.801086 250.289154 247.704926 246.610062 245.417068 244.353806 244.944061 246.749512 248.044083 248.135208 246.951736 244.111832 243.201675 242.723557 241.295578 239.624313 240.112411 247.562195 254.904022 260.524689 264.186157 266.203888 266.690979 266.399811 265.371094 263.817505 262.106964 261.571960 260.845703 261.272858 261.258301 259.564331 259.491943 258.404449 256.217560
260.025085 260.284973 260.332062 258.873230 256.601501 253.167542 248.962494 248.444153 250.549637 253.178833 257.672882 263.010834 262.985962 261.827362 260.196899 258.095856 253.208191 250.740906 245.716873 241.406845 239.744034 239.607758 243.563171 244.991699 246.448990 243.970291 242.257828 241.117538 240.440262 241.057175 242.146362 243.029175 243.171570 242.454193 240.891174 238.258255 236.360840 232.421524 235.069733 238.992065 241.005203 250.781891 256.430328 260.535156 262.545654 262.771729 262.297852 261.657318 260.999939 260.100342 259.412598 258.356903 257.955933 257.433868 257.097961 255.468674 254.242798 251.530411
258.391571 257.057404 255.491272 253.402618 252.024460 251.003799 249.983154 257.663269 264.892090 268.986328 271.865967 272.525543 271.494080 269.643250 267.387024 264.688019 259.942017 255.636490 249.718781 242.532501 237.118332 234.640869 235.973190 238.960068 241.442337 241.971802 238.989792 237.718826 237.270248 237.470627 237.830719 235.758133 237.544693 237.804047 236.519653 233.451569 230.824478 227.672668 232.533051 236.426331 239.678406 244.835999 250.854538 255.734726 257.957397 258.298187 257.723450 257.302917 257.083374 256.475647 255.650192 254.596527 253.651733 253.191986 253.042191 253.008850 250.252716 248.280029
254.561920 253.098679 252.146530 252.105835 252.065155 256.774261 265.460266 273.453705 276.111908 278.166931 278.934723 278.421509 276.732025 274.287201 271.518127 268.533722 264.018890 259.477539 252.797211 242.340424 237.027756 233.641037 232.993179 232.345337 235.875580 236.897064 235.387009 233.823334 232.022079 232.085510 232.025803 232.587677 232.977142 232.968140 231.317673 229.234573 226.087219 225.731049 229.246338 232.612930 236.620178 241.022995 245.878601 250.140488 252.808487 253.405853 252.835541 252.478882 252.300659 251.579559 250.468353 249.488968 248.901031 248.929581 249.227020 249.357117 248.251022 244.402374
255.361450 255.410065 257.049896 258.005615 262.483948 271.933655 277.171844 282.589325 284.235168 283.136505 283.668762 282.728485 280.709320 277.818970 274.567017 271.328064 268.380859 263.045898 257.121155 247.259796 239.365814 236.583633 233.743454 231.697479 231.672272 231.432617 231.192947 231.176849 231.160751 230.486237 229.536484 228.759659 228.465454 228.375214 227.868637 226.763260 221.988235 221.031418 223.540054 227.712097 230.161682 235.013794 239.683746 244.170868 247.098495 247.930481 247.477875 247.256607 246.911789 245.873245 244.677017 244.125778 244.445877 245.356247 246.279114 245.983429 244.390427 242.278397
262.780823 264.807831 266.701324 267.630768 271.024811 277.148590 283.838226 287.468323 288.861053 287.724182 286.265350 285.629089 283.638489 280.425140 276.883698 273.383392 270.358124 266.264893 261.680542 254.710907 245.065491 240.277817 237.851303 234.934204 233.015518 232.851074 233.091858 233.851593 233.702972 232.562851 231.204193 230.115799 229.963852 229.782852 229.130753 227.612839 222.366119 219.706146 219.424133 221.645615 224.007782 226.774796 232.995193 237.372787 240.457123 241.813324 241.911270 241.798355 241.295135 240.273239 239.380508 239.289291 240.374542 241.730026 242.597549 241.803070 239.652740 237.955475
268.630096 272.786682 274.247772 276.169800 279.801483 284.458893 287.974518 291.566193 292.725464 291.736969 290.006561 288.731903 286.366516 282.333740 278.729187 275.531433 272.263184 269.526886 265.675476 260.498718 254.472946 246.497086 242.854355 239.983505 238.387421 239.147598 239.475113 239.628632 238.667770 236.476608 233.140152 236.886215 237.110870 236.385406 235.390900 232.931000 229.730484 223.818649 219.142136 219.099258 219.056381 221.150681 226.078949 229.910995 232.990997 234.655991 235.453079 235.662903 235.303970 234.637619 234.295593 234.563492 235.462418 236.355591 236.711365 236.133347 234.218140 233.207901
