NEW_versions/S_Waiehu/S_Waiehu_10m_ParamsAssigned_0p3.ele
north: 2315395.910359
south: 2312265.910359
east: 760885.886964
west: 753485.886964
rows: 313
cols: 740
[rows 78 to 103 of 313, columns 522 to 579 of 740]
116.848396 116.859772 116.966278 116.985390 116.829353 116.285004 115.658859 115.074066 114.240273 113.325417 112.138763 110.727501 109.187553 107.904251 106.862396 105.993805 105.131683 104.121147 102.647591 101.247849 99.691307 98.015884 96.254509 93.610573 90.881432 90.851082 92.287521 95.148369 95.075684 94.933022 94.609779 94.089447 93.375298 92.324776 90.888741 89.290115 88.247482 87.851097 87.836472 87.710121 87.016113 85.725708 83.926849 82.408882 81.489258 80.296768 78.504990 76.139534 74.935051 72.789467 71.658234 71.168503 70.879784 70.599831 71.763947 72.413162 72.445488 71.706322
117.326942 117.322800 117.382118 117.310463 117.032730 116.534340 115.845230 115.098961 114.127861 112.861115 111.754593 110.448601 109.071312 107.728325 106.430046 105.218460 103.949249 102.922821 101.380386 99.912010 98.151527 96.804153 92.844322 90.942131 90.911781 92.867203 95.540703 96.241531 96.253716 96.242256 95.888710 95.469841 94.928146 93.788597 92.112366 90.361229 89.239601 88.593491 88.288200 87.921982 86.846649 85.202927 83.653038 82.267624 81.450279 80.218674 78.270393 75.587151 74.643867 73.991592 72.247520 71.300537 71.159729 73.209503 76.334999 76.869530 76.940552 76.914894
117.820236 117.801224 117.714729 117.451118 117.020248 116.618874 116.094131 115.281883 114.292122 112.548599 111.439392 110.258392 108.952087 107.660103 106.212929 104.758041 103.103706 102.267799 100.513794 98.861870 96.945450 94.528831 91.198967 91.140579 93.778236 96.921204 97.478523 97.494499 97.388885 97.200111 96.897118 96.574013 96.216026 95.134224 93.265228 91.343727 90.166008 89.530174 88.909271 87.961273 86.507248 84.844872 83.364143 82.304367 81.610519 80.255058 78.093666 75.303551 74.462799 73.473686 72.286148 72.214088 73.855522 77.082375 78.289230 78.965355 79.449036 79.809250
118.145836 118.267609 118.163231 117.667007 116.999382 116.591972 116.289238 115.599266 114.533203 112.806175 111.372444 110.180618 108.860184 107.599762 106.206161 104.852005 103.298073 102.522324 100.880165 97.566818 96.083214 93.654251 91.485687 93.563805 97.473450 98.465668 99.019341 98.668449 98.174187 97.866432 97.658432 97.357780 97.104439 96.004166 94.253540 92.398453 91.114136 90.435501 89.312820 87.949783 86.184189 84.602364 83.459274 82.581352 81.729256 80.293816 78.124039 75.905289 73.346085 73.077843 72.681992 74.321808 77.022217 78.680168 80.203140 81.279335 82.008148 82.214958
118.289909 118.570213 118.764969 117.912338 116.877090 116.281113 115.940857 115.422623 114.449387 112.844910 111.336533 110.047661 108.753563 107.580124 106.384605 105.167755 103.940109 103.191956 101.331657 97.653664 96.121803 95.107063 95.080727 97.125114 98.825249 99.741356 99.369453 99.001617 98.665932 98.413841 98.200066 97.883194 97.572655 96.551987 95.032623 93.381813 92.091637 91.123215 89.699547 87.743828 85.925751 84.589836 83.765373 82.901825 81.828156 80.200409 77.960411 75.599869 73.614334 74.208542 75.353203 76.778252 78.233078 79.758301 81.305183 82.147919 82.604507 82.749214
118.403008 118.683090 118.705826 117.887375 116.636284 115.595444 114.895515 114.328247 113.587173 112.641747 111.133713 109.890884 108.753761 107.738914 106.774902 105.778969 104.328911 103.355858 101.440552 98.913467 97.020660 95.971069 96.326164 98.241356 99.905525 100.103455 99.755318 99.397461 99.116486 98.841743 98.562668 98.177956 97.688187 96.825500 95.623077 94.131615 92.850403 91.553291 89.752350 87.417740 85.807236 84.732605 83.950569 83.075027 81.795616 79.907173 77.829468 74.940025 73.882576 75.249878 76.663597 77.903389 79.216789 80.435020 81.474335 82.171997 82.718117 82.893875
118.419411 118.735191 118.712212 117.882202 116.308632 114.768799 113.801384 113.211449 112.646187 111.916100 110.865517 109.712059 108.663155 107.800346 106.961433 105.986862 104.655342 103.107903 101.280777 99.276291 97.541855 96.877609 97.314140 99.019257 100.226097 100.567207 100.410576 100.106880 99.781662 99.291557 98.808388 98.297577 97.683609 96.840935 95.738251 94.501465 93.203636 91.649940 89.849220 87.301628 85.876656 84.749573 83.836113 82.959770 81.507927 79.487862 76.971680 74.455917 74.329552 76.440117 77.697922 78.942734 80.127121 81.070930 81.670998 81.983681 82.196175 82.302429
118.626953 118.635048 118.228088 117.251793 115.750046 114.191536 113.049217 112.429558 111.949425 111.362396 110.679909 109.452385 108.387695 107.327362 106.546310 105.490082 104.032974 102.386726 100.401939 99.649292 97.853523 97.742218 98.687691 100.030403 100.992035 101.386925 101.300072 100.914070 100.592033 100.020485 98.857841 98.032257 97.248405 96.383522 95.388138 94.341255 93.127625 91.527115 89.743393 87.751228 86.118080 84.690346 83.127342 82.093048 80.762810 78.929749 75.750648 74.582283 74.708649 77.361961 78.717636 80.024445 81.596390 82.053879 82.005577 81.749001 81.515656 81.191841
118.992462 118.468605 117.638123 116.504059 115.136086 113.760368 112.675270 112.126740 111.563408 111.107964 110.670998 109.245827 107.778290 106.593483 105.531609 104.216515 103.317772 101.652420 100.048790 98.992218 97.753365 97.747795 100.278946 101.352310 102.378876 102.642303 102.360420 101.762604 101.356979 100.615059 98.943596 97.589073 96.535820 95.563271 94.599815 93.752731 92.772949 91.346664 89.726669 88.311485 86.412285 84.663635 82.434448 81.057518 80.059639 78.642845 75.449242 74.768539 75.947014 77.831314 79.574532 81.249390 83.147507 82.576508 82.171051 81.433487 80.830086 80.216934
119.232086 118.661613 117.194000 115.867599 114.437935 113.057800 112.068657 111.458794 111.014084 110.775040 110.740593 109.175797 107.703911 106.812386 105.292458 103.107506 101.955963 100.938316 99.387367 97.764519 97.758942 100.360115 102.379860 103.305016 104.026833 103.901489 103.024986 102.305504 101.671082 100.887032 99.131538 97.477188 96.014641 94.780350 93.724609 92.984581 92.336746 91.242065 89.842003 88.584015 86.647163 84.841301 82.681999 80.546448 79.373512 77.906502 75.588470 75.669731 77.397835 78.502419 80.073654 81.621483 82.779015 82.535919 82.044525 81.159462 80.220398 79.499573
119.462181 118.749748 116.799248 115.223045 113.711868 112.304741 111.382622 110.657150 110.234261 110.073051 110.067032 109.211327 107.868523 107.068459 105.556442 102.841927 101.355820 99.467735 97.775665 97.770088 99.470085 102.267746 103.163948 104.281815 104.662399 104.513306 103.775604 102.820419 101.884064 101.008003 99.923126 97.562843 95.806305 94.193054 92.930801 92.095535 91.743500 90.989227 89.854134 88.680580 87.073456 85.018074 83.167297 81.807991 80.212234 77.532219 75.832397 76.583031 79.127731 79.444504 80.716644 81.700119 82.344193 82.202477 81.646301 80.793472 79.720703 79.047028
119.883629 119.183411 117.493248 115.573425 113.858429 112.370796 111.331139 110.476089 109.854362 109.061737 108.750504 108.326813 106.663757 106.136734 104.847679 102.605919 99.576256 97.786819 97.781242 99.584671 101.424126 102.596107 103.982864 104.733261 105.225372 105.050888 104.362526 103.161499 102.138626 101.181412 100.062157 97.566940 95.506149 93.759346 92.244560 91.078873 91.124016 90.615005 89.711296 88.628326 87.571938 85.801720 84.329338 82.801208 81.023132 77.589767 76.380913 78.274277 79.947479 79.965683 81.181755 81.891914 82.215866 81.994217 81.417755 80.570595 79.466949 78.641197
120.373215 119.761581 118.478783 116.170105 114.299965 112.670616 111.548653 110.731155 110.086807 108.940933 108.076233 107.041954 105.592491 104.544403 103.514732 100.262749 97.797966 97.792389 99.755920 101.646339 102.772301 102.786781 104.392448 105.203400 105.581665 105.444572 104.540474 103.163307 102.059074 101.064789 99.913254 97.873520 94.887955 93.203629 91.739517 90.918022 90.607567 90.178513 89.385956 88.324112 87.374031 85.939026 84.882881 83.625999 80.872200 78.116867 77.648560 79.630257 80.366096 80.846725 81.709755 82.262589 82.276695 81.979088 81.413025 80.584511 79.462448 78.432465
120.825569 120.358696 119.334938 116.809631 114.788567 113.223251 112.215385 111.502258 110.855484 109.810936 109.327080 108.178185 105.682434 103.925514 101.875099 99.052734 98.403328 99.994507 102.230240 103.043442 103.676003 104.127251 104.913948 105.881348 106.296890 105.695396 104.372223 102.790482 101.563599 100.449623 99.238693 97.519562 94.096817 92.411247 91.368423 90.764664 90.303421 89.625664 88.642929 87.494118 86.622398 85.812164 84.762802 79.763802 79.719940 79.314903 79.857704 81.375267 82.016678 82.515526 82.847374 82.955711 82.644600 82.177086 81.651550 80.680771 79.489555 78.280441
121.015625 120.630852 119.610947 117.707184 115.307388 114.045258 113.291718 112.829353 112.209396 111.322487 110.348717 109.127838 107.323463 103.865471 100.993538 99.389488 100.266548 102.548332 103.024544 103.666542 104.350662 104.880417 105.542183 106.907440 107.155426 105.873421 104.112343 102.018761 100.651985 99.388557 98.136719 96.555466 93.515823 91.346382 90.804939 90.488213 90.048767 88.960068 87.607277 86.060104 85.027664 83.662926 81.685638 79.807663 80.124977 81.357048 83.285141 84.307510 84.573235 84.549377 84.314430 83.631638 82.787323 81.894768 81.597862 80.776253 79.488907 78.240189
121.126106 120.766975 119.687660 117.874741 115.649849 114.619133 114.065369 113.681938 113.113113 112.232315 111.190109 109.793663 107.908775 104.617920 101.320282 101.177254 103.439804 104.185112 104.304268 104.497597 104.949234 105.471405 106.379028 107.753601 107.147537 105.464264 103.446396 101.459030 99.501968 98.101257 96.835274 95.390541 93.216774 90.292435 89.670425 89.693932 89.240356 87.949234 86.055283 84.033012 82.104446 79.939240 79.895378 79.851524 83.075127 85.199348 86.763527 87.367035 87.384491 86.763397 85.649750 84.726685 83.234337 81.846359 80.008278 79.653854 79.446129 78.318359
121.224190 120.722588 119.527130 117.963226 115.938278 114.929955 114.428001 113.958206 113.319710 112.383629 111.168930 109.676460 107.820053 102.866783 102.318993 104.430672 106.177284 106.184105 105.742844 105.430931 105.559982 106.060837 107.101097 107.632462 106.412117 104.524933 102.492317 100.563606 98.720970 96.737785 95.464233 94.184608 92.491119 89.594940 88.446045 88.340935 87.654984 86.260460 83.057335 80.070824 80.026962 79.983101 82.647438 85.914833 87.684258 88.164459 88.729965 89.428627 89.641167 88.379303 86.984451 85.972076 84.618347 83.234566 80.362694 79.299438 77.837135 77.501183
121.145020 120.388130 119.154541 117.721046 116.055695 114.920769 114.414330 113.979744 113.366043 112.314529 110.837349 109.088989 106.515999 103.414574 104.514053 107.962112 108.614761 107.978767 106.624008 106.401482 106.242348 106.601051 107.269417 107.090012 105.230240 103.259521 101.387909 99.459808 97.590065 95.880363 94.288994 93.167534 91.662842 89.339584 87.386383 86.096809 85.226677 80.290123 80.246262 80.114685 82.506516 85.612785 88.002831 89.482719 90.114510 90.357628 90.501953 90.666397 90.387581 89.341690 88.275291 87.428780 86.073891 84.029594 81.085274 78.509033 78.173080 78.844627
120.956757 119.829010 118.747238 117.565079 116.359230 114.683624 114.146446 113.771568 113.204361 112.090363 110.410530 108.444939 104.573189 103.962364 107.675179 110.600258 110.563881 109.251633 107.429138 107.077858 107.019958 107.100044 107.078133 106.369423 103.923309 102.376381 100.690231 98.587303 96.569275 94.882584 93.678612 92.346565 90.869972 88.613358 86.235291 85.155914 80.853149 80.333984 80.202400 80.158546 88.855751 90.717728 91.582741 92.242653 92.288979 92.143204 92.054260 91.993080 91.407532 90.339516 89.426529 88.404190 86.949142 84.385757 81.670601 78.731499 78.862679 79.032730
120.383110 119.481506 118.363060 117.535797 116.347229 114.589920 113.688896 113.277176 111.705208 109.411423 107.683838 106.330009 105.184021 105.794846 109.884171 112.417244 111.817734 110.157913 108.237419 107.750702 107.712990 107.677719 107.299736 106.056862 103.955154 102.363953 100.679138 98.462242 96.296120 94.463783 93.173904 92.022675 90.167412 87.762566 85.367104 83.351212 81.372307 81.891472 85.339806 89.182274 91.572403 93.352783 94.177635 94.469490 94.275070 94.134361 94.319511 93.636909 92.727585 91.418625 90.269691 89.012764 87.613289 84.815826 82.160408 79.025368 79.433342 79.017471
119.680824 118.883919 118.099953 117.223503 115.827759 114.176399 112.991135 110.684250 108.270653 107.184837 106.918037 106.337128 106.777397 109.419876 112.229126 113.434082 112.428719 110.736580 109.104675 108.418953 108.414146 108.618805 108.046410 106.495956 104.542763 102.816795 101.248009 99.133636 96.823502 94.712631 93.141663 91.693207 89.836754 86.905434 84.111755 82.577080 82.483475 85.662743 89.315666 91.390015 93.349030 94.974586 95.967522 96.415527 96.186676 95.948784 95.816650 95.166725 94.020927 92.527603 91.075874 89.573143 88.100853 85.990761 83.219925 79.984550 79.570847 78.980606
118.986763 118.332230 117.582558 116.714142 114.948021 113.630501 112.052765 110.568764 109.428070 109.736038 110.670349 111.155342 112.127808 112.899086 113.880699 113.815666 112.615158 110.604706 109.571342 109.287170 109.187523 109.459549 108.239594 106.759010 105.152824 103.278397 101.797394 99.767937 97.367424 95.122681 93.294594 91.619377 89.691353 87.357124 84.338997 83.098709 84.810112 89.265152 91.591721 93.192680 94.704033 96.421883 97.572380 97.959572 97.601341 97.077866 96.628090 95.873756 94.835815 93.514511 91.984459 90.282669 88.678764 87.123688 84.195938 81.735359 79.245842 79.090439
118.479225 117.831146 116.908195 115.652245 114.251053 112.506340 112.010178 111.967590 113.252357 115.719032 117.353729 117.417877 116.721443 115.956451 115.399567 114.656525 112.319008 110.945641 110.524567 109.917816 109.572762 109.283638 108.073608 106.630508 105.029930 103.182182 101.648323 99.689529 97.326607 95.067642 93.191910 91.640396 89.629402 87.400696 84.527557 84.690613 87.871185 91.458832 93.332108 94.943703 96.571877 98.238678 99.106903 99.163460 98.455093 97.518707 96.808846 96.107033 95.349609 94.267387 92.702682 90.860168 89.186119 87.654388 85.287628 82.851402 79.471230 79.051208
118.266365 117.530029 115.106186 113.609749 112.665756 112.654228 112.802116 114.422546 116.614136 118.726936 120.204285 120.488174 119.622650 118.274185 116.846413 115.284607 112.972366 111.425583 110.852745 110.172134 109.773514 109.249855 107.850533 106.229507 104.548492 103.141434 101.018822 99.103790 96.840675 94.706512 93.027298 91.856926 90.611244 87.586876 84.622658 85.657753 90.040924 92.991554 94.855476 96.816650 98.654984 100.000366 100.371605 100.025848 99.263962 97.813721 96.923424 96.285507 95.707115 94.725922 93.141830 91.270012 89.584175 88.058922 86.043747 83.814133 81.492378 78.816307
115.969254 113.892998 112.893967 112.873543 112.853111 113.040474 113.594048 116.820328 119.721359 121.278938 122.443130 122.561485 121.522720 119.881187 117.938614 115.880608 113.123352 111.996819 110.891640 110.176979 109.796410 109.163361 107.644257 105.733864 103.942795 102.484787 100.229576 98.378914 96.349579 94.537407 93.160637 92.251907 91.426834 87.366440 85.538391 86.849327 91.872414 94.206345 96.107025 98.588860 100.261513 101.141479 101.086266 100.563904 99.707306 98.333183 97.315331 96.673729 96.052773 94.955688 93.389954 91.676666 90.021484 88.519981 87.097214 84.693542 82.556900 79.879791
113.164093 113.039246 112.914391 115.230728 117.284943 118.477913 119.424446 120.001030 121.373024 123.433243 124.256180 123.974434 122.670242 120.731964 118.534866 115.951233 114.177567 112.417564 111.110184 110.206039 109.638992 108.866188 107.258926 105.278809 103.427391 101.879684 99.790489 97.916466 96.231659 94.746391 93.668350 92.959969 91.622887 87.196571 87.023163 90.557411 94.536949 95.639366 97.974373 99.833160 101.025490 101.523819 101.313477 100.850327 100.141777 98.944321 97.837929 97.076515 96.278015 95.040771 93.540108 92.065796 90.592239 89.153740 87.709564 85.542908 83.485191 80.827782
