WMS/Waihehe_v1/Waihehe_v1_sp_4p0_Soils_Indexed.ele
north: 2317402.744958
south: 2312202.744958
east: 755409.758305
west: 751409.758305
rows: 52
cols: 40
[rows 0 to 37 of 52, columns 0 to 39 of 40]
0.000000 0.000000 0.000000 0.000000 0.000000 0.000000 0.000000 0.000000 0.000000 0.000000 0.000000 0.000000 0.000000 0.000000 0.000000 0.000000 0.000000 0.000000 0.000000 0.000000 0.000000 0.000000 0.000000 0.000000 0.000000 0.000000 0.000000 0.000000 0.000000 0.000000 0.000000 0.000000 0.000000 0.000000 0.000000 0.000000 0.000000 0.000000 0.000000 0.000000
0.000000 0.000000 0.000000 0.000000 0.000000 0.000000 0.000000 0.000000 0.000000 0.000000 0.000000 0.000000 0.000000 0.000000 0.000000 0.000000 0.000000 0.000000 0.000000 0.000000 0.000000 0.000000 0.000000 0.000000 0.000000 0.000000 0.000000 0.000000 0.000000 0.000000 725.272522 619.858704 568.736450 0.000000 0.000000 0.000000 0.000000 0.000000 0.000000 0.000000
0.000000 0.000000 0.000000 0.000000 0.000000 0.000000 0.000000 0.000000 0.000000 0.000000 0.000000 0.000000 0.000000 0.000000 0.000000 0.000000 0.000000 0.000000 0.000000 0.000000 0.000000 0.000000 941.596680 934.646912 882.831726 791.475281 778.179138 841.005310 835.098022 806.253906 702.720520 588.916992 478.509918 422.005554 377.130310 0.000000 0.000000 0.000000 0.000000 0.000000
0.000000 0.000000 0.000000 0.000000 0.000000 0.000000 0.000000 0.000000 0.000000 0.000000 0.000000 0.000000 0.000000 0.000000 0.000000 0.000000 0.000000 0.000000 0.000000 0.000000 0.000000 0.000000 939.746338 900.302124 820.120300 742.761902 709.507202 815.503662 805.792236 740.539856 652.043335 559.816528 438.453186 317.065918 292.526276 253.655823 0.000000 195.844208 0.000000 0.000000
0.000000 0.000000 0.000000 0.000000 0.000000 0.000000 0.000000 0.000000 0.000000 0.000000 0.000000 0.000000 0.000000 0.000000 0.000000 0.000000 0.000000 0.000000 0.000000 0.000000 0.000000 958.162415 874.165405 809.058411 715.502991 660.894836 613.104431 754.433899 720.359680 685.872253 610.792358 540.121155 411.066559 269.778229 255.512268 215.691559 209.075775 202.459991 0.000000 0.000000
0.000000 0.000000 0.000000 0.000000 0.000000 0.000000 0.000000 0.000000 0.000000 0.000000 0.000000 0.000000 0.000000 0.000000 0.000000 0.000000 0.000000 0.000000 0.000000 0.000000 972.045593 966.415527 824.439148 715.300781 577.303833 517.523682 565.314087 649.484619 639.768921 615.928894 577.994751 456.084351 367.047607 291.714050 228.646744 226.252243 274.922089 296.375793 0.000000 0.000000
0.000000 0.000000 0.000000 0.000000 0.000000 0.000000 0.000000 0.000000 0.000000 0.000000 0.000000 0.000000 0.000000 0.000000 0.000000 0.000000 0.000000 0.000000 0.000000 0.000000 986.138672 951.373779 820.013245 691.940369 486.620361 484.245453 564.265381 537.055237 542.578674 526.751526 481.590393 382.503021 300.861847 262.444336 231.041260 282.393921 354.053009 411.543121 0.000000 0.000000
0.000000 0.000000 0.000000 0.000000 0.000000 0.000000 0.000000 0.000000 0.000000 0.000000 0.000000 0.000000 0.000000 0.000000 0.000000 0.000000 0.000000 0.000000 0.000000 0.000000 994.238281 910.220947 810.947693 679.589539 530.102661 445.132385 474.679169 373.768250 364.476410 370.663757 368.093872 325.477417 291.214233 235.315643 233.435760 350.580444 431.397339 489.838593 0.000000 0.000000
0.000000 0.000000 0.000000 0.000000 0.000000 0.000000 0.000000 0.000000 0.000000 0.000000 0.000000 0.000000 0.000000 0.000000 0.000000 0.000000 0.000000 0.000000 0.000000 986.763184 925.349243 871.179260 796.411560 694.601257 515.295593 415.585632 386.038849 349.823639 310.729614 300.710815 291.626862 279.806335 267.041595 237.195526 269.934021 322.610321 451.503662 552.934143 0.000000 0.000000
0.000000 0.000000 0.000000 0.000000 0.000000 0.000000 0.000000 0.000000 0.000000 0.000000 0.000000 0.000000 0.000000 0.000000 0.000000 0.000000 0.000000 0.000000 991.141113 946.109070 869.898254 779.986023 730.978210 635.556519 542.097229 460.262268 377.512054 326.434296 320.748413 335.717163 308.649475 308.758392 294.733459 239.075409 319.923004 371.233398 460.312103 554.796570 653.216064 0.000000
0.000000 0.000000 0.000000 0.000000 0.000000 0.000000 0.000000 0.000000 0.000000 0.000000 0.000000 0.000000 0.000000 0.000000 0.000000 0.000000 0.000000 1003.872070 920.016052 826.194153 754.914124 628.009644 573.363403 518.480164 485.415802 413.777435 337.806061 332.120178 421.875488 469.932465 439.418274 402.039459 320.602478 243.105759 307.630463 400.617126 505.298218 589.871216 681.020630 0.000000
0.000000 0.000000 0.000000 0.000000 0.000000 0.000000 0.000000 0.000000 0.000000 0.000000 0.000000 0.000000 0.000000 0.000000 0.000000 0.000000 1028.783691 953.262634 832.071533 701.159119 604.009216 525.230774 432.503784 424.023804 356.510223 350.275513 344.040771 397.399597 494.018524 551.382141 537.200134 411.366638 305.326721 256.140625 292.161469 325.979980 499.515167 614.169922 711.467468 0.000000
0.000000 0.000000 0.000000 0.000000 0.000000 0.000000 0.000000 0.000000 0.000000 0.000000 0.000000 0.000000 0.000000 0.000000 0.000000 0.000000 1029.126343 927.328979 815.944763 684.616638 566.062195 491.466522 393.271729 381.017883 368.764069 422.707092 403.467560 441.423126 549.431396 603.780884 532.552063 446.878326 325.257477 258.505188 320.470551 357.832855 515.878540 631.580994 726.390625 0.000000
0.000000 0.000000 0.000000 0.000000 0.000000 0.000000 0.000000 0.000000 0.000000 0.000000 0.000000 0.000000 0.000000 0.000000 0.000000 0.000000 1059.562744 935.518738 816.868835 740.754211 677.472168 589.860291 510.939667 485.774292 471.570709 477.072662 462.580078 553.810791 613.080505 607.359558 500.908203 413.231873 331.311707 289.381348 342.282593 418.683197 555.459900 644.663574 734.447449 0.000000
0.000000 0.000000 0.000000 0.000000 0.000000 0.000000 0.000000 0.000000 0.000000 0.000000 0.000000 0.000000 0.000000 0.000000 0.000000 0.000000 1096.245483 995.192932 905.424500 849.700012 790.827454 684.820374 637.099609 614.303223 575.468323 558.208374 562.835022 636.391418 624.177429 534.262634 489.034088 408.213715 318.660156 302.052948 308.953552 405.197662 531.248413 645.865356 734.957336 0.000000
0.000000 0.000000 0.000000 0.000000 0.000000 0.000000 0.000000 0.000000 0.000000 0.000000 0.000000 0.000000 0.000000 0.000000 0.000000 0.000000 1148.988647 1026.709229 968.108032 880.588257 863.783997 812.948975 787.148376 765.560364 740.475403 729.974060 719.194580 658.609070 531.715027 454.993835 356.406982 310.275665 307.534760 304.793854 315.854187 364.008636 519.778381 623.200134 744.363831 0.000000
0.000000 0.000000 0.000000 0.000000 0.000000 0.000000 0.000000 0.000000 0.000000 0.000000 0.000000 0.000000 0.000000 0.000000 0.000000 0.000000 1120.991943 1015.911194 918.630798 894.509949 972.997620 937.359680 907.110352 884.626038 865.621399 787.013428 695.400269 572.999817 446.217590 318.152405 315.526825 312.901245 355.178345 355.770142 356.694336 385.088104 513.867676 642.763123 755.612000 861.874939
0.000000 0.000000 0.000000 0.000000 0.000000 0.000000 0.000000 0.000000 0.000000 0.000000 0.000000 0.000000 0.000000 0.000000 0.000000 0.000000 1119.674194 1023.984802 942.751648 969.627869 1029.867554 1025.903687 994.183655 932.992188 850.947937 749.368042 638.819702 533.904114 413.207153 320.777985 323.403564 400.271545 442.094299 428.435425 424.697083 498.392731 612.054199 697.441589 789.467651 884.805359
0.000000 0.000000 0.000000 0.000000 0.000000 0.000000 0.000000 0.000000 0.000000 0.000000 0.000000 0.000000 0.000000 0.000000 0.000000 1174.744629 1121.753540 1031.956177 966.872498 981.039185 1093.095337 1076.540405 1002.259094 916.347412 821.512146 747.760803 644.604736 513.233154 416.700439 326.206726 379.076843 482.110809 559.840271 577.578918 573.079163 606.683472 665.456238 757.409790 844.003174 0.000000
0.000000 0.000000 0.000000 0.000000 0.000000 0.000000 0.000000 0.000000 0.000000 0.000000 0.000000 0.000000 0.000000 0.000000 1273.097778 1172.711304 1152.226318 1065.181641 1023.621643 995.205811 1089.934814 1077.986084 985.731873 899.819885 809.643799 737.253967 603.563965 505.425842 413.231964 327.608307 375.035339 473.376312 596.093811 671.796570 700.048889 712.189941 737.211243 815.399475 902.354187 0.000000
0.000000 0.000000 0.000000 0.000000 0.000000 0.000000 0.000000 0.000000 0.000000 0.000000 0.000000 0.000000 0.000000 0.000000 1280.852539 1231.092285 1172.189209 1120.600464 1073.908936 1009.372498 1103.518188 1063.941040 984.967896 902.971252 814.519531 690.826172 617.649109 508.140930 391.472656 353.123871 378.639465 442.633331 569.188110 687.705261 772.567505 813.700623 827.229431 892.016602 0.000000 0.000000
0.000000 0.000000 0.000000 0.000000 0.000000 0.000000 0.000000 0.000000 0.000000 0.000000 0.000000 0.000000 0.000000 0.000000 1294.315552 1255.618286 1183.035156 1118.378784 1063.901611 1053.894165 1118.491821 1035.629761 947.993286 867.590820 777.595825 684.870178 614.099365 497.526367 357.639832 355.381866 398.843750 434.204956 546.493042 654.138977 768.858215 865.864502 915.211914 0.000000 0.000000 0.000000
0.000000 0.000000 0.000000 0.000000 0.000000 0.000000 0.000000 0.000000 0.000000 0.000000 0.000000 1361.353638 0.000000 1302.828735 1262.456055 1206.006470 1162.448120 1095.812500 1063.739624 1103.643799 1101.746826 1007.247986 907.514282 794.551147 726.250732 646.564941 593.101013 474.682434 359.897827 411.621460 401.980621 478.086395 555.853027 644.216675 761.893433 861.899597 0.000000 0.000000 0.000000 0.000000
0.000000 0.000000 0.000000 0.000000 0.000000 0.000000 0.000000 0.000000 0.000000 0.000000 0.000000 1329.491821 1298.391235 1274.242310 1217.813843 1171.205933 1126.647949 1116.117554 1058.229492 1124.973999 1041.296997 964.661621 868.619507 789.697083 725.372681 626.503113 552.085266 487.763489 362.155792 392.761047 419.163696 475.032043 564.683228 656.315430 766.814026 867.099792 0.000000 0.000000 0.000000 0.000000
0.000000 0.000000 0.000000 0.000000 0.000000 0.000000 0.000000 0.000000 0.000000 0.000000 0.000000 1317.107910 1254.714722 1207.319824 1191.184448 1138.353638 1122.420898 1089.251587 1052.719360 1047.209229 983.090515 907.987000 847.314697 777.343506 722.871582 633.692200 537.160156 457.128876 364.413788 411.654297 442.825562 497.980957 600.179810 727.151245 807.692749 896.586548 0.000000 0.000000 0.000000 0.000000
0.000000 0.000000 0.000000 0.000000 0.000000 0.000000 0.000000 0.000000 0.000000 0.000000 1332.180054 1302.875977 1240.699951 1186.718018 1170.596558 1154.475098 1178.091309 1062.385742 1035.519775 946.367737 887.213684 821.916748 764.196472 697.265930 623.532104 544.695496 463.309875 434.350800 366.671753 453.947601 493.631775 523.350342 666.907471 766.310303 858.201355 0.000000 0.000000 0.000000 0.000000 0.000000
0.000000 0.000000 0.000000 0.000000 0.000000 0.000000 0.000000 0.000000 0.000000 0.000000 1338.309448 1314.466675 1230.785767 1229.492798 1202.479370 1192.235840 1135.188477 1063.564697 969.566833 859.987976 772.664856 706.182434 662.997253 589.769470 535.393433 467.103607 453.359497 381.330658 374.001221 510.275513 578.165344 653.484619 728.966797 826.118591 890.840271 0.000000 0.000000 0.000000 0.000000 0.000000
0.000000 0.000000 0.000000 0.000000 0.000000 0.000000 0.000000 0.000000 0.000000 0.000000 1346.807129 1329.719849 1282.767822 1252.884766 1193.108276 1111.648193 1054.943359 972.234741 870.974548 771.394653 688.397522 577.332336 535.081604 500.103241 495.512146 487.114288 439.742249 425.183716 503.783600 611.550598 684.982971 755.132813 807.464294 875.694092 0.000000 0.000000 0.000000 0.000000 0.000000 0.000000
0.000000 0.000000 0.000000 0.000000 0.000000 0.000000 0.000000 0.000000 0.000000 0.000000 1361.312500 1340.016846 1312.762085 1250.817627 1145.380981 1046.812012 977.980408 860.155029 816.958984 708.171753 624.942505 592.154907 547.440857 537.781494 483.330872 446.230438 443.770203 472.367645 531.992981 661.881714 764.208496 819.486694 839.947571 925.676270 0.000000 0.000000 0.000000 0.000000 0.000000 0.000000
0.000000 0.000000 0.000000 0.000000 0.000000 0.000000 0.000000 0.000000 0.000000 0.000000 1367.596191 1356.072876 1306.329590 1218.109863 1121.660400 1026.680054 893.891174 812.821533 750.516785 659.795044 564.027893 561.781982 539.937256 516.280151 451.150909 448.690674 447.798126 499.865692 592.320190 675.625916 813.226440 873.704895 941.171997 989.106689 0.000000 0.000000 0.000000 0.000000 0.000000 0.000000
0.000000 0.000000 0.000000 0.000000 0.000000 0.000000 0.000000 0.000000 0.000000 0.000000 1357.279297 1308.508545 1260.735718 1184.782471 1084.961304 968.211609 813.446838 713.667847 660.432068 497.455353 476.308380 466.844330 462.576019 456.071381 453.611145 485.704224 495.075775 512.521729 646.091980 734.243530 834.526489 911.532837 1001.819458 1050.828003 0.000000 0.000000 0.000000 0.000000 0.000000 0.000000
0.000000 0.000000 0.000000 0.000000 0.000000 0.000000 0.000000 0.000000 0.000000 0.000000 1310.598511 1227.989380 1147.895630 1069.295410 991.880737 892.850952 735.727051 595.588745 569.175598 518.602356 539.749329 575.587219 502.774719 484.308441 527.420959 511.894928 503.700562 578.916809 656.607727 762.892151 846.309204 950.891174 1039.671509 0.000000 0.000000 0.000000 0.000000 0.000000 0.000000 0.000000
0.000000 0.000000 0.000000 0.000000 0.000000 0.000000 0.000000 0.000000 0.000000 1316.926392 1244.116943 1135.960205 1017.229736 910.706604 831.686768 755.300598 655.084351 568.249329 536.507813 527.555054 651.486816 601.642883 521.240967 540.786743 549.142639 544.106750 562.172241 626.162231 729.826904 787.772095 889.785400 1009.274231 1080.385010 0.000000 0.000000 0.000000 0.000000 0.000000 0.000000 0.000000
0.000000 0.000000 0.000000 0.000000 0.000000 0.000000 1410.139893 1360.652710 1353.676514 1273.055420 1171.600952 1072.107300 979.329285 846.890869 766.287170 670.255737 585.544800 556.145630 545.460510 592.770325 688.729431 614.622620 539.707275 558.959412 600.576172 618.896606 567.367004 679.555359 771.980652 843.927612 957.179565 1064.026001 0.000000 0.000000 0.000000 0.000000 0.000000 0.000000 0.000000 0.000000
0.000000 0.000000 0.000000 0.000000 0.000000 1391.070190 1318.577026 1237.318848 1212.709473 1241.587891 1105.288574 985.475464 976.476501 883.217041 802.023804 671.807617 577.515869 566.830750 603.837585 648.214050 707.419006 653.060547 570.264221 616.112427 690.975525 616.439026 601.914246 732.891052 808.938293 916.533203 1027.628540 0.000000 0.000000 0.000000 0.000000 0.000000 0.000000 0.000000 0.000000 0.000000
0.000000 0.000000 0.000000 0.000000 1393.079224 1321.494873 1226.391602 1116.294434 1074.726685 1137.126221 1054.759277 934.955017 926.916199 851.604309 757.289856 591.049988 584.282959 608.598206 627.376770 693.553345 741.748108 677.744202 600.821106 603.334290 709.478760 630.963806 667.986694 786.924377 882.992004 991.809387 0.000000 0.000000 0.000000 0.000000 0.000000 0.000000 0.000000 0.000000 0.000000 0.000000
0.000000 0.000000 0.000000 1390.528198 1326.370850 1228.017578 1152.773438 1033.042603 925.372131 968.822327 981.550598 899.623169 841.490601 776.268860 617.073792 597.817078 610.871704 664.933899 646.155334 663.057922 745.217590 731.377930 615.688110 605.596497 703.317688 645.488586 732.862915 832.686401 957.483154 1059.514038 0.000000 0.000000 0.000000 0.000000 0.000000 0.000000 0.000000 0.000000 0.000000 0.000000
0.000000 0.000000 1332.914307 1281.715698 1234.032715 1165.822388 1044.030518 940.290710 827.593628 735.670959 713.203674 746.100098 691.342041 658.821289 636.330505 655.587219 623.993469 697.335693 696.863098 679.960510 743.221008 730.893250 625.779724 678.289307 702.226257 688.970642 759.816833 880.394592 1010.968567 0.000000 0.000000 0.000000 0.000000 0.000000 0.000000 0.000000 0.000000 0.000000 0.000000 0.000000
