WMS/S_Waiehu_v2/WMS_Scenarios_w_infiltration/Figures/Devt_Scen_Max_Flood_PresentDay.asc
ncols 146
nrows 63
xllcorner 753485.886964
yllcorner 2312265.910359
cellsize 50.000000
NODATA_value -9999
[rows 0 to 27 of 63, columns 63 to 125 of 146]
0.000000 0.000000 0.000000 0.000000 0.000000 0.000000 0.000000 0.000000 0.000000 0.000000 0.000000 0.000000 0.000000 0.000000 0.000000 0.000000 0.000000 0.000000 0.000000 0.000000 0.000000 0.000000 0.000000 0.000000 0.000000 0.000000 0.000000 0.000000 0.000000 0.000000 0.000000 0.000000 0.000000 0.000000 0.000000 0.000000 0.000000 0.000000 0.000000 0.000000 0.000000 0.000000 0.000000 0.000000 0.000000 0.000000 0.000000 0.000000 0.000000 0.000000 0.000000 0.000000 0.000000 0.000000 0.000000 0.000000 0.000000 0.000000 0.000000 0.000000 0.000000 0.000000 0.000000
0.000000 0.000000 0.000000 0.000000 0.000000 0.000000 0.000000 0.000000 0.000000 0.000000 0.000000 0.000000 0.000000 0.000000 0.000000 0.000000 0.000000 0.000000 0.000000 0.000000 0.000000 0.000000 0.000000 0.000000 0.000000 0.000000 0.000000 0.000000 0.000000 0.000000 0.000000 0.000000 0.000000 0.000000 0.000000 0.000000 0.000000 0.000000 0.000000 0.000000 0.000000 0.000000 0.000000 0.000000 0.000000 0.000000 0.000000 0.000000 0.000000 0.000000 0.000000 0.000000 0.000000 0.000000 0.000000 0.000000 0.000000 0.000000 0.000000 0.000000 0.000000 0.000000 0.000000
0.000000 0.000000 0.000000 0.000000 0.000000 0.000000 0.000000 0.000000 0.000000 0.000000 0.000000 0.000000 0.000000 0.000000 0.000000 0.000000 0.000000 0.000000 0.000000 0.000000 0.000000 0.000000 0.000000 0.000000 0.000000 0.000000 0.000000 0.000000 0.000000 0.000000 0.000000 0.000000 0.000000 0.000000 0.000000 0.000000 0.000000 0.000000 0.000000 0.000000 0.000000 0.000000 0.000000 0.000000 0.000000 0.000000 0.000000 0.000000 0.000000 0.000000 0.000000 0.000000 0.000000 0.000000 0.000000 0.000000 0.000000 0.000000 0.000000 0.000000 0.000000 0.000000 0.000000
0.000000 0.000000 0.000000 0.000000 0.000000 0.000000 0.000000 0.000000 0.000000 0.000000 0.000000 0.000000 0.000000 0.000000 0.000000 0.000000 0.000000 0.000000 0.000000 0.000000 0.000000 0.000000 0.000000 0.000000 0.000000 0.000000 0.000000 0.000000 0.000000 0.000000 0.000000 0.000000 0.000000 0.000000 0.000000 0.000000 0.000000 0.000000 0.000000 0.000000 0.000000 0.000000 0.000000 0.000000 0.000000 0.000000 0.000000 0.000000 0.000000 0.000000 0.000000 0.000000 0.000000 0.000000 0.000000 0.000000 0.000000 0.000000 0.000000 0.000000 0.000000 0.000000 0.017821
0.000000 0.000000 0.000000 0.000000 0.000000 0.000000 0.000000 0.000000 0.000000 0.000000 0.000000 0.000000 0.000000 0.000000 0.000000 0.000000 0.000000 0.000000 0.000000 0.000000 0.000000 0.000000 0.000000 0.000000 0.000000 0.000000 0.000000 0.000000 0.000000 0.000000 0.000000 0.000000 0.000000 0.000000 0.000000 0.000000 0.000000 0.000000 0.000000 0.000000 0.000000 0.000000 0.000000 0.000000 0.000000 0.000000 0.000000 0.000000 0.000000 0.000000 0.000000 0.000000 0.000000 0.000000 0.000000 0.000000 0.000000 0.000000 0.000000 0.000000 0.000000 0.040345 3.315722
0.000000 0.000000 0.000000 0.000000 0.000000 0.000000 0.000000 0.000000 0.000000 0.000000 0.000000 0.000000 0.000000 0.000000 0.000000 0.000000 0.000000 0.000000 0.000000 0.000000 0.000000 0.000000 0.000000 0.000000 0.000000 0.000000 0.000000 0.000000 0.000000 0.000000 0.000000 0.000000 0.000000 0.000000 0.000000 0.000000 0.000000 0.000000 0.000000 0.000000 0.000000 0.000000 0.000000 0.000000 0.000000 0.000000 0.000000 0.000000 0.000000 0.000000 0.000000 0.000000 0.000000 0.000000 0.000000 0.000000 0.000000 0.000000 0.000000 0.017937 3.258902 3.069583 3.421634
0.000000 0.000000 0.000000 0.000000 0.000000 0.000000 0.000000 0.000000 0.000000 0.000000 0.000000 0.000000 0.000000 0.000000 0.000000 0.000000 0.000000 0.000000 0.000000 0.000000 0.000000 0.000000 0.000000 0.000000 0.000000 0.000000 0.000000 0.000000 0.000000 0.000000 0.000000 0.000000 0.000000 0.000000 0.000000 0.000000 0.000000 0.000000 0.000000 0.000000 0.000000 0.000000 0.000000 0.000000 0.000000 0.000000 0.000000 0.000000 0.000000 0.000000 0.000000 0.000000 0.000000 0.000000 0.000000 0.000000 0.000000 0.000000 0.017461 3.871302 3.640582 0.632358 0.489034
0.000000 0.000000 0.000000 0.000000 0.000000 0.000000 0.000000 0.000000 0.000000 0.000000 0.000000 0.000000 0.000000 0.000000 0.000000 0.000000 0.000000 0.000000 0.000000 0.000000 0.000000 0.000000 0.000000 0.000000 0.000000 0.000000 0.000000 0.000000 0.000000 0.000000 0.000000 0.000000 0.000000 0.000000 0.000000 0.000000 0.000000 0.000000 0.000000 0.000000 0.000000 0.000000 0.000000 0.000000 0.000000 0.000000 0.000000 0.000000 0.000000 0.000000 0.000000 0.000000 0.000000 0.000000 0.000000 0.000000 0.000000 0.020730 0.063636 3.987037 1.198605 0.030644 0.039177
0.000000 0.000000 0.000000 0.000000 0.000000 0.000000 0.000000 0.000000 0.000000 0.000000 0.000000 0.000000 0.000000 0.000000 0.000000 0.000000 0.000000 0.000000 0.000000 0.000000 0.000000 0.000000 0.000000 0.000000 0.000000 0.000000 0.000000 0.000000 0.000000 0.000000 0.000000 0.000000 0.000000 0.000000 0.000000 0.000000 0.000000 0.000000 0.000000 0.000000 0.000000 0.000000 0.000000 0.000000 0.000000 0.000000 0.000000 0.000000 0.000000 0.000000 0.000000 0.000000 0.000000 0.000000 0.000000 0.000000 0.029074 0.038553 0.038493 4.241713 0.038434 0.028403 0.034797
0.000000 0.000000 0.000000 0.000000 0.000000 0.000000 0.000000 0.000000 0.000000 0.000000 0.000000 0.000000 0.000000 0.000000 0.000000 0.000000 0.000000 0.000000 0.000000 0.000000 0.000000 0.000000 0.000000 0.000000 0.000000 0.000000 0.000000 0.000000 0.000000 0.000000 0.000000 0.000000 0.000000 0.000000 0.000000 0.000000 0.000000 0.000000 0.000000 0.000000 0.000000 0.000000 0.000000 0.000000 0.000000 0.000000 0.000000 0.000000 0.000000 0.000000 0.140124 0.111114 0.000000 0.000000 0.000000 0.027444 0.045057 0.057369 3.865802 3.570889 0.032787 0.042041 0.063097
0.000000 0.000000 0.000000 0.000000 0.000000 0.000000 0.000000 0.000000 0.000000 0.000000 0.000000 0.000000 0.000000 0.000000 0.000000 0.000000 0.000000 0.000000 0.000000 0.000000 0.000000 0.000000 0.000000 0.000000 0.000000 0.000000 0.000000 0.000000 0.000000 0.000000 0.000000 0.000000 0.000000 0.000000 0.000000 0.000000 0.000000 0.000000 0.000000 0.000000 0.000000 0.000000 0.000000 0.000000 0.000000 0.000000 0.000000 0.000000 0.050198 0.091309 0.093695 0.104100 0.044921 0.038240 0.025995 0.036527 2.015602 4.108732 3.994705 0.503830 0.043814 0.049695 0.062122
0.000000 0.000000 0.000000 0.000000 0.000000 0.000000 0.000000 0.000000 0.000000 0.000000 0.000000 0.000000 0.000000 0.000000 0.000000 0.000000 0.000000 0.000000 0.000000 0.000000 0.000000 0.000000 0.000000 0.000000 0.000000 0.000000 0.000000 0.000000 0.000000 0.053679 0.061968 0.059499 0.051826 0.053565 0.046729 0.066651 0.000000 0.000000 0.000000 0.000000 0.000000 0.000000 0.000000 0.000000 0.000000 0.000000 0.000000 0.000000 0.025978 0.044843 0.039470 0.068518 0.073258 0.120981 2.883374 3.009682 3.717568 3.854141 0.024375 0.026257 0.033157 0.045001 0.070389
0.000000 0.000000 0.000000 0.000000 0.000000 0.000000 0.000000 0.000000 0.000000 0.000000 0.000000 0.000000 0.000000 0.000000 0.000000 0.000000 0.000000 0.000000 0.000000 0.000000 0.000000 0.000000 0.000000 0.000000 0.000000 0.000000 0.000000 0.000000 0.041075 0.047853 0.180902 0.137920 0.284001 0.366201 0.493397 0.404430 0.334078 0.350072 0.000000 0.000000 0.000000 0.000000 0.000000 0.028931 0.044978 0.000000 0.000000 0.027013 0.056309 0.037853 0.046249 0.071517 0.077767 2.558860 2.938492 0.983049 0.784074 0.052145 0.034398 0.038053 0.045887 0.059367 0.070547
0.000000 0.000000 0.000000 0.000000 0.000000 0.000000 0.000000 0.000000 0.000000 0.000000 0.000000 0.000000 0.000000 0.000000 0.000000 0.000000 0.000000 0.000000 0.000000 0.000000 0.000000 0.000000 0.000000 0.000000 0.023845 0.030899 0.026580 0.028513 0.024960 0.031062 0.138632 0.125249 0.187717 0.208041 0.194126 0.376114 0.554880 0.556434 0.502853 0.332478 0.248571 0.145395 0.063046 0.206606 0.078472 0.118711 0.090285 0.059043 0.075548 0.028817 0.036779 0.031715 0.050850 2.074325 2.176343 0.041526 0.027715 0.038448 0.046433 0.090507 0.084291 0.096365 0.097454
0.000000 0.000000 0.000000 0.000000 0.000000 0.000000 0.000000 0.000000 0.000000 0.000000 0.000000 0.000000 0.000000 0.000000 0.000000 0.000000 0.000000 0.000000 0.000000 0.000000 0.000000 0.000000 0.000000 0.061363 0.109478 0.180825 0.271630 0.320264 0.164564 0.290551 0.276645 0.330124 0.259446 0.270019 0.202381 0.222088 0.193733 0.320541 0.190636 0.417815 0.794460 0.508186 0.458046 0.064050 0.368350 0.168774 0.203552 0.281381 1.603559 1.821753 1.766256 0.267320 3.670732 3.653738 0.044506 0.021351 0.039772 0.033499 0.033668 0.045589 0.084873 0.127582 0.131548
0.000000 0.000000 0.000000 0.000000 0.000000 0.000000 0.000000 0.000000 0.000000 0.000000 0.000000 0.000000 0.000000 0.000000 0.000000 0.000000 0.000000 0.000000 0.000000 0.000000 0.000000 0.000000 0.061776 0.068949 0.091482 0.076433 0.118585 0.110069 0.104943 0.087618 0.121457 0.190912 0.200935 0.172508 0.166210 0.136780 0.134478 0.070104 0.323163 0.481440 0.296467 0.095839 0.656357 0.361798 0.333443 0.285188 1.210151 1.719187 1.295279 0.868838 2.017666 3.507684 3.130103 3.355885 0.026335 0.019234 0.039326 0.047623 0.056639 0.058048 0.054010 0.076456 0.148162
0.000000 0.000000 0.000000 0.000000 0.000000 0.000000 0.000000 0.000000 0.000000 0.000000 0.000000 0.000000 0.000000 0.000000 0.000000 0.000000 0.000000 0.000000 0.000000 0.000000 0.000000 0.046743 0.054067 0.054245 0.051556 0.048742 0.046839 0.028733 0.026732 0.084752 0.131427 0.156330 0.127665 0.124763 0.103580 0.112967 0.106383 0.249223 0.188164 0.215888 0.208201 0.127985 0.079405 0.205841 0.381287 2.784894 1.753058 0.699673 0.514670 0.365310 1.244596 2.939844 0.469553 0.544359 0.021802 0.041423 0.058101 0.065279 0.083384 0.067392 0.058526 0.060081 0.093015
0.000000 0.000000 0.000000 0.000000 0.000000 0.000000 0.000000 0.000000 0.000000 0.000000 0.000000 0.000000 0.000000 0.000000 0.000000 0.000000 0.000000 0.000000 0.050406 0.050200 0.071177 0.070328 0.066303 0.055628 0.047240 0.030418 0.029862 0.298772 0.460551 0.151714 0.161050 0.073328 0.063438 0.057372 0.129474 0.205772 0.319849 0.300256 0.170353 0.128037 0.067092 0.066743 0.109496 0.123632 0.089158 2.796995 0.019015 0.042787 0.032888 0.159517 2.245992 2.045484 0.015473 0.019168 0.037328 0.042944 0.062184 0.045358 0.112841 0.140707 0.131562 0.136816 0.096821
0.000000 0.000000 0.000000 0.000000 0.000000 0.000000 0.000000 0.000000 0.000000 0.000000 0.000000 0.000000 0.000000 0.000000 0.000000 0.000000 0.000000 0.000000 0.024268 0.025936 0.031065 0.022420 0.049819 0.062625 0.084126 0.150276 0.293155 0.176556 0.104844 0.134867 0.060983 0.049654 0.040271 0.040120 0.062066 0.086867 0.110577 0.237875 0.031390 0.041752 0.036741 0.049363 1.011599 1.408299 2.005501 2.222041 0.011617 0.024929 0.045048 2.815475 2.610552 0.636067 0.329943 0.481656 0.213387 0.169421 0.093577 0.070638 0.086474 0.085909 0.097096 0.516800 0.861363
0.000000 0.000000 0.016315 0.018352 0.022483 0.023226 0.021211 0.018365 0.020011 0.030719 0.018596 0.000000 0.000000 0.000000 0.000000 0.025327 0.041089 0.080161 0.087470 0.074902 0.100596 0.187100 0.099795 0.066360 0.068040 0.053192 0.041006 0.044802 0.037480 0.041325 0.041052 0.046377 0.030909 0.026736 0.047050 0.023549 0.028655 0.049079 0.022449 0.029817 0.146826 0.054505 1.594385 1.044959 0.711739 0.278763 0.269870 0.686222 2.575471 2.873256 0.019026 0.024765 0.274010 0.602600 0.867117 0.611147 0.462016 0.430013 0.477507 1.020495 0.850457 0.588080 0.214070
0.017059 0.022233 0.021397 0.035765 0.029212 0.038324 0.024024 0.031854 0.024008 0.055946 0.024161 0.012785 0.018520 0.034091 0.013845 0.025245 0.026357 0.021466 0.028261 0.037909 0.032094 0.033882 0.023175 0.053418 0.059743 0.035269 0.032024 0.031396 0.024852 0.026461 0.024419 0.036502 0.035707 0.042143 0.041733 0.015950 0.029241 0.037170 0.038728 0.044564 0.044278 2.299085 2.104660 0.034888 0.027283 0.025223 0.077751 2.270150 2.319756 0.033089 0.028633 0.036933 0.037326 0.044381 0.071714 0.035908 0.173696 0.677427 0.395383 0.291279 0.158973 0.230164 0.398821
0.023187 0.030138 0.040515 0.053444 0.033533 0.061037 0.037103 0.032752 0.064780 0.052519 0.032381 0.015547 0.027459 0.049803 0.021329 0.041630 0.028603 0.027394 0.035593 0.035671 0.036483 0.032325 0.034531 0.038081 0.031565 0.040892 0.026621 0.023414 0.033560 0.032269 0.035678 0.048508 0.048511 0.073796 0.074707 0.071509 0.049993 0.061135 0.072671 0.240616 2.365018 2.350819 0.026447 0.018648 0.032743 0.043946 0.376569 2.740619 0.054314 0.026303 0.032885 0.037696 0.034648 0.188616 0.110939 0.088612 0.068852 0.159863 0.084688 0.221361 0.493694 0.399419 0.467432
0.029876 0.039841 0.051043 0.054894 0.047740 0.058857 0.073726 0.029153 0.091380 0.042245 0.073415 0.019320 0.027435 0.077210 0.021912 0.075232 0.024905 0.047530 0.031814 0.057931 0.027829 0.032828 0.042963 0.058716 0.019609 0.033102 0.034638 0.040838 0.044276 0.045041 0.063970 0.062707 0.086370 0.080436 0.092378 0.088784 0.068502 0.066761 2.467802 2.324708 2.332459 0.017744 0.015270 0.032626 0.041834 0.102563 0.590526 2.919701 0.059501 0.027824 0.061822 0.097173 0.120863 0.109573 0.092352 0.111718 0.048735 0.180822 0.156611 0.436471 0.324535 0.280840 0.453176
0.041971 0.044659 0.057178 0.059770 0.062336 0.067925 0.136873 0.030557 0.080537 0.061011 0.079062 0.031579 0.027693 0.067360 0.083978 0.063921 0.051435 0.057304 0.031579 0.068630 0.030061 0.037897 0.053081 0.104599 0.027494 0.039717 0.044349 0.046819 0.056660 0.061394 0.066312 0.079872 0.086616 0.092133 0.095179 0.118901 0.550126 2.528297 2.512185 0.040899 0.016866 0.011144 0.026889 0.038023 0.069083 0.065120 1.488404 2.508486 0.035180 0.023602 0.044656 0.055077 0.049858 0.060178 0.046876 0.059862 0.137172 0.290836 0.427708 0.445532 0.252826 0.394821 0.752788
0.048393 0.062959 0.106658 0.153720 0.054966 0.054071 0.121647 0.064762 2.287381 2.421524 2.287948 0.023990 0.047532 0.077285 0.162700 0.045476 0.062377 0.063297 0.078413 0.053011 0.034357 0.044259 0.059964 0.099709 0.064811 0.032927 0.045088 0.074861 0.072324 0.080439 0.106256 0.048788 0.072269 0.083023 0.410479 2.081767 2.329754 1.523298 0.030906 0.026779 0.019810 0.033367 0.035723 0.054843 0.078057 0.533392 1.886466 2.000596 0.020981 0.031904 0.037092 0.040769 0.077002 0.135633 0.181558 0.122115 0.121022 0.208654 0.387040 0.399949 0.275667 0.590163 0.941944
0.063900 0.124721 0.048491 0.123532 1.139281 1.348926 1.557866 2.444268 2.411518 0.022063 2.404513 1.978670 3.039204 3.031895 2.157696 0.033103 0.051766 0.054762 0.085962 0.056091 0.057025 0.097635 0.054140 0.085996 0.146214 0.025401 0.054110 0.047936 0.061296 0.069457 0.066263 0.082503 0.103008 1.928233 2.331058 2.274238 0.040007 0.011172 0.011579 0.012956 0.032163 0.042028 0.062843 0.074613 0.078340 0.790307 2.428240 0.363585 0.025800 0.045507 0.054700 0.063968 0.050461 0.066974 0.060594 0.209622 0.095227 0.230700 0.549045 0.345550 0.893420 0.886935 0.438544
2.848585 2.816260 2.727884 2.506967 1.858526 0.736224 0.356994 0.029226 0.018007 0.037883 0.047295 0.065514 2.380317 0.048002 2.285549 2.084111 1.315768 0.463740 0.223147 1.826279 1.830511 3.322957 2.905923 2.181108 1.832736 1.983969 1.411032 1.501518 1.417113 1.858666 1.825353 2.223120 2.211742 2.159486 0.041788 0.034636 0.023166 0.017096 0.031167 0.036791 0.043818 0.064040 0.065544 0.068422 0.085882 2.968773 2.803577 0.022852 0.026324 0.073281 0.110389 0.103515 0.095275 0.076285 0.056771 0.050840 0.046342 0.276629 0.756806 0.122122 0.813722 0.072305 0.050033
0.044182 0.030359 0.018383 0.036306 0.035503 0.040462 0.030069 0.024265 0.017935 0.027764 0.030033 0.031809 0.031879 0.031932 0.035649 0.058102 0.822689 2.433697 2.304639 2.198716 0.024312 0.038519 0.072660 0.031922 0.059390 0.196321 0.063605 0.054676 0.057532 0.054851 0.056042 0.051666 0.022988 0.022026 0.028241 0.028374 0.040796 0.046447 0.061158 0.053299 0.054583 0.076906 0.107302 0.066404 2.573728 3.254179 0.039101 0.018378 0.061037 0.064655 0.054564 0.083211 0.073890 0.091584 0.101245 0.060442 0.061186 0.452002 0.866594 0.785724 0.683025 0.064846 0.058222
