WMS/S_Waiehu_v2/WMS_Scenarios_w_infiltration/Figures/Devt_Scen_Max_Flood_PresentDay.asc
ncols 146
nrows 63
xllcorner 753485.886964
yllcorner 2312265.910359
cellsize 50.000000
NODATA_value -9999
[rows 28 to 55 of 63, columns 0 to 62 of 146]
0.000000 0.000000 0.000000 0.000000 0.000000 0.000000 0.000000 0.000000 0.000000 0.000000 0.000000 0.000000 0.000000 0.000000 0.000000 0.000000 0.000000 0.000000 0.000000 0.000000 0.000000 0.011881 0.021076 0.029195 0.038874 0.033809 0.040125 0.046760 0.042783 0.037803 0.039775 0.041828 0.052074 0.043617 0.056596 0.064556 0.068469 0.067589 0.039625 1.754774 1.777299 2.239367 2.367240 2.303832 2.605928 2.352999 1.518652 2.119733 2.093127 0.022941 1.050307 1.164226 1.638335 2.316783 0.013409 0.039045 0.047315 0.015776 0.019260 0.041848 0.049528 0.024565 0.042643
0.000000 0.000000 0.000000 0.000000 0.000000 0.000000 0.000000 0.000000 0.000000 0.000000 0.000000 0.000000 0.000000 0.000000 0.000000 0.000000 0.000000 0.000000 0.000000 0.000000 0.011440 0.019139 0.026457 0.030346 0.036913 0.038518 0.043448 0.045688 0.047203 0.043178 0.045413 0.058656 0.057831 0.062034 0.058771 0.067828 0.066599 0.050802 2.089693 1.913460 0.084363 0.031642 0.020176 0.012035 0.019900 0.036413 0.047661 0.064391 1.992299 1.560590 1.485784 0.044623 0.031342 0.025251 0.015514 0.032237 0.024132 0.010358 0.014227 0.024689 0.031454 0.016805 0.022380
0.000000 0.000000 0.000000 0.000000 0.000000 0.000000 0.000000 0.000000 0.000000 0.000000 0.000000 0.000000 0.000000 0.000000 0.000000 0.000000 0.000000 0.000000 0.000000 0.011528 0.018727 0.022100 0.028995 0.029772 0.038462 0.040732 0.040343 0.040943 0.047091 0.053896 0.082566 0.066511 0.060547 0.055050 0.053583 0.047163 0.050101 1.931777 1.979299 0.037232 0.034520 0.040985 0.026432 0.015584 0.034286 0.043373 0.057893 0.066119 0.063624 0.266631 0.076046 0.024904 0.024565 0.021193 0.010101 0.012112 0.013493 0.022573 0.030935 0.016171 0.012398 0.012731 0.010606
0.000000 0.000000 0.000000 0.000000 0.000000 0.000000 0.000000 0.000000 0.000000 0.000000 0.000000 0.000000 0.000000 0.000000 0.000000 0.000000 0.000000 0.000000 0.000000 0.014289 0.021650 0.034263 0.038821 0.052427 0.072924 0.060900 0.031716 0.044274 0.057523 0.059993 0.088572 0.081781 0.060359 0.060997 0.059666 0.773860 1.863721 1.892570 0.038272 0.043604 0.044845 0.044355 0.025784 0.019199 0.032778 0.044945 0.044218 0.056820 0.062316 0.076011 0.048734 0.019811 0.012874 0.013305 0.019101 0.027151 0.029718 0.035547 0.050771 0.056181 0.022487 0.020687 0.012236
0.000000 0.000000 0.000000 0.000000 0.000000 0.000000 0.000000 0.000000 0.000000 0.000000 0.000000 0.000000 0.000000 0.000000 0.000000 0.000000 0.000000 0.000000 0.011875 0.020153 0.036500 0.045331 0.056118 0.097064 0.075198 0.131449 0.016636 0.034824 0.049051 0.079170 0.079488 0.057957 0.106692 1.116961 0.812441 0.749485 0.053307 0.055223 0.058345 0.050534 0.039994 0.037869 0.026271 0.022519 0.033001 0.042689 0.047718 0.059696 0.047732 0.053007 0.024081 0.013606 0.015864 0.021403 0.031434 0.037151 0.042927 0.045895 0.057982 0.067748 0.078214 0.031625 0.018512
0.000000 0.000000 0.000000 0.000000 0.000000 0.000000 0.000000 0.000000 0.000000 0.000000 0.000000 0.000000 0.000000 0.000000 0.000000 0.000000 0.000000 0.000000 0.015068 0.021582 0.046049 0.152602 0.178932 0.237946 0.263692 0.744279 0.017851 0.029104 0.030365 0.049867 0.941198 0.934788 1.075724 1.089133 0.054691 0.050328 0.049295 0.068204 0.053652 0.042634 0.037254 0.027961 0.020461 0.028896 0.034721 0.038439 0.042547 0.046165 0.041254 0.033733 0.012847 0.014569 0.026737 0.032107 0.026922 0.031458 0.050446 0.051821 0.065214 0.110654 0.780185 0.873219 0.022309
0.000000 0.000000 0.000000 0.000000 0.000000 0.000000 0.000000 0.000000 0.000000 0.000000 0.000000 0.000000 0.000000 0.000000 0.000000 0.000000 0.000000 0.012791 0.019060 0.030755 0.061749 0.088474 0.073441 0.179319 0.267305 0.559716 0.435778 0.284053 0.285018 1.240582 1.163898 0.250111 0.054634 0.044141 0.036501 0.061357 0.051499 0.052608 0.041361 0.034322 0.030120 0.025818 0.021271 0.023436 0.029971 0.030219 0.029714 0.032120 0.022051 0.020568 0.030241 0.029934 0.024424 0.027679 2.876435 3.152849 2.762221 1.696192 2.002668 1.897851 0.987381 3.862477 0.020484
0.000000 0.000000 0.000000 0.000000 0.000000 0.000000 0.000000 0.000000 0.000000 0.000000 0.000000 0.000000 0.000000 0.000000 0.000000 0.000000 0.000000 0.015770 0.031327 0.045212 0.137619 0.157883 0.274371 0.256534 0.213995 0.133805 0.228120 0.312456 0.386012 1.017619 0.062598 0.047556 0.034430 0.035922 0.024325 0.060545 0.044255 0.037678 0.031622 0.026010 0.022204 0.014286 0.010456 0.013014 0.013056 0.011966 0.011279 0.013570 0.016674 0.023203 0.037123 0.057371 0.078117 0.065371 2.599526 1.800482 0.038013 0.111250 0.032688 0.018690 0.035948 3.866609 3.863157
0.000000 0.000000 0.000000 0.000000 0.000000 0.000000 0.000000 0.000000 0.000000 0.000000 0.000000 0.000000 0.000000 0.000000 0.000000 0.000000 0.026664 0.027246 0.041080 0.058937 0.295372 0.197947 0.124794 0.101120 0.082228 0.082646 0.070466 0.177410 0.111611 0.042074 0.039111 0.037500 0.022263 0.035943 0.021179 0.034129 0.028055 0.021226 0.016153 0.013772 0.009138 0.014904 0.019480 0.027486 0.033114 0.042711 0.019277 0.022782 0.038785 0.031140 0.026817 0.016675 0.018240 0.056465 1.872563 1.855865 0.053032 0.032161 0.014842 0.027442 0.048765 0.065492 0.097655
0.000000 0.000000 0.000000 0.000000 0.000000 0.000000 0.000000 0.000000 0.000000 0.000000 0.000000 0.000000 0.000000 0.000000 0.000000 0.000000 0.022582 0.050626 0.076242 0.097533 0.569154 0.024779 0.026768 0.033737 0.044631 0.064046 0.062921 0.074413 0.098053 0.045717 0.040234 0.040906 0.024168 0.021613 0.015855 0.014323 0.012407 0.011666 0.010678 0.016264 0.027569 0.021560 0.024211 0.037619 0.043007 0.066179 0.025224 0.020608 0.029279 0.045183 0.040090 0.041092 0.026791 0.023218 2.627639 0.058288 0.034373 0.025498 0.013557 0.027856 0.056696 0.085675 0.134237
0.000000 0.000000 0.000000 0.000000 0.000000 0.000000 0.000000 0.000000 0.000000 0.000000 0.000000 0.000000 0.000000 0.000000 0.000000 0.000000 0.020384 0.029270 0.041174 0.615438 0.603208 0.024591 0.022468 0.028527 0.034439 0.050803 0.041356 0.050533 0.076171 0.033836 0.027759 0.036910 0.012219 0.012999 0.014771 0.022461 0.024625 0.036535 0.020665 0.024915 0.034838 0.040256 0.028286 0.043652 0.052258 0.095791 0.034527 0.028946 0.019669 0.032049 0.049608 0.052733 0.057274 0.044042 2.918557 0.061817 0.032601 0.015997 0.019871 0.042199 0.079315 0.090557 0.136141
0.000000 0.000000 0.000000 0.000000 0.000000 0.000000 0.000000 0.000000 0.000000 0.000000 0.000000 0.000000 0.000000 0.000000 0.000000 0.000000 0.027273 0.037981 0.040721 0.383273 0.053863 0.017513 0.025422 0.029251 0.031808 0.038747 0.032042 0.033989 0.045438 0.021960 0.026216 0.012326 0.019688 0.030227 0.029224 0.037043 0.036980 0.058981 0.022509 0.029174 0.038979 0.041903 0.040433 0.040181 0.050424 0.070099 0.075310 0.028792 0.022385 0.021728 0.028387 0.043257 1.497834 3.111114 3.052075 0.053228 0.032734 0.013533 0.029352 0.041056 0.056082 0.055926 0.116867
0.000000 0.000000 0.000000 0.000000 0.000000 0.000000 0.000000 0.000000 0.000000 0.000000 0.000000 0.000000 0.000000 0.000000 0.000000 0.000000 0.021141 0.034411 0.033006 0.410965 0.032736 0.020103 0.019912 0.028913 0.030767 0.032419 0.029474 0.031091 0.025593 0.012343 0.015989 0.021705 0.028135 0.035036 0.039271 0.044780 0.054643 0.069527 0.021293 0.033693 0.041915 0.048318 0.045774 0.049906 0.039193 0.069648 0.094175 0.090778 0.022511 0.025641 2.882888 2.583310 2.361580 0.050456 0.064374 0.041446 0.039911 0.017618 0.027419 0.039900 0.070062 0.047397 0.111116
0.000000 0.000000 0.000000 0.000000 0.000000 0.000000 0.000000 0.000000 0.000000 0.000000 0.000000 0.000000 0.000000 0.000000 0.000000 0.000000 0.023939 0.062309 0.440688 0.319208 0.027266 0.015664 0.021311 0.023809 0.022079 0.018781 0.016297 0.011191 0.014052 0.016945 0.022119 0.024165 0.035724 0.037940 0.043936 0.055486 0.057507 0.092946 0.021698 0.046391 0.050796 0.036416 0.050991 0.044864 0.044138 0.065510 3.119143 3.127114 3.111131 3.083017 3.025305 0.096167 0.061117 0.039917 0.048472 0.038546 0.041129 0.022539 0.021633 0.036932 0.040001 0.063261 0.081499
0.000000 0.000000 0.000000 0.000000 0.000000 0.000000 0.000000 0.000000 0.000000 0.000000 0.000000 0.000000 0.000000 0.000000 0.000000 0.026322 0.033245 0.155137 0.376728 0.027096 0.016072 0.008020 0.017025 0.020145 0.017714 0.020302 0.021976 0.022830 0.023615 0.033057 0.026693 0.028163 0.036375 0.040271 0.057811 0.068347 0.075288 0.119507 0.023602 0.052009 0.073727 0.032541 0.057838 0.044947 0.047730 2.242306 3.100876 0.062737 0.017146 0.052792 0.105606 0.060358 0.043265 0.037370 0.044334 0.039371 0.038411 0.023610 0.016746 0.027631 0.029860 0.056059 0.046812
0.000000 0.000000 0.000000 0.000000 0.000000 0.000000 0.000000 0.000000 0.000000 0.000000 0.000000 0.000000 0.000000 0.000000 0.000000 0.013100 0.011488 0.231694 0.224179 0.015515 0.011013 0.019892 0.025873 0.033463 0.034859 0.040722 0.041097 0.037320 0.033773 0.030921 0.028033 0.032406 0.043463 0.046044 0.071288 0.085111 0.133609 1.601871 1.464813 1.251736 1.579893 2.111924 2.040095 1.483389 2.016842 2.055533 0.032018 0.087790 0.018104 0.060408 0.057742 0.059197 0.035901 0.035339 0.049280 0.033740 0.026064 0.020997 0.019055 0.027838 0.032781 0.041954 0.021938
0.000000 0.000000 0.000000 0.000000 0.000000 0.000000 0.000000 0.000000 0.000000 0.000000 0.000000 0.000000 0.000000 0.000000 0.012593 0.020727 0.386243 0.404863 0.026016 0.011339 0.018718 0.025319 0.029688 0.036590 0.037836 0.042346 0.051211 0.047161 0.044115 0.081925 0.049297 0.054132 0.052620 0.057233 0.074438 2.682983 2.525012 2.099324 0.108199 0.043315 0.192922 0.084101 0.176070 0.098940 0.033789 0.025038 0.020017 0.132663 0.018866 0.059881 0.031001 0.060678 0.035871 0.032750 0.034656 0.022603 0.016709 0.013526 0.018015 0.022221 0.023801 0.031646 0.000000
0.000000 0.000000 0.000000 0.000000 0.000000 0.000000 0.000000 0.000000 0.000000 0.000000 0.000000 0.000000 0.000000 0.000000 0.018850 0.405580 0.410162 0.029672 0.016499 0.015259 0.021192 0.032230 0.039687 0.039936 0.044711 0.040798 0.041077 0.045814 0.056659 0.080544 0.070120 0.055809 0.061196 0.052440 2.413912 1.229410 0.035585 0.039890 0.025476 0.039082 0.127705 0.087541 0.072590 0.074615 0.035197 0.026445 0.021693 0.111795 0.025294 0.046760 0.022778 0.065235 0.034984 0.026642 0.016190 0.014804 0.000000 0.000000 0.000000 0.000000 0.000000 0.000000 0.000000
0.000000 0.000000 0.000000 0.000000 0.000000 0.000000 0.000000 0.000000 0.000000 0.000000 0.000000 0.000000 0.016514 0.278651 0.343699 0.439120 0.019101 0.013154 0.012963 0.020222 0.034653 0.042167 0.047968 0.053149 0.039785 0.042068 0.041637 0.035287 0.051982 0.064007 0.056217 0.059160 0.047614 3.241781 2.926525 0.027314 0.031106 0.052217 0.035985 0.055792 0.156575 0.037822 0.073516 0.075361 0.033507 0.029457 0.025337 0.113259 0.042047 0.030716 0.024599 0.044857 0.019608 0.015982 0.000000 0.000000 0.000000 0.000000 0.000000 0.000000 0.000000 0.000000 0.000000
0.000000 0.000000 0.000000 0.000000 0.000000 0.000000 0.000000 0.000000 0.000000 0.000000 0.000000 0.000000 0.377734 0.465815 0.038356 0.023388 0.013048 0.016002 0.021721 0.034709 0.042716 0.052703 0.062740 0.054288 0.046782 0.043533 0.036333 0.048201 0.061247 0.080046 0.083276 0.058699 3.593962 3.448411 0.038802 0.040361 0.022136 0.059387 0.030770 0.050125 0.166564 0.047962 0.058350 0.117828 0.053045 0.024580 0.038744 0.072808 0.037611 0.024659 0.018315 0.019667 0.000000 0.000000 0.000000 0.000000 0.000000 0.000000 0.000000 0.000000 0.000000 0.000000 0.000000
0.000000 0.000000 0.000000 0.000000 0.000000 0.000000 0.000000 0.000000 0.000000 0.000000 0.000000 0.016979 0.425756 0.053373 0.022909 0.012069 0.012610 0.018187 0.024446 0.062904 0.069378 0.086444 0.100800 0.143645 0.216889 0.117765 0.069892 0.086486 0.087047 0.095621 0.083998 0.939602 0.991755 0.047801 0.049718 0.038233 0.025686 0.049850 0.033431 0.055378 0.169178 0.047393 0.056300 0.101315 0.053897 0.029886 0.040798 0.044203 0.029048 0.015344 0.000000 0.000000 0.000000 0.000000 0.000000 0.000000 0.000000 0.000000 0.000000 0.000000 0.000000 0.000000 0.000000
0.000000 0.000000 0.000000 0.000000 0.000000 0.000000 0.000000 0.000000 0.000000 0.000000 0.397644 0.506984 0.319491 0.026813 0.015266 0.039030 0.081303 0.078916 0.062209 0.060824 0.085556 0.063654 0.054212 0.051315 0.025786 0.102811 0.102472 0.224997 0.468718 1.160735 1.171939 1.193117 0.073704 0.060918 0.047521 0.039712 0.032638 0.037733 0.036661 0.074285 0.135880 0.031126 0.082067 0.077064 0.047655 0.032192 0.030646 0.018543 0.018391 0.000000 0.000000 0.000000 0.000000 0.000000 0.000000 0.000000 0.000000 0.000000 0.000000 0.000000 0.000000 0.000000 0.000000
0.000000 0.000000 0.000000 0.000000 0.000000 0.000000 0.000000 0.000000 0.000000 0.019021 0.393911 0.038860 0.025070 0.016718 0.016773 0.021753 0.035677 0.028642 0.030967 0.039590 0.040130 0.094238 0.151014 0.414540 0.206537 0.299838 0.327678 0.263767 0.266911 0.810925 0.183450 0.077179 0.067663 0.063028 0.054861 0.041446 0.033794 0.024945 0.054446 0.062125 0.118802 0.036224 0.044680 0.080411 0.041312 0.017564 0.018292 0.000000 0.000000 0.000000 0.000000 0.000000 0.000000 0.000000 0.000000 0.000000 0.000000 0.000000 0.000000 0.000000 0.000000 0.000000 0.000000
0.000000 0.000000 0.000000 0.000000 0.000000 0.000000 0.000000 0.000000 0.013766 0.331784 0.362939 0.023502 0.016536 0.011516 0.019129 0.015913 0.013287 0.020543 0.045433 0.057809 0.094237 0.088154 0.112683 0.196584 0.264064 0.247886 0.238002 0.164368 0.128697 0.328402 0.152850 0.062531 0.061686 0.062231 0.053062 0.052491 0.033346 0.020834 0.083219 0.040361 0.103227 0.052934 0.028368 0.045320 0.027660 0.012205 0.000000 0.000000 0.000000 0.000000 0.000000 0.000000 0.000000 0.000000 0.000000 0.000000 0.000000 0.000000 0.000000 0.000000 0.000000 0.000000 0.000000
0.000000 0.000000 0.000000 0.000000 0.000000 0.000000 0.000000 0.012844 0.020011 0.325991 0.029877 0.014934 0.012125 0.020650 0.026227 0.037497 0.135834 0.128917 0.152004 0.198624 0.146673 0.131424 0.134671 0.130757 0.142841 0.180816 0.111343 0.086524 0.079788 0.157819 0.210058 0.057855 0.059882 0.056436 0.062660 0.054954 0.037868 0.022430 0.070253 0.036387 0.046753 0.041402 0.030665 0.013857 0.019484 0.000000 0.000000 0.000000 0.000000 0.000000 0.000000 0.000000 0.000000 0.000000 0.000000 0.000000 0.000000 0.000000 0.000000 0.000000 0.000000 0.000000 0.000000
0.000000 0.000000 0.000000 0.000000 0.000000 0.015634 0.021409 0.029079 0.372764 0.383344 0.021693 0.009322 0.019776 0.031613 0.036585 0.594614 0.172991 0.108495 0.074713 0.073205 0.077995 0.080007 0.136081 0.123061 0.142210 0.202475 0.056467 0.058324 0.087254 0.121810 0.236339 0.051030 0.043839 0.061575 0.059746 0.059941 0.038277 0.023691 0.039550 0.039150 0.050085 0.020915 0.019254 0.000000 0.000000 0.000000 0.000000 0.000000 0.000000 0.000000 0.000000 0.000000 0.000000 0.000000 0.000000 0.000000 0.000000 0.000000 0.000000 0.000000 0.000000 0.000000 0.000000
0.000000 0.000000 0.000000 0.000000 0.017817 0.025932 0.028205 0.212808 0.358416 0.023547 0.014901 0.020815 0.032702 0.036807 0.260728 0.271900 0.016117 0.018412 0.025404 0.043542 0.069132 0.125863 0.132716 0.094704 0.072533 0.071450 0.055829 0.045737 0.068767 0.108832 0.190169 0.051294 0.051000 0.052692 0.059540 0.057810 0.037106 0.022057 0.045711 0.031084 0.027569 0.000000 0.000000 0.000000 0.000000 0.000000 0.000000 0.000000 0.000000 0.000000 0.000000 0.000000 0.000000 0.000000 0.000000 0.000000 0.000000 0.000000 0.000000 0.000000 0.000000 0.000000 0.000000
0.000000 0.000000 0.019641 0.023604 0.026793 0.025679 0.272928 0.383303 0.027710 0.019973 0.016875 0.024755 0.036686 0.191293 0.191511 0.015012 0.017381 0.015534 0.020908 0.057048 0.142863 0.161554 0.109617 0.055333 0.048137 0.045625 0.039785 0.054842 0.056664 0.235509 0.104429 0.050328 0.049809 0.047318 0.053474 0.044950 0.036518 0.024260 0.040119 0.027079 0.000000 0.000000 0.000000 0.000000 0.000000 0.000000 0.000000 0.000000 0.000000 0.000000 0.000000 0.000000 0.000000 0.000000 0.000000 0.000000 0.000000 0.000000 0.000000 0.000000 0.000000 0.000000 0.000000
