NEW_versions/TempJunk/Iao_Soil_Initial_Precip_0p4_MAXdepCrazy10.asc
NCOLS 111
NROWS 84
XLLCENTER 750508.350000
YLLCENTER 2308429.860000
CELLSIZE 50.000000
NODATA_value -99999.000000
[rows 38 to 75 of 84, columns 0 to 83 of 111]
0.00 0.00 0.00 0.00 0.00 0.01 0.01 0.02 0.03 0.02 0.04 0.03 0.05 0.14 0.09 0.05 0.04 0.03 0.02 0.02 0.10 0.07 0.04 0.03 0.03 0.02 0.02 0.02 0.02 0.02 0.13 0.16 0.23 0.21 0.27 0.31 0.21 0.15 0.07 2.65 1.44 1.68 2.47 2.16 1.41 1.80 1.60 3.03 2.57 2.44 2.45 0.03 0.03 0.05 0.07 0.06 0.04 0.04 0.03 3.27 4.32 3.87 2.86 3.05 0.04 0.03 0.03 0.04 0.03 0.02 0.05 0.11 0.15 0.09 0.05 0.03 0.22 0.30 0.18 0.21 0.02 0.02 0.03 0.04
0.00 0.00 0.00 0.00 0.00 0.00 0.01 0.01 0.01 0.03 0.04 0.04 0.04 0.06 0.04 0.02 0.03 0.02 0.02 0.02 0.09 0.01 0.01 0.01 0.02 0.02 0.11 0.26 0.37 0.36 0.21 0.20 0.23 0.04 0.02 0.03 0.04 0.04 0.05 0.03 0.04 0.07 0.03 0.04 0.05 0.07 0.03 0.05 0.04 0.03 2.50 2.79 3.64 3.29 2.35 1.08 2.29 2.30 2.29 2.96 0.01 0.02 0.05 3.99 3.91 3.66 0.05 0.05 0.03 0.02 0.04 0.08 0.14 0.16 0.05 0.02 0.02 0.02 0.16 0.27 0.30 0.14 0.10 0.06
0.00 0.00 0.00 0.00 0.00 0.00 0.01 0.01 0.01 0.03 0.04 0.06 0.04 0.02 0.03 0.02 0.03 0.06 0.09 0.11 0.08 0.09 0.16 0.13 0.21 0.24 0.19 0.15 0.09 0.03 0.03 0.04 0.08 0.03 0.02 0.03 0.03 0.03 0.04 0.02 0.04 0.07 0.02 0.02 0.03 0.04 0.03 0.06 0.06 0.04 0.03 0.04 0.05 0.06 0.82 1.38 1.44 0.03 0.04 0.02 0.01 0.02 0.02 0.04 0.06 3.64 3.78 3.39 0.05 0.03 0.03 0.05 0.11 0.19 0.04 0.03 0.01 0.01 0.01 0.02 0.15 0.17 0.18 0.13
0.00 0.00 0.00 0.00 0.00 0.00 0.01 0.02 0.03 0.04 0.03 0.07 0.01 0.02 0.02 0.03 0.05 0.04 0.03 0.04 0.04 0.06 0.06 0.05 0.03 0.04 0.08 0.08 0.04 0.02 0.03 0.03 0.07 0.03 0.02 0.03 0.01 0.02 0.02 0.02 0.04 0.05 0.02 0.02 0.03 0.02 0.06 0.19 0.02 0.02 0.04 0.04 0.04 0.05 0.02 0.01 0.01 0.02 0.02 0.02 0.02 0.02 0.02 0.05 0.05 0.04 0.04 2.90 2.82 2.05 1.98 0.02 0.05 0.19 0.12 0.02 0.02 0.02 0.02 0.02 0.09 0.13 0.12 0.11
0.00 0.00 0.00 0.00 0.00 0.00 0.03 0.03 0.03 0.02 0.02 0.04 0.01 0.01 0.02 0.03 0.03 0.03 0.03 0.03 0.03 0.05 0.03 0.04 0.02 0.03 0.08 0.02 0.04 0.01 0.02 0.02 0.04 0.03 0.02 0.01 0.01 0.01 0.01 0.02 0.02 0.02 0.02 0.02 0.01 0.03 0.06 0.01 0.01 0.02 0.02 0.03 0.03 0.03 0.02 0.03 0.03 0.02 0.02 0.02 0.10 0.16 0.16 0.10 0.05 0.04 0.03 0.02 0.03 2.26 3.67 0.02 0.03 0.07 0.15 0.07 0.05 0.06 1.85 3.67 2.88 2.67 0.06 6.32
0.00 0.00 0.00 0.00 0.00 0.00 0.00 0.03 0.03 0.03 0.02 0.02 0.02 0.01 0.01 0.02 0.02 0.02 0.02 0.02 0.02 0.02 0.02 0.01 0.02 0.04 0.05 0.01 0.02 0.01 0.01 0.01 0.02 0.01 0.01 0.03 0.02 0.01 0.02 0.01 0.01 0.01 0.01 0.01 0.02 0.01 0.01 0.03 0.01 0.01 0.01 0.01 0.02 0.03 0.03 0.03 0.04 0.05 0.15 0.16 0.13 0.09 0.08 0.04 0.04 0.04 0.03 0.02 0.02 0.03 3.73 3.88 0.06 0.07 0.06 0.07 4.63 3.93 2.34 1.16 0.55 5.03 5.67 5.85
0.00 0.00 0.00 0.00 0.00 0.00 0.00 0.02 0.03 0.03 0.03 0.03 0.04 0.02 0.01 0.01 0.01 0.02 0.02 0.01 0.01 0.01 0.02 0.02 0.02 0.04 0.02 0.01 0.01 0.02 0.02 0.02 0.02 0.02 0.02 0.04 0.03 0.03 0.02 0.03 0.02 0.02 0.02 0.02 0.03 0.04 0.03 0.04 0.04 0.02 0.03 0.03 0.02 0.03 0.08 0.11 0.18 0.13 0.11 0.05 0.03 0.04 0.06 0.09 0.04 0.08 0.14 0.02 0.02 0.05 0.06 4.29 3.79 3.35 0.04 5.28 5.02 0.02 0.01 0.01 3.11 3.36 0.20 0.04
0.00 0.00 0.00 0.00 0.00 0.00 0.00 0.02 0.03 0.03 0.04 0.04 0.05 0.03 0.02 0.02 0.02 0.02 0.03 0.03 0.03 0.03 0.03 0.05 0.02 0.01 0.01 0.02 0.02 0.03 0.05 0.05 0.02 0.03 0.04 0.04 0.04 0.05 0.03 0.03 0.03 0.03 0.02 0.03 0.04 0.04 0.04 0.05 0.07 0.10 0.02 0.03 0.04 0.04 0.03 0.04 0.03 0.08 0.05 0.04 0.04 0.09 0.14 0.12 0.10 0.06 0.11 0.18 0.11 0.08 0.07 0.04 0.04 2.17 4.17 5.45 0.02 0.01 0.02 4.18 3.93 0.06 0.28 0.08
0.00 0.00 0.00 0.00 0.00 0.00 0.00 0.02 0.03 0.03 0.04 0.04 0.06 0.03 0.03 0.03 0.03 0.03 0.02 0.04 0.04 0.05 0.04 0.07 0.04 0.03 0.02 0.02 0.03 0.03 0.04 0.05 0.05 0.03 0.04 0.04 0.06 0.05 0.05 1.17 0.96 1.09 1.25 1.18 0.82 0.88 1.00 1.04 1.18 1.28 1.28 0.03 0.03 0.06 0.02 0.02 0.03 0.01 0.02 0.03 0.04 0.03 0.02 0.06 0.10 0.10 0.01 0.02 0.02 0.02 0.01 0.01 0.01 0.01 0.02 0.01 0.01 0.01 3.12 4.27 0.08 0.10 0.23 0.09
0.00 0.00 0.00 0.00 0.00 0.00 0.00 0.03 0.04 0.04 0.05 0.06 0.06 0.05 0.03 0.03 0.04 0.03 0.03 0.04 0.07 0.09 0.15 0.20 0.19 0.15 0.02 0.03 0.04 0.03 0.05 0.06 0.09 0.06 0.07 0.06 0.99 1.24 1.51 1.68 0.02 0.04 0.06 0.06 0.69 0.50 0.30 0.19 0.07 0.04 1.13 1.14 1.02 1.30 1.30 0.02 0.04 0.02 0.03 1.39 1.51 0.02 0.02 1.89 2.57 2.49 2.56 0.02 0.04 0.03 0.01 0.02 0.03 0.02 0.04 4.67 4.13 2.90 2.97 0.21 0.19 0.12 0.18 0.08
0.00 0.00 0.00 0.00 0.00 0.00 0.02 0.03 0.03 0.05 0.07 0.08 0.20 0.17 0.09 0.05 0.12 0.16 0.04 0.01 0.01 0.01 0.01 0.02 0.12 0.24 0.28 0.27 0.19 0.16 0.11 1.00 0.82 0.98 0.99 1.52 1.23 0.06 0.02 0.06 0.01 0.03 0.03 0.02 0.02 0.02 0.02 0.02 0.02 0.02 0.01 0.02 0.01 0.01 1.30 1.26 1.20 2.48 2.74 1.57 2.58 2.32 2.72 3.10 0.02 0.02 3.01 2.44 3.05 2.98 3.52 2.66 2.77 2.88 3.52 3.26 0.02 0.22 0.15 0.27 0.36 0.09 0.06 0.08
0.00 0.00 0.00 0.00 0.00 0.00 0.01 0.04 0.16 0.40 0.01 0.01 0.02 0.13 0.17 0.10 0.07 0.16 0.31 0.33 0.02 0.02 0.03 0.01 0.01 0.02 0.02 0.01 0.09 0.89 1.58 0.86 0.03 0.02 0.03 0.06 0.03 0.05 0.02 0.05 0.01 0.02 0.02 0.02 0.02 0.01 0.05 0.06 0.04 0.02 0.02 0.03 0.06 0.02 0.01 0.01 0.01 1.47 1.72 0.01 0.03 0.10 0.13 0.08 0.02 0.02 0.02 0.02 0.11 0.02 0.03 0.18 0.34 0.02 0.02 0.82 0.02 0.05 0.02 0.47 0.40 0.09 0.03 0.06
0.00 0.00 0.00 0.00 0.00 0.00 0.01 0.04 0.08 0.35 0.01 0.01 0.02 0.02 0.09 0.10 0.11 0.06 0.04 0.19 0.14 0.12 0.12 0.18 0.02 0.01 0.02 0.76 0.84 0.85 0.03 0.03 0.02 0.01 0.02 0.04 0.02 0.05 0.02 0.03 0.01 0.02 0.02 0.04 0.06 0.08 0.06 0.07 0.08 0.06 2.67 2.25 1.57 1.79 1.84 2.58 2.10 2.04 0.04 0.02 0.03 0.12 0.05 0.11 0.02 0.01 0.03 0.06 0.12 0.02 0.02 0.17 0.14 0.01 0.04 0.92 0.03 0.05 0.02 0.03 0.61 0.17 0.13 0.07
0.00 0.00 0.00 0.00 0.00 0.01 0.01 0.03 0.06 0.11 0.12 0.09 0.07 0.06 0.08 0.12 0.25 0.33 0.40 0.43 0.53 0.44 0.48 0.51 0.52 0.41 0.65 1.10 0.03 0.03 0.02 0.02 0.01 0.01 0.02 0.02 0.02 0.04 0.02 0.02 0.01 0.01 0.01 0.01 0.01 0.01 0.03 0.04 0.06 1.16 1.90 0.11 0.04 0.03 0.06 0.02 0.05 0.11 0.04 0.03 0.03 0.10 0.08 0.07 0.01 0.02 0.03 0.04 0.06 0.02 0.02 0.41 0.02 0.01 1.84 1.66 0.03 0.04 0.03 0.03 0.50 0.14 0.14 0.09
0.00 0.00 0.01 0.02 0.03 0.03 0.03 0.04 0.04 0.07 0.14 0.17 0.18 0.26 0.34 0.47 0.25 0.22 0.15 0.11 0.14 0.28 0.22 0.20 0.30 0.46 1.13 0.03 0.02 0.02 0.01 0.01 0.01 0.03 0.01 0.01 0.01 0.02 0.01 0.01 0.02 0.02 0.02 0.02 0.02 0.02 0.03 0.04 0.94 0.96 1.66 0.10 0.03 0.03 0.03 0.03 0.06 0.07 0.05 0.03 0.03 0.05 0.11 0.03 0.01 0.01 0.03 0.06 0.03 0.02 0.02 0.29 0.02 1.10 1.90 0.04 0.03 0.04 0.03 0.03 0.34 0.23 0.10 0.08
0.00 0.00 0.01 0.02 0.02 0.02 0.03 0.04 0.03 0.03 0.03 0.03 0.02 0.16 0.13 0.02 0.04 0.04 0.03 0.03 0.03 0.02 0.02 0.02 0.04 0.05 0.05 0.02 0.01 0.01 0.01 0.02 0.02 0.04 0.02 0.02 0.02 0.03 0.01 0.02 0.02 0.03 0.04 0.03 0.58 0.80 0.91 1.09 0.90 0.76 0.69 0.17 0.07 0.03 0.02 0.03 0.03 0.03 0.03 0.02 0.03 0.05 0.08 0.02 0.01 0.03 0.03 0.02 0.02 0.03 0.56 1.25 1.43 1.06 0.04 0.04 0.04 0.02 0.03 0.03 0.20 0.52 0.08 0.07
0.00 0.00 0.03 0.04 0.04 0.05 0.06 0.06 0.04 0.02 0.02 0.10 0.15 0.18 0.02 0.03 0.03 0.02 0.02 0.02 0.01 0.01 0.01 0.01 0.03 0.02 0.01 0.01 0.02 0.03 0.02 0.02 0.03 0.07 0.03 0.02 0.02 0.04 0.01 0.01 0.02 0.02 0.03 0.89 0.56 0.25 0.22 0.05 0.03 1.44 0.03 0.25 0.11 0.05 0.02 0.03 0.02 0.02 0.01 0.02 0.02 0.06 0.07 0.01 0.01 0.01 0.01 0.02 0.49 0.55 0.47 0.05 1.24 0.04 0.04 0.04 0.04 0.02 0.02 0.03 0.22 0.15 0.06 0.06
0.00 0.00 0.01 0.02 0.00 0.00 0.00 0.00 0.04 0.05 0.08 0.14 0.02 0.01 0.02 0.03 0.01 0.01 0.01 0.01 0.02 0.03 0.01 0.02 0.01 0.01 0.02 0.03 0.03 0.04 0.03 0.03 0.04 0.10 0.50 0.53 0.01 0.03 0.41 0.43 0.01 1.19 0.77 0.97 0.01 0.02 0.03 0.02 0.07 0.94 0.01 0.15 0.18 0.10 0.02 0.03 0.02 0.02 0.03 0.01 0.02 0.06 0.02 0.01 0.02 0.03 0.39 0.47 0.38 0.28 0.12 0.10 1.19 0.03 0.03 0.03 0.03 0.02 0.02 0.03 0.21 0.10 0.07 0.06
0.00 0.00 0.00 0.00 0.00 0.00 0.00 0.00 0.00 0.02 0.02 0.02 0.02 0.00 0.01 0.01 0.02 0.02 0.02 0.03 0.03 0.05 0.16 0.18 0.01 0.02 0.02 0.03 0.04 0.05 0.43 1.18 1.06 0.50 0.39 0.78 0.86 0.69 0.39 0.84 0.01 1.24 0.04 0.02 0.01 0.02 0.02 0.06 0.06 0.90 0.02 0.01 0.24 0.18 0.03 0.02 0.02 0.02 0.02 0.01 0.02 0.03 0.02 0.04 0.30 0.44 0.45 0.03 0.04 0.09 0.25 0.11 0.79 0.02 0.02 0.02 0.02 0.02 0.02 0.02 0.20 0.14 0.07 0.06
0.00 0.00 0.00 0.00 0.00 0.00 0.00 0.00 0.00 0.00 0.00 0.00 0.00 0.00 0.00 0.02 0.04 0.07 0.08 0.09 0.12 0.28 0.12 0.30 0.31 0.02 0.04 0.04 0.57 0.62 0.62 0.03 0.02 0.02 0.03 0.03 0.04 0.05 0.02 0.86 0.01 1.24 0.04 0.02 0.01 0.02 0.03 0.03 0.03 1.08 0.32 0.01 0.08 0.22 0.22 0.12 0.07 0.02 0.01 0.01 0.02 0.03 0.05 0.04 0.29 0.11 0.05 0.06 0.06 0.07 0.31 0.02 0.61 0.59 0.02 0.01 0.01 0.01 0.01 0.03 0.23 0.20 0.08 0.06
0.00 0.00 0.00 0.00 0.00 0.00 0.00 0.00 0.00 0.00 0.00 0.00 0.00 0.00 0.00 0.00 0.02 0.02 0.03 0.03 0.04 0.03 0.03 0.05 0.37 0.40 0.40 0.42 0.50 0.10 0.03 0.02 0.02 0.02 0.02 0.02 0.04 0.05 0.22 1.09 1.35 1.57 0.03 0.02 0.01 0.02 0.02 0.02 0.03 0.62 0.41 0.02 0.01 0.04 0.11 0.11 0.10 0.05 0.02 0.01 0.01 0.02 0.02 0.29 0.65 0.01 0.02 0.04 0.02 0.08 0.26 0.02 0.03 0.93 0.03 0.02 0.01 0.01 0.01 0.03 0.05 0.30 0.08 0.06
0.00 0.00 0.00 0.00 0.00 0.00 0.00 0.00 0.00 0.00 0.00 0.00 0.00 0.00 0.00 0.00 0.01 0.02 0.02 0.02 0.02 0.02 0.03 0.03 0.04 0.05 0.04 0.03 0.13 0.11 0.03 0.01 0.02 0.01 0.02 0.08 0.05 0.03 0.17 0.14 0.52 0.02 0.02 0.02 0.01 0.01 0.01 0.01 0.01 0.68 0.47 0.69 0.06 0.02 0.02 0.12 0.09 0.07 0.04 0.01 0.01 0.03 0.10 0.63 0.02 0.01 0.02 0.02 0.02 0.24 0.24 0.01 0.02 1.09 0.27 0.05 0.03 0.02 0.01 0.03 0.04 0.13 0.08 0.06
0.00 0.00 0.00 0.00 0.00 0.00 0.00 0.00 0.00 0.00 0.00 0.00 0.00 0.00 0.00 0.00 0.00 0.00 0.00 0.00 0.00 0.01 0.01 0.02 0.02 0.07 0.02 0.03 0.05 0.18 0.04 0.01 0.02 0.04 0.06 0.04 0.02 0.03 0.26 0.01 0.50 0.02 0.01 0.01 0.01 0.03 0.03 0.14 0.13 1.21 1.20 0.42 0.04 0.02 0.01 0.02 0.08 0.04 0.03 0.01 0.01 0.03 0.11 0.34 0.01 0.01 0.01 0.03 0.11 0.30 0.03 0.01 0.02 1.02 0.06 0.12 0.11 0.10 0.08 0.05 0.04 0.06 0.07 0.06
0.00 0.00 0.00 0.00 0.00 0.00 0.00 0.00 0.00 0.00 0.00 0.00 0.00 0.00 0.00 0.00 0.00 0.00 0.00 0.00 0.00 0.00 0.00 0.01 0.02 0.05 0.02 0.03 0.04 0.13 0.04 0.01 0.02 0.02 0.02 0.07 0.24 0.26 0.30 0.01 0.48 0.30 0.03 0.01 0.03 0.02 0.32 0.19 0.42 0.21 0.32 0.92 0.09 0.03 0.01 0.01 0.04 0.03 0.02 0.01 0.02 0.03 0.11 0.26 0.04 0.01 0.01 0.01 0.08 0.29 0.03 0.01 0.01 0.99 0.30 0.02 0.02 0.04 0.06 0.05 0.04 0.04 0.06 0.04
0.00 0.00 0.00 0.00 0.00 0.00 0.00 0.00 0.00 0.00 0.00 0.00 0.00 0.00 0.00 0.00 0.00 0.00 0.00 0.00 0.00 0.00 0.00 0.00 0.02 0.02 0.02 0.02 0.03 0.08 0.08 0.01 0.02 0.03 0.07 0.04 0.19 0.03 0.01 0.03 0.24 0.30 0.03 0.01 0.03 0.39 0.31 0.01 0.03 0.02 0.33 0.59 0.11 0.20 0.17 0.03 0.02 0.02 0.02 0.02 0.03 0.04 0.27 0.24 0.01 0.02 0.02 0.25 0.28 0.17 0.02 0.01 0.45 0.39 0.23 0.15 0.11 0.09 0.05 0.04 0.04 0.04 0.08 0.04
0.00 0.00 0.00 0.00 0.00 0.00 0.00 0.00 0.00 0.00 0.00 0.00 0.00 0.00 0.00 0.00 0.00 0.00 0.00 0.00 0.00 0.00 0.00 0.00 0.00 0.02 0.01 0.01 0.02 0.05 0.21 0.02 0.02 0.03 0.04 0.14 0.12 0.02 0.01 0.01 0.45 0.03 0.01 0.01 0.01 0.38 0.03 0.01 0.02 0.03 0.48 0.38 0.02 0.02 0.16 0.14 0.07 0.02 0.01 0.03 0.03 0.03 0.35 0.02 0.02 0.05 0.15 0.24 0.04 0.03 0.01 0.02 0.45 0.07 0.25 0.06 0.07 0.06 0.05 0.04 0.03 0.02 0.05 0.03
0.00 0.00 0.00 0.00 0.00 0.00 0.00 0.00 0.00 0.00 0.00 0.00 0.00 0.00 0.00 0.00 0.00 0.00 0.00 0.00 0.00 0.00 0.00 0.00 0.00 0.00 0.00 0.01 0.02 0.04 0.07 0.01 0.02 0.05 0.05 0.09 0.02 0.01 0.02 0.36 0.44 0.02 0.01 0.02 0.32 0.37 0.02 0.01 0.02 0.03 0.31 0.68 0.02 0.01 0.01 0.03 0.17 0.03 0.01 0.02 0.06 0.22 0.32 0.01 0.03 0.02 0.19 0.04 0.03 0.02 0.01 0.26 0.39 0.11 0.18 0.08 0.07 0.06 0.05 0.04 0.04 0.02 0.03 0.02
0.00 0.00 0.00 0.00 0.00 0.00 0.00 0.00 0.00 0.00 0.00 0.00 0.00 0.00 0.00 0.00 0.00 0.00 0.00 0.00 0.00 0.00 0.00 0.00 0.00 0.00 0.00 0.01 0.02 0.03 0.05 0.01 0.02 0.03 0.03 0.04 0.01 0.01 0.32 0.35 0.02 0.02 0.01 0.02 0.30 0.05 0.03 0.01 0.02 0.02 0.40 0.48 0.07 0.03 0.01 0.03 0.02 0.02 0.01 0.03 0.09 0.10 0.12 0.02 0.03 0.07 0.12 0.02 0.02 0.03 0.22 0.16 0.22 0.20 0.07 0.06 0.06 0.05 0.05 0.04 0.04 0.03 0.03 0.02
0.00 0.00 0.00 0.00 0.00 0.00 0.00 0.00 0.00 0.00 0.00 0.00 0.00 0.00 0.00 0.00 0.00 0.00 0.00 0.00 0.00 0.00 0.00 0.00 0.00 0.00 0.00 0.00 0.01 0.03 0.01 0.01 0.01 0.01 0.01 0.02 0.07 0.36 0.31 0.03 0.02 0.01 0.02 0.14 0.23 0.04 0.03 0.01 0.01 0.02 0.57 0.28 0.08 0.01 0.01 0.01 0.01 0.01 0.02 0.03 0.10 0.09 0.08 0.03 0.03 0.03 0.03 0.02 0.01 0.07 0.21 0.06 0.02 0.48 0.03 0.05 0.06 0.05 0.05 0.04 0.04 0.03 0.02 0.02
0.00 0.00 0.00 0.00 0.00 0.00 0.00 0.00 0.00 0.00 0.00 0.00 0.00 0.00 0.00 0.00 0.00 0.00 0.00 0.00 0.00 0.00 0.00 0.00 0.00 0.00 0.00 0.00 0.00 0.01 0.01 0.02 0.02 0.13 0.20 0.28 0.11 0.32 0.04 0.02 0.01 0.02 0.18 0.12 0.18 0.03 0.02 0.01 0.01 0.02 0.37 0.34 0.14 0.03 0.02 0.02 0.02 0.01 0.01 0.02 0.14 0.04 0.04 0.03 0.03 0.02 0.01 0.01 0.01 0.11 0.08 0.07 0.02 0.28 0.19 0.06 0.05 0.05 0.04 0.04 0.03 0.02 0.02 0.02
0.00 0.00 0.00 0.00 0.00 0.00 0.00 0.00 0.00 0.00 0.00 0.00 0.00 0.00 0.00 0.00 0.00 0.00 0.00 0.00 0.00 0.00 0.00 0.00 0.00 0.00 0.00 0.00 0.00 0.01 0.02 0.03 0.07 0.34 0.02 0.02 0.16 0.18 0.02 0.01 0.02 0.09 0.19 0.02 0.09 0.03 0.02 0.01 0.02 0.06 0.55 0.15 0.15 0.35 0.16 0.04 0.03 0.02 0.02 0.01 0.30 0.01 0.03 0.02 0.02 0.01 0.01 0.02 0.11 0.17 0.02 0.03 0.03 0.24 0.09 0.07 0.05 0.05 0.04 0.03 0.02 0.02 0.02 0.02
0.00 0.00 0.00 0.00 0.00 0.00 0.00 0.00 0.00 0.00 0.00 0.00 0.00 0.00 0.00 0.00 0.00 0.00 0.00 0.00 0.00 0.00 0.00 0.00 0.00 0.00 0.00 0.00 0.00 0.02 0.03 0.04 0.08 0.08 0.02 0.03 0.07 0.03 0.02 0.01 0.03 0.08 0.07 0.02 0.05 0.02 0.01 0.02 0.06 0.17 0.45 0.06 0.02 0.12 0.13 0.24 0.15 0.03 0.02 0.01 0.29 0.01 0.01 0.02 0.02 0.03 0.04 0.13 0.09 0.07 0.01 0.02 0.03 0.18 0.09 0.07 0.06 0.04 0.03 0.03 0.02 0.02 0.01 0.01
0.00 0.00 0.00 0.00 0.00 0.00 0.00 0.00 0.00 0.00 0.00 0.00 0.00 0.00 0.00 0.00 0.00 0.00 0.00 0.00 0.00 0.00 0.00 0.00 0.00 0.00 0.00 0.00 0.00 0.01 0.02 0.02 0.05 0.04 0.01 0.02 0.03 0.02 0.02 0.02 0.03 0.05 0.06 0.02 0.03 0.01 0.01 0.08 0.08 0.08 0.42 0.07 0.04 0.04 0.03 0.02 0.13 0.12 0.13 0.02 0.28 0.01 0.01 0.01 0.01 0.02 0.03 0.06 0.02 0.03 0.01 0.02 0.03 0.14 0.09 0.07 0.06 0.04 0.04 0.03 0.02 0.02 0.01 0.01
0.00 0.00 0.00 0.00 0.00 0.00 0.00 0.00 0.00 0.00 0.00 0.00 0.00 0.00 0.00 0.00 0.00 0.00 0.00 0.00 0.00 0.00 0.00 0.00 0.00 0.00 0.00 0.00 0.00 0.00 0.01 0.02 0.04 0.03 0.01 0.01 0.02 0.01 0.01 0.02 0.02 0.04 0.04 0.02 0.01 0.01 0.17 0.11 0.08 0.11 0.34 0.08 0.04 0.04 0.03 0.02 0.02 0.04 0.10 0.02 0.26 0.01 0.01 0.00 0.02 0.02 0.02 0.02 0.02 0.01 0.01 0.02 0.03 0.09 0.07 0.06 0.06 0.04 0.04 0.02 0.02 0.02 0.02 0.00
0.00 0.00 0.00 0.00 0.00 0.00 0.00 0.00 0.00 0.00 0.00 0.00 0.00 0.00 0.00 0.00 0.00 0.00 0.00 0.00 0.00 0.00 0.00 0.00 0.00 0.00 0.00 0.00 0.00 0.00 0.00 0.02 0.01 0.02 0.00 0.00 0.00 0.00 0.00 0.01 0.02 0.02 0.02 0.01 0.01 0.02 0.16 0.02 0.03 0.09 0.29 0.08 0.04 0.03 0.03 0.02 0.01 0.02 0.03 0.02 0.25 0.01 0.01 0.00 0.00 0.00 0.00 0.00 0.00 0.00 0.00 0.01 0.03 0.07 0.06 0.06 0.06 0.05 0.03 0.02 0.02 0.02 0.00 0.00
0.00 0.00 0.00 0.00 0.00 0.00 0.00 0.00 0.00 0.00 0.00 0.00 0.00 0.00 0.00 0.00 0.00 0.00 0.00 0.00 0.00 0.00 0.00 0.00 0.00 0.00 0.00 0.00 0.00 0.00 0.00 0.00 0.00 0.00 0.00 0.00 0.00 0.00 0.00 0.00 0.00 0.00 0.01 0.02 0.04 0.10 0.11 0.02 0.03 0.07 0.28 0.12 0.06 0.03 0.02 0.02 0.02 0.01 0.01 0.02 0.23 0.20 0.12 0.00 0.00 0.00 0.00 0.00 0.00 0.00 0.00 0.01 0.02 0.05 0.03 0.04 0.06 0.05 0.03 0.04 0.02 0.00 0.00 0.00
0.00 0.00 0.00 0.00 0.00 0.00 0.00 0.00 0.00 0.00 0.00 0.00 0.00 0.00 0.00 0.00 0.00 0.00 0.00 0.00 0.00 0.00 0.00 0.00 0.00 0.00 0.00 0.00 0.00 0.00 0.00 0.00 0.00 0.00 0.00 0.00 0.00 0.00 0.00 0.00 0.00 0.00 0.02 0.04 0.04 0.06 0.03 0.02 0.02 0.08 0.23 0.13 0.05 0.04 0.04 0.03 0.01 0.01 0.02 0.03 0.02 0.09 0.10 0.00 0.00 0.00 0.00 0.00 0.00 0.00 0.00 0.00 0.01 0.02 0.01 0.02 0.06 0.05 0.04 0.00 0.00 0.00 0.00 0.00
0.00 0.00 0.00 0.00 0.00 0.00 0.00 0.00 0.00 0.00 0.00 0.00 0.00 0.00 0.00 0.00 0.00 0.00 0.00 0.00 0.00 0.00 0.00 0.00 0.00 0.00 0.00 0.00 0.00 0.00 0.00 0.00 0.00 0.00 0.00 0.00 0.00 0.00 0.00 0.00 0.00 0.00 0.00 0.00 0.01 0.02 0.02 0.02 0.04 0.09 0.16 0.11 0.04 0.03 0.02 0.02 0.01 0.01 0.01 0.02 0.04 0.11 0.01 0.00 0.00 0.00 0.00 0.00 0.00 0.00 0.00 0.00 0.00 0.00 0.00 0.00 0.00 0.00 0.00 0.00 0.00 0.00 0.00 0.00
