NEW_versions/TempJunk/Iao_Soil_Initial_Precip_0p4_MAXdepCrazy10.asc
NCOLS 111
NROWS 84
XLLCENTER 750508.350000
YLLCENTER 2308429.860000
CELLSIZE 50.000000
NODATA_value -99999.000000
[rows 0 to 37 of 84, columns 0 to 83 of 111]
0.00 0.00 0.00 0.00 0.00 0.00 0.00 0.00 0.00 0.00 0.00 0.00 0.00 0.00 0.00 0.00 0.00 0.00 0.00 0.00 0.00 0.00 0.00 0.00 0.00 0.00 0.00 0.00 0.00 0.00 0.00 0.00 0.00 0.00 0.00 0.00 0.00 0.00 0.00 0.00 0.00 0.00 0.00 0.00 0.00 0.00 0.00 0.00 0.00 0.00 0.00 0.00 0.00 0.00 0.00 0.00 0.00 0.00 0.00 0.00 0.00 0.00 0.00 0.00 0.00 0.00 0.00 0.00 0.00 0.00 0.00 0.00 0.00 0.00 0.00 0.00 0.00 0.00 0.00 0.00 0.00 0.00 0.00 0.00
0.00 0.00 0.00 0.00 0.00 0.00 0.00 0.00 0.00 0.00 0.00 0.00 0.00 0.00 0.00 0.00 0.00 0.00 0.00 0.00 0.00 0.00 0.00 0.00 0.00 0.00 0.00 0.00 0.00 0.00 0.00 0.00 0.00 0.00 0.00 0.00 0.00 0.00 0.00 0.00 0.00 0.00 0.00 0.00 0.00 0.00 0.00 0.00 0.00 0.00 0.00 0.01 0.01 0.01 0.01 0.01 0.02 0.01 0.01 0.01 0.02 0.00 0.00 0.00 0.00 0.00 0.00 0.00 0.00 0.00 0.00 0.00 0.00 0.00 0.00 0.00 0.00 0.00 0.00 0.00 0.00 0.00 0.00 0.00
0.00 0.00 0.00 0.00 0.00 0.00 0.00 0.00 0.00 0.00 0.00 0.00 0.00 0.00 0.00 0.00 0.00 0.00 0.00 0.00 0.00 0.00 0.00 0.00 0.00 0.00 0.00 0.00 0.00 0.00 0.00 0.00 0.00 0.00 0.00 0.00 0.00 0.00 0.00 0.00 0.00 0.00 0.00 0.00 0.00 0.00 0.00 0.01 0.01 0.01 0.01 0.01 0.03 0.02 0.01 0.02 0.02 0.02 0.02 0.02 0.02 0.01 0.00 0.00 0.00 0.00 0.00 0.01 0.01 0.02 0.00 0.00 0.00 0.00 0.00 0.00 0.00 0.00 0.00 0.00 0.00 0.00 0.00 0.00
0.00 0.00 0.00 0.00 0.00 0.00 0.00 0.00 0.00 0.00 0.00 0.00 0.00 0.00 0.00 0.00 0.00 0.00 0.00 0.00 0.00 0.00 0.00 0.00 0.00 0.00 0.00 0.00 0.00 0.00 0.00 0.00 0.00 0.00 0.00 0.00 0.00 0.00 0.00 0.00 0.00 0.00 0.00 0.00 0.00 0.00 0.01 0.01 0.02 0.02 0.02 0.02 0.03 0.03 0.02 0.02 0.02 0.03 0.03 0.02 0.02 0.01 0.01 0.00 0.00 0.01 0.01 0.01 0.02 0.04 0.01 0.02 0.02 0.00 0.00 0.00 0.00 0.00 0.00 0.00 0.00 0.00 0.00 0.00
0.00 0.00 0.00 0.00 0.00 0.00 0.00 0.00 0.00 0.00 0.00 0.00 0.00 0.00 0.00 0.00 0.00 0.00 0.00 0.00 0.00 0.00 0.00 0.00 0.00 0.00 0.00 0.00 0.00 0.00 0.00 0.00 0.00 0.00 0.00 0.00 0.00 0.00 0.00 0.00 0.00 0.00 0.00 0.00 0.00 0.00 0.01 0.02 0.02 0.02 0.02 0.03 0.03 0.04 0.04 0.02 0.02 0.03 0.04 0.03 0.02 0.02 0.01 0.01 0.01 0.01 0.02 0.02 0.04 0.03 0.02 0.02 0.02 0.01 0.02 0.00 0.00 0.00 0.00 0.00 0.00 0.00 0.00 0.00
0.00 0.00 0.00 0.00 0.00 0.00 0.00 0.00 0.00 0.00 0.00 0.00 0.00 0.00 0.00 0.00 0.00 0.00 0.00 0.00 0.00 0.00 0.00 0.00 0.00 0.00 0.00 0.00 0.00 0.00 0.00 0.00 0.00 0.00 0.00 0.00 0.00 0.00 0.00 0.00 0.00 0.00 0.00 0.00 0.00 0.01 0.01 0.02 0.02 0.02 0.03 0.03 0.05 0.04 0.03 0.03 0.03 0.03 0.05 0.03 0.03 0.02 0.02 0.01 0.01 0.01 0.02 0.05 0.05 0.03 0.02 0.02 0.02 0.02 0.03 0.02 0.00 0.00 0.00 0.00 0.00 0.00 0.00 0.01
0.00 0.00 0.00 0.00 0.00 0.00 0.00 0.00 0.00 0.00 0.00 0.00 0.00 0.00 0.00 0.00 0.00 0.00 0.00 0.00 0.00 0.00 0.00 0.00 0.00 0.00 0.00 0.00 0.00 0.00 0.00 0.00 0.00 0.00 0.00 0.00 0.00 0.00 0.00 0.00 0.00 0.00 0.01 0.01 0.01 0.01 0.02 0.02 0.02 0.02 0.03 0.04 0.05 0.05 0.03 0.03 0.03 0.04 0.04 0.05 0.03 0.03 0.02 0.02 0.01 0.01 0.02 0.08 0.05 0.03 0.02 0.02 0.02 0.03 0.03 0.02 0.01 0.02 0.01 0.00 0.00 0.00 0.01 0.02
0.00 0.00 0.00 0.00 0.00 0.00 0.00 0.00 0.00 0.00 0.00 0.00 0.00 0.00 0.00 0.00 0.00 0.00 0.00 0.00 0.00 0.00 0.00 0.00 0.00 0.00 0.00 0.00 0.00 0.00 0.00 0.00 0.00 0.00 0.00 0.00 0.00 0.00 0.00 0.00 0.01 0.01 0.01 0.02 0.02 0.02 0.03 0.01 0.02 0.02 0.03 0.04 0.05 0.05 0.04 0.04 0.04 0.04 0.05 0.05 0.04 0.03 0.02 0.02 0.01 0.01 0.03 0.10 0.04 0.03 0.02 0.02 0.02 0.04 0.04 0.02 0.02 0.03 0.02 0.01 0.01 0.02 0.01 0.01
0.00 0.00 0.00 0.00 0.00 0.00 0.00 0.00 0.00 0.00 0.00 0.00 0.00 0.00 0.00 0.00 0.00 0.00 0.00 0.00 0.00 0.00 0.00 0.00 0.00 0.00 0.00 0.00 0.00 0.00 0.00 0.00 0.00 0.00 0.00 0.00 0.00 0.00 0.00 0.01 0.01 0.02 0.02 0.02 0.03 0.02 0.04 0.02 0.02 0.03 0.03 0.04 0.05 0.06 0.05 0.05 0.05 0.05 0.06 0.06 0.04 0.03 0.03 0.02 0.02 0.01 0.02 0.07 0.03 0.02 0.02 0.02 0.03 0.04 0.06 0.03 0.03 0.03 0.02 0.02 0.01 0.02 0.01 0.01
0.00 0.00 0.00 0.00 0.00 0.00 0.00 0.00 0.00 0.00 0.00 0.00 0.00 0.00 0.00 0.00 0.00 0.00 0.00 0.00 0.00 0.00 0.00 0.00 0.00 0.00 0.00 0.00 0.00 0.00 0.00 0.00 0.00 0.00 0.01 0.02 0.01 0.01 0.01 0.02 0.02 0.02 0.02 0.03 0.03 0.03 0.03 0.03 0.03 0.03 0.04 0.04 0.06 0.06 0.05 0.05 0.05 0.06 0.07 0.07 0.05 0.04 0.03 0.02 0.02 0.01 0.02 0.22 0.03 0.02 0.02 0.03 0.04 0.05 0.06 0.05 0.04 0.03 0.02 0.01 0.02 0.04 0.02 0.02
0.00 0.00 0.00 0.00 0.00 0.00 0.00 0.00 0.00 0.00 0.00 0.00 0.00 0.00 0.00 0.00 0.00 0.00 0.00 0.00 0.00 0.00 0.00 0.00 0.00 0.00 0.00 0.00 0.00 0.00 0.00 0.01 0.01 0.02 0.02 0.03 0.01 0.03 0.01 0.02 0.03 0.03 0.03 0.03 0.03 0.04 0.04 0.03 0.03 0.04 0.05 0.09 0.15 0.05 0.05 0.06 0.06 0.06 0.07 0.08 0.05 0.04 0.03 0.02 0.02 0.01 0.01 0.14 0.07 0.01 0.03 0.03 0.04 0.06 0.06 0.05 0.04 0.03 0.02 0.01 0.02 0.04 0.05 0.02
0.00 0.00 0.00 0.00 0.00 0.00 0.00 0.00 0.00 0.00 0.00 0.00 0.00 0.00 0.00 0.00 0.00 0.00 0.00 0.00 0.00 0.00 0.00 0.00 0.00 0.00 0.00 0.00 0.00 0.00 0.01 0.02 0.02 0.02 0.02 0.03 0.04 0.03 0.01 0.01 0.02 0.03 0.04 0.04 0.04 0.04 0.04 0.03 0.04 0.05 0.05 0.05 0.15 0.22 0.15 0.12 0.09 0.09 0.08 0.13 0.09 0.06 0.04 0.03 0.02 0.02 0.01 0.06 0.09 0.07 0.08 0.03 0.04 0.08 0.07 0.05 0.04 0.03 0.02 0.02 0.02 0.07 0.04 0.03
0.00 0.00 0.00 0.00 0.00 0.00 0.00 0.00 0.00 0.00 0.00 0.00 0.00 0.00 0.00 0.00 0.00 0.00 0.00 0.00 0.00 0.00 0.00 0.00 0.00 0.01 0.02 0.02 0.02 0.01 0.02 0.02 0.03 0.02 0.02 0.03 0.05 0.03 0.02 0.01 0.02 0.03 0.03 0.04 0.04 0.04 0.04 0.04 0.06 0.08 0.14 0.02 0.01 0.02 0.08 0.32 0.11 0.08 0.18 0.15 0.23 0.09 0.07 0.10 0.03 0.02 0.01 0.04 0.04 0.11 0.17 0.15 0.10 0.13 0.06 0.05 0.05 0.04 0.03 0.02 0.01 0.04 0.05 0.03
0.00 0.00 0.00 0.00 0.00 0.00 0.00 0.00 0.00 0.00 0.00 0.00 0.00 0.00 0.01 0.01 0.02 0.01 0.01 0.02 0.01 0.02 0.02 0.02 0.01 0.02 0.02 0.04 0.02 0.01 0.02 0.02 0.03 0.02 0.03 0.03 0.06 0.04 0.02 0.01 0.02 0.02 0.02 0.03 0.04 0.05 0.06 0.06 0.06 0.06 0.08 0.08 0.07 0.01 0.04 0.32 0.37 0.01 0.08 0.24 0.25 0.05 0.01 0.18 0.10 0.02 0.01 0.05 0.05 0.02 0.07 0.10 0.14 0.44 0.47 0.06 0.06 0.04 0.05 0.03 0.03 0.05 0.06 0.03
0.00 0.00 0.00 0.00 0.00 0.00 0.00 0.00 0.00 0.00 0.00 0.01 0.01 0.01 0.02 0.03 0.03 0.02 0.02 0.04 0.02 0.02 0.02 0.03 0.02 0.02 0.03 0.02 0.02 0.02 0.02 0.02 0.02 0.02 0.03 0.04 0.07 0.06 0.02 0.01 0.02 0.02 0.02 0.03 0.04 0.05 0.09 0.09 0.12 0.10 0.09 0.07 0.16 0.01 0.03 0.05 0.38 0.01 0.01 0.12 0.41 0.03 0.01 0.01 0.17 0.02 0.01 0.07 0.04 0.06 0.03 0.07 0.02 0.02 0.48 0.40 0.43 0.04 0.06 0.11 0.04 0.04 0.05 0.03
0.00 0.00 0.00 0.00 0.00 0.00 0.00 0.00 0.00 0.00 0.01 0.01 0.02 0.02 0.02 0.03 0.03 0.03 0.02 0.04 0.03 0.02 0.02 0.03 0.03 0.02 0.03 0.03 0.03 0.03 0.02 0.02 0.02 0.02 0.03 0.05 0.08 0.05 0.02 0.02 0.01 0.02 0.02 0.02 0.03 0.05 0.05 0.09 0.14 0.16 0.23 0.26 0.43 0.18 0.12 0.42 0.38 0.01 0.02 0.08 0.56 0.04 0.01 0.02 0.09 0.18 0.01 0.16 0.04 0.05 0.02 0.08 0.05 0.01 0.01 0.02 0.50 0.06 0.10 0.09 0.05 0.04 0.05 0.04
0.00 0.00 0.00 0.00 0.00 0.00 0.00 0.03 0.01 0.01 0.01 0.02 0.02 0.02 0.02 0.05 0.03 0.02 0.02 0.03 0.02 0.02 0.02 0.04 0.03 0.02 0.03 0.03 0.03 0.03 0.03 0.02 0.02 0.03 0.06 0.07 0.07 0.04 0.03 0.02 0.01 0.02 0.02 0.02 0.03 0.02 0.03 0.03 0.03 0.02 0.02 0.02 0.03 0.22 0.19 0.19 0.38 0.10 0.01 0.06 0.29 0.30 0.28 0.01 0.14 0.08 0.01 0.08 0.14 0.05 0.03 0.08 0.10 0.01 0.02 0.01 0.91 0.12 0.08 0.07 0.06 0.05 0.05 0.03
0.00 0.00 0.00 0.00 0.00 0.00 0.02 0.02 0.02 0.01 0.02 0.03 0.03 0.02 0.02 0.05 0.04 0.02 0.04 0.03 0.02 0.03 0.03 0.05 0.03 0.02 0.03 0.03 0.03 0.03 0.03 0.04 0.05 0.04 0.06 0.07 0.06 0.04 0.03 0.02 0.01 0.02 0.02 0.02 0.02 0.02 0.02 0.01 0.01 0.01 0.01 0.02 0.02 0.02 0.13 0.25 0.65 0.76 0.02 0.01 0.12 0.36 0.82 0.22 0.26 0.18 0.02 0.06 0.19 0.03 0.07 0.04 0.16 0.03 0.03 0.01 0.90 0.09 0.01 0.09 0.07 0.05 0.03 0.03
0.00 0.00 0.00 0.00 0.00 0.02 0.02 0.02 0.02 0.02 0.02 0.03 0.03 0.03 0.03 0.04 0.05 0.06 0.06 0.03 0.02 0.02 0.03 0.06 0.03 0.01 0.02 0.02 0.03 0.04 0.04 0.04 0.09 0.06 0.07 0.07 0.05 0.03 0.02 0.01 0.02 0.02 0.02 0.02 0.03 0.03 0.03 0.02 0.02 0.02 0.02 0.01 0.01 0.02 0.02 0.03 0.05 0.70 0.72 0.01 0.06 0.06 0.16 0.72 0.24 0.29 0.25 0.06 0.16 0.02 0.07 0.07 0.11 0.12 0.03 0.02 0.47 0.02 0.01 0.13 0.06 0.07 0.04 0.03
0.00 0.00 0.00 0.00 0.02 0.01 0.02 0.03 0.04 0.02 0.02 0.03 0.04 0.03 0.03 0.05 0.05 0.07 0.12 0.03 0.02 0.02 0.03 0.05 0.06 0.01 0.02 0.03 0.04 0.04 0.04 0.06 0.19 0.08 0.07 0.06 0.05 0.04 0.02 0.01 0.03 0.03 0.02 0.03 0.03 0.03 0.05 0.06 0.02 0.02 0.03 0.02 0.02 0.02 0.02 0.02 0.03 0.04 0.84 0.85 0.05 0.01 0.11 0.09 0.29 0.23 0.38 0.29 0.22 0.01 0.04 0.06 0.17 0.18 0.07 0.05 0.77 0.01 0.01 0.11 0.24 0.21 0.09 0.03
0.00 0.00 0.00 0.02 0.03 0.01 0.02 0.04 0.04 0.03 0.02 0.03 0.03 0.04 0.04 0.05 0.06 0.09 0.13 0.06 0.03 0.02 0.03 0.04 0.06 0.04 0.03 0.03 0.03 0.04 0.04 0.06 0.14 0.29 0.06 0.05 0.05 0.10 0.03 0.02 0.02 0.04 0.04 0.02 0.02 0.05 0.08 0.14 0.02 0.02 0.03 0.03 0.03 0.03 0.03 0.02 0.02 0.02 0.03 0.81 0.70 0.02 0.01 0.02 0.16 0.33 0.42 0.53 0.82 0.71 0.02 0.04 0.31 0.18 0.08 0.19 0.83 0.02 0.01 0.19 0.20 0.05 0.06 0.07
0.00 0.00 0.02 0.04 0.02 0.02 0.02 0.04 0.04 0.05 0.04 0.02 0.02 0.03 0.06 0.07 0.06 0.07 0.09 0.09 0.03 0.02 0.03 0.04 0.05 0.04 0.03 0.03 0.04 0.04 0.04 0.04 0.07 0.25 0.17 0.03 0.08 0.08 0.02 0.01 0.02 0.08 0.05 0.03 0.01 0.02 0.04 0.19 0.16 0.05 0.04 0.04 0.03 0.04 0.07 0.11 0.01 0.01 0.02 0.03 0.83 1.05 0.02 0.02 0.01 0.02 0.03 0.02 0.03 0.60 0.93 0.03 0.01 0.14 0.08 0.03 0.83 0.63 0.65 0.23 0.09 0.04 0.04 0.04
0.00 0.00 0.00 0.03 0.02 0.02 0.02 0.04 0.04 0.05 0.04 0.03 0.02 0.03 0.01 0.01 0.06 0.10 0.10 0.18 0.03 0.01 0.03 0.05 0.08 0.09 0.04 0.03 0.05 0.04 0.05 0.06 0.05 0.08 0.25 0.14 0.09 0.06 0.02 0.01 0.02 0.12 0.05 0.02 0.01 0.02 0.03 0.03 0.09 0.10 0.08 0.04 0.05 0.04 0.03 0.11 0.15 0.01 0.01 0.03 0.04 1.02 0.80 0.03 0.01 0.04 0.04 0.05 0.02 0.02 0.70 0.74 0.05 0.06 0.08 0.12 0.03 0.03 0.74 0.85 0.07 0.04 0.05 0.04
0.00 0.00 0.00 0.02 0.02 0.02 0.02 0.03 0.04 0.05 0.04 0.03 0.03 0.03 0.03 0.01 0.01 0.06 0.09 0.29 0.15 0.01 0.02 0.09 0.06 0.08 0.02 0.04 0.09 0.10 0.09 0.08 0.07 0.08 0.35 0.07 0.06 0.04 0.02 0.01 0.03 0.08 0.12 0.02 0.01 0.01 0.02 0.03 0.08 0.10 0.24 0.26 0.04 0.03 0.04 0.02 0.16 0.37 0.02 0.01 0.02 0.03 1.11 0.84 0.02 0.01 0.01 0.04 0.09 0.04 0.03 0.96 0.70 0.05 0.04 0.06 0.10 0.01 0.01 0.70 0.10 0.06 0.06 0.05
0.00 0.00 0.01 0.02 0.02 0.04 0.04 0.06 0.05 0.04 0.03 0.04 0.05 0.02 0.03 0.02 0.02 0.02 0.06 0.21 0.68 0.17 0.17 0.17 0.07 0.04 0.02 0.01 0.02 0.02 0.08 0.14 0.28 0.17 0.53 0.08 0.05 0.03 0.02 0.02 0.03 0.07 0.16 0.02 0.01 0.01 0.01 0.01 0.02 0.02 0.02 0.24 0.34 0.02 0.03 0.04 0.02 0.15 0.22 0.23 0.01 0.01 0.03 1.06 0.94 0.02 0.02 0.04 0.02 0.02 0.02 0.04 0.84 0.05 0.02 0.02 0.12 0.13 0.07 0.68 0.18 0.06 0.07 0.06
0.00 0.01 0.02 0.02 0.03 0.04 0.06 0.09 0.08 0.05 0.03 0.04 0.04 0.04 0.05 0.02 0.02 0.01 0.01 0.02 0.02 0.18 0.40 0.54 0.06 0.03 0.02 0.01 0.01 0.02 0.02 0.02 0.02 0.09 0.64 0.55 0.05 0.03 0.02 0.02 0.03 0.07 0.29 0.03 0.02 0.01 0.02 0.02 0.02 0.02 0.02 0.02 0.32 0.03 0.02 0.04 0.04 0.03 0.02 0.35 0.02 0.01 0.02 0.03 1.03 1.27 0.74 0.57 0.49 0.41 0.01 0.01 0.50 0.60 0.03 0.01 0.01 0.01 0.01 1.29 0.03 0.05 0.04 0.04
0.00 0.02 0.04 0.05 0.06 0.06 0.05 0.08 0.11 0.08 0.05 0.06 0.04 0.05 0.13 0.03 0.02 0.02 0.01 0.01 0.02 0.02 0.02 0.54 0.56 0.03 0.02 0.02 0.01 0.02 0.02 0.02 0.03 0.05 0.03 1.08 0.57 0.03 0.02 0.02 0.02 0.26 0.21 0.02 0.02 0.01 0.02 0.05 0.06 0.04 0.03 0.04 0.47 0.04 0.02 0.03 0.04 0.04 0.03 0.20 0.41 0.02 0.01 0.01 0.02 0.04 0.39 0.84 0.82 0.73 0.83 0.82 0.94 1.35 1.87 1.86 0.02 0.01 0.01 1.17 1.32 0.05 0.05 0.05
0.02 0.02 0.02 0.02 0.03 0.06 0.07 0.08 0.13 0.16 0.22 0.19 0.20 0.03 0.07 0.11 0.03 0.02 0.02 0.01 0.01 0.02 0.02 0.02 0.60 0.05 0.02 0.02 0.01 0.02 0.04 0.05 0.05 0.06 0.04 0.05 0.85 0.03 0.01 0.02 0.16 0.20 0.02 0.02 0.03 0.04 0.01 0.01 0.02 0.06 0.10 0.08 0.22 0.23 0.02 0.02 0.03 0.04 0.05 0.04 0.27 0.45 0.02 0.01 0.01 0.02 0.03 0.04 0.02 0.03 0.02 0.03 0.04 0.04 0.04 1.80 1.34 0.02 0.01 0.02 1.14 0.05 0.04 0.03
0.00 0.01 0.01 0.02 0.03 0.03 0.10 0.15 0.12 0.07 0.05 0.18 0.47 0.49 0.53 0.05 0.06 0.02 0.03 0.02 0.01 0.01 0.02 0.03 0.61 0.59 0.03 0.02 0.01 0.01 0.02 0.04 0.07 0.10 0.10 0.05 0.65 0.68 0.02 0.02 0.35 0.08 0.02 0.02 0.05 0.04 0.02 0.01 0.01 0.02 0.02 0.05 0.17 0.27 0.18 0.03 0.02 0.04 0.04 0.05 0.03 0.19 0.20 0.02 0.04 0.01 0.01 0.01 0.02 0.03 0.03 0.02 0.03 0.06 0.04 0.05 1.36 1.64 1.64 0.01 1.14 1.18 0.03 0.02
0.00 0.00 0.01 0.02 0.02 0.02 0.02 0.06 0.05 0.03 0.02 0.03 0.03 0.03 0.42 0.62 0.73 0.05 0.03 0.02 0.02 0.01 0.01 0.01 0.01 0.61 0.03 0.02 0.01 0.02 0.02 0.02 0.01 0.02 0.07 0.07 0.04 0.86 0.03 0.02 0.23 0.06 0.02 0.02 0.07 0.05 0.02 0.02 0.01 0.02 0.03 0.04 0.08 0.44 0.21 0.18 0.02 0.03 0.04 0.04 0.04 0.12 0.49 0.01 0.05 0.02 0.05 0.02 0.01 0.02 0.05 0.07 0.06 0.03 0.04 0.04 0.04 0.04 1.64 1.59 0.01 1.46 0.06 0.01
0.00 0.00 0.01 0.01 0.02 0.02 0.02 0.02 0.04 0.05 0.03 0.03 0.03 0.04 0.03 0.04 0.57 0.68 0.70 0.03 0.03 0.02 0.02 0.02 0.02 0.80 0.04 0.02 0.01 0.02 0.03 0.02 0.02 0.02 0.05 0.09 0.08 0.73 0.03 0.01 0.26 0.05 0.03 0.02 0.10 0.05 0.04 0.03 0.02 0.01 0.03 0.06 0.11 0.16 0.40 0.16 0.03 0.02 0.03 0.06 0.05 0.24 0.15 0.02 0.11 0.09 0.08 0.03 0.02 0.01 0.01 0.02 0.08 0.15 0.07 0.07 0.05 0.04 0.03 1.42 1.99 1.32 1.50 0.03
0.00 0.00 0.00 0.01 0.01 0.02 0.03 0.03 0.04 0.03 0.05 0.05 0.05 0.05 0.03 0.05 0.05 0.06 0.72 1.32 0.74 0.02 0.03 0.02 0.03 0.49 0.23 0.02 0.01 0.02 0.04 0.03 0.02 0.04 0.03 0.03 0.04 0.90 0.74 0.01 0.24 0.04 0.04 0.02 0.11 0.03 0.07 0.02 0.03 0.03 0.01 0.01 0.02 0.09 0.32 0.39 0.04 0.02 0.04 0.08 0.07 0.17 0.28 0.02 0.21 0.07 0.02 0.01 0.05 0.06 0.05 0.01 0.01 0.03 0.02 0.02 0.02 0.02 0.02 0.02 0.03 1.36 2.14 2.13
0.00 0.00 0.00 0.00 0.01 0.01 0.01 0.02 0.02 0.02 0.02 0.02 0.05 0.06 0.09 0.07 0.06 0.04 0.03 0.03 0.63 1.58 1.00 0.01 0.02 0.47 0.48 0.03 0.01 0.02 0.15 0.06 0.05 0.06 0.04 0.04 0.04 0.03 0.71 1.03 1.12 0.03 0.05 0.02 0.10 0.03 0.07 0.03 0.03 0.05 0.01 0.02 0.02 0.09 0.17 0.67 0.03 0.02 0.03 0.06 0.11 0.17 0.43 0.08 0.13 0.01 0.02 0.01 0.02 0.06 0.12 0.12 0.03 0.02 0.01 0.01 0.02 0.06 0.01 0.01 0.02 0.05 0.08 1.99
0.00 0.00 0.00 0.00 0.01 0.01 0.02 0.01 0.01 0.02 0.02 0.03 0.06 0.04 0.05 0.02 0.02 0.03 0.03 0.03 0.02 0.02 0.56 0.85 0.80 0.12 0.38 0.40 0.32 0.01 0.01 0.08 0.03 0.04 0.06 0.06 0.03 0.02 0.02 0.02 0.64 0.86 0.02 0.03 0.11 0.02 0.06 0.07 0.03 0.08 0.02 0.04 0.02 0.01 0.01 0.86 0.42 0.02 0.04 0.02 0.02 0.35 0.26 0.07 0.19 0.03 0.02 0.03 0.02 0.01 0.02 0.09 0.08 0.09 0.04 0.04 0.13 0.06 0.01 0.02 0.02 0.06 0.08 0.05
0.00 0.00 0.00 0.00 0.01 0.02 0.04 0.03 0.03 0.06 0.07 0.08 0.06 0.01 0.01 0.01 0.01 0.01 0.01 0.01 0.02 0.01 0.02 0.03 0.99 1.08 1.20 0.01 0.34 0.01 0.02 0.07 0.05 0.03 0.04 0.07 0.02 0.02 0.03 0.03 0.37 1.06 0.02 0.04 0.19 0.02 0.05 0.08 0.02 0.07 0.13 0.03 0.04 0.01 0.02 0.03 0.58 0.58 0.56 0.03 0.02 0.36 0.37 0.08 0.05 0.16 0.11 0.03 0.03 0.01 0.02 0.06 0.09 0.09 0.13 0.07 0.07 0.09 0.02 0.02 0.05 0.10 0.05 0.03
0.00 0.00 0.00 0.00 0.01 0.03 0.04 0.09 0.10 0.06 0.05 0.10 0.12 0.10 0.09 0.04 0.02 0.02 0.02 0.15 0.26 0.33 0.01 0.01 0.01 0.16 0.81 1.17 1.15 1.16 0.02 0.06 0.05 0.04 0.05 0.09 0.11 0.02 0.02 0.01 0.01 1.06 0.98 0.88 0.88 1.15 1.16 1.17 0.02 0.04 0.07 0.07 0.15 0.01 0.05 0.01 0.01 0.03 0.50 0.85 0.02 0.01 0.91 0.06 0.03 0.01 0.12 0.13 0.16 0.01 0.03 0.06 0.07 0.12 0.25 0.05 0.05 0.09 0.06 0.04 0.05 0.18 0.02 0.02
0.00 0.00 0.00 0.00 0.01 0.02 0.02 0.03 0.03 0.01 0.01 0.05 0.11 0.16 0.18 0.28 0.29 0.36 0.39 0.33 0.23 0.57 0.44 0.47 0.54 0.45 0.25 0.10 0.10 1.37 1.73 1.34 1.52 1.28 1.59 1.84 1.84 1.62 0.02 0.02 0.01 0.01 0.01 0.01 0.01 0.01 0.01 0.92 0.01 0.04 0.05 0.07 0.09 0.09 0.04 0.05 0.03 0.02 0.02 0.33 0.41 0.01 0.37 0.04 0.04 0.02 0.01 0.07 0.14 0.24 0.16 0.11 0.12 0.10 0.29 0.47 0.03 0.06 0.06 0.06 0.04 0.04 0.05 0.03
0.00 0.00 0.00 0.00 0.00 0.01 0.02 0.02 0.04 0.08 0.10 0.10 0.10 0.06 0.22 0.15 0.19 0.11 0.06 0.05 0.05 0.06 0.06 0.05 0.07 0.06 0.06 0.11 0.09 0.06 0.07 0.16 0.13 0.13 0.06 0.03 0.11 1.56 2.94 2.85 0.02 0.03 0.03 0.03 0.02 0.02 0.03 1.14 0.01 0.05 0.03 0.04 0.07 0.14 0.08 0.08 0.07 0.05 0.04 0.16 1.00 0.26 0.26 0.21 0.05 0.02 0.01 0.04 0.07 0.06 0.12 0.13 0.12 0.11 0.09 0.33 0.27 0.30 0.03 0.04 0.03 0.02 0.03 0.03
