NEW_versions/TempJunk/Iao_50m_5.asc
NCOLS 111
NROWS 84
XLLCENTER 750508.350000
YLLCENTER 2308429.860000
CELLSIZE 50.000000
NODATA_value -99999.000000
[rows 38 to 75 of 84, columns 0 to 83 of 111]
0.00 0.00 0.00 0.00 0.00 0.01 0.01 0.02 0.04 0.03 0.05 0.05 0.07 0.19 0.13 0.07 0.06 0.04 0.03 0.03 0.14 0.10 0.06 0.05 0.05 0.03 0.03 0.02 0.02 0.02 0.18 0.21 0.32 0.29 0.37 0.42 0.29 0.20 0.09 3.48 1.97 2.32 3.33 2.89 1.93 2.46 2.22 4.09 3.51 3.34 3.36 0.04 0.05 0.06 0.10 0.08 0.06 0.06 0.05 4.54 5.71 5.13 3.93 4.24 0.06 0.04 0.04 0.05 0.04 0.03 0.07 0.14 0.21 0.13 0.07 0.04 0.31 0.41 0.24 0.28 0.03 0.03 0.05 0.05
0.00 0.00 0.00 0.00 0.00 0.00 0.01 0.01 0.02 0.04 0.05 0.05 0.06 0.08 0.05 0.03 0.03 0.02 0.02 0.02 0.12 0.01 0.01 0.02 0.02 0.03 0.16 0.36 0.51 0.49 0.29 0.27 0.31 0.06 0.02 0.04 0.06 0.05 0.06 0.04 0.05 0.09 0.05 0.05 0.06 0.09 0.04 0.06 0.06 0.05 3.44 3.85 4.82 4.30 3.03 1.44 3.13 3.15 3.17 4.10 0.02 0.03 0.07 5.43 5.31 4.99 0.07 0.07 0.04 0.02 0.06 0.11 0.19 0.21 0.07 0.03 0.03 0.03 0.22 0.37 0.40 0.19 0.13 0.08
0.00 0.00 0.00 0.00 0.00 0.00 0.02 0.01 0.02 0.04 0.06 0.08 0.06 0.03 0.04 0.03 0.04 0.08 0.12 0.16 0.10 0.12 0.22 0.18 0.28 0.33 0.26 0.21 0.13 0.05 0.04 0.05 0.11 0.04 0.03 0.04 0.04 0.04 0.06 0.03 0.05 0.10 0.03 0.03 0.04 0.05 0.04 0.08 0.08 0.06 0.05 0.06 0.07 0.08 1.22 1.94 2.04 0.04 0.05 0.03 0.02 0.02 0.03 0.06 0.09 4.97 5.09 4.58 0.07 0.04 0.04 0.07 0.15 0.26 0.05 0.04 0.02 0.02 0.02 0.02 0.21 0.23 0.25 0.18
0.00 0.00 0.00 0.00 0.00 0.00 0.02 0.03 0.04 0.05 0.05 0.09 0.02 0.02 0.03 0.04 0.07 0.05 0.04 0.05 0.06 0.08 0.09 0.07 0.05 0.05 0.11 0.11 0.06 0.02 0.04 0.04 0.09 0.04 0.02 0.04 0.02 0.03 0.02 0.03 0.05 0.07 0.02 0.03 0.05 0.03 0.08 0.26 0.02 0.03 0.05 0.05 0.05 0.07 0.03 0.01 0.02 0.03 0.03 0.03 0.03 0.03 0.02 0.07 0.07 0.05 0.06 3.95 3.82 2.83 2.82 0.03 0.07 0.26 0.17 0.02 0.03 0.03 0.03 0.02 0.12 0.18 0.16 0.16
0.00 0.00 0.00 0.00 0.00 0.00 0.04 0.04 0.03 0.02 0.03 0.06 0.01 0.02 0.03 0.04 0.04 0.04 0.04 0.04 0.05 0.06 0.04 0.05 0.02 0.04 0.11 0.03 0.06 0.02 0.03 0.03 0.05 0.03 0.02 0.01 0.01 0.01 0.01 0.02 0.03 0.03 0.03 0.03 0.02 0.04 0.08 0.02 0.01 0.02 0.03 0.04 0.04 0.04 0.02 0.04 0.04 0.03 0.03 0.03 0.14 0.21 0.21 0.14 0.06 0.05 0.04 0.03 0.04 3.21 5.03 0.03 0.04 0.10 0.20 0.09 0.06 0.08 2.55 4.88 3.93 3.81 0.09 8.70
0.00 0.00 0.00 0.00 0.00 0.00 0.00 0.04 0.05 0.04 0.03 0.03 0.02 0.01 0.02 0.02 0.03 0.02 0.02 0.03 0.03 0.03 0.02 0.02 0.02 0.05 0.07 0.02 0.03 0.01 0.02 0.02 0.02 0.01 0.02 0.03 0.03 0.02 0.02 0.02 0.02 0.01 0.02 0.02 0.03 0.02 0.02 0.04 0.02 0.02 0.02 0.02 0.02 0.03 0.04 0.05 0.06 0.06 0.20 0.21 0.17 0.12 0.11 0.05 0.05 0.05 0.03 0.03 0.03 0.05 5.11 5.29 0.08 0.10 0.08 0.09 6.02 5.10 3.13 1.62 0.81 6.98 7.83 8.10
0.00 0.00 0.00 0.00 0.00 0.00 0.00 0.03 0.04 0.04 0.04 0.04 0.05 0.02 0.02 0.02 0.02 0.02 0.02 0.02 0.01 0.01 0.02 0.02 0.02 0.06 0.02 0.01 0.02 0.03 0.03 0.02 0.03 0.03 0.03 0.05 0.05 0.04 0.03 0.04 0.03 0.03 0.02 0.03 0.04 0.05 0.04 0.05 0.05 0.03 0.04 0.04 0.03 0.03 0.11 0.15 0.24 0.18 0.14 0.07 0.05 0.05 0.08 0.12 0.06 0.11 0.19 0.02 0.03 0.07 0.09 5.69 5.02 4.43 0.05 6.92 6.56 0.03 0.01 0.02 4.30 4.75 0.29 0.06
0.00 0.00 0.00 0.00 0.00 0.00 0.00 0.03 0.04 0.05 0.05 0.05 0.07 0.03 0.03 0.03 0.03 0.03 0.04 0.04 0.03 0.04 0.04 0.07 0.02 0.02 0.02 0.02 0.03 0.04 0.07 0.07 0.03 0.03 0.05 0.06 0.06 0.06 0.05 0.05 0.04 0.03 0.03 0.04 0.05 0.05 0.05 0.07 0.10 0.14 0.03 0.04 0.06 0.05 0.04 0.06 0.04 0.11 0.07 0.06 0.06 0.12 0.19 0.16 0.14 0.09 0.16 0.24 0.15 0.10 0.09 0.05 0.05 3.02 5.80 7.18 0.02 0.01 0.02 5.64 5.28 0.08 0.39 0.10
0.00 0.00 0.00 0.00 0.00 0.00 0.00 0.03 0.04 0.05 0.05 0.06 0.08 0.05 0.04 0.04 0.04 0.04 0.03 0.06 0.06 0.07 0.06 0.09 0.06 0.04 0.02 0.03 0.04 0.04 0.05 0.07 0.07 0.04 0.05 0.06 0.08 0.07 0.07 1.59 1.32 1.49 1.70 1.60 1.12 1.21 1.36 1.42 1.62 1.76 1.74 0.04 0.04 0.08 0.02 0.03 0.04 0.02 0.03 0.04 0.05 0.04 0.03 0.09 0.13 0.14 0.01 0.02 0.03 0.03 0.01 0.02 0.01 0.02 0.02 0.02 0.01 0.02 4.34 5.80 0.10 0.13 0.32 0.13
0.00 0.00 0.00 0.00 0.00 0.00 0.00 0.04 0.05 0.05 0.07 0.09 0.08 0.06 0.04 0.05 0.05 0.04 0.04 0.05 0.09 0.13 0.21 0.27 0.26 0.20 0.02 0.04 0.05 0.05 0.07 0.09 0.13 0.08 0.09 0.09 1.36 1.70 2.06 2.25 0.03 0.05 0.08 0.08 0.95 0.69 0.42 0.27 0.10 0.05 1.55 1.56 1.40 1.77 1.78 0.03 0.06 0.03 0.04 1.93 2.14 0.03 0.03 2.60 3.51 3.41 3.54 0.02 0.05 0.04 0.01 0.03 0.04 0.03 0.20 6.17 5.45 3.98 4.08 0.30 0.25 0.16 0.24 0.11
0.00 0.00 0.00 0.00 0.00 0.00 0.03 0.04 0.04 0.07 0.09 0.12 0.27 0.23 0.13 0.07 0.16 0.22 0.06 0.01 0.01 0.01 0.02 0.03 0.17 0.33 0.38 0.36 0.26 0.23 0.15 1.37 1.12 1.34 1.37 2.05 1.67 0.08 0.02 0.08 0.02 0.04 0.05 0.03 0.03 0.03 0.03 0.03 0.03 0.02 0.02 0.02 0.02 0.02 1.78 1.72 1.67 3.38 3.65 2.16 3.51 3.19 3.72 4.11 0.02 0.03 4.07 3.37 4.17 4.11 4.70 3.67 3.84 4.02 4.81 4.52 0.03 0.32 0.21 0.37 0.50 0.13 0.08 0.11
0.00 0.00 0.00 0.00 0.00 0.00 0.02 0.05 0.22 0.54 0.01 0.01 0.03 0.18 0.24 0.14 0.09 0.21 0.42 0.45 0.02 0.03 0.03 0.02 0.02 0.03 0.02 0.02 0.12 1.23 2.08 1.17 0.03 0.02 0.04 0.08 0.05 0.06 0.02 0.06 0.02 0.03 0.02 0.02 0.02 0.02 0.06 0.08 0.06 0.03 0.03 0.04 0.09 0.03 0.01 0.02 0.02 2.05 2.44 0.02 0.04 0.14 0.19 0.11 0.03 0.02 0.03 0.03 0.15 0.03 0.04 0.31 0.61 0.03 0.06 1.10 0.03 0.06 0.02 0.64 0.55 0.13 0.04 0.08
0.00 0.00 0.00 0.00 0.00 0.00 0.01 0.06 0.11 0.46 0.01 0.02 0.02 0.02 0.13 0.14 0.15 0.08 0.06 0.26 0.19 0.17 0.16 0.25 0.02 0.02 0.03 1.05 1.15 1.16 0.04 0.03 0.03 0.02 0.03 0.06 0.03 0.07 0.03 0.04 0.02 0.02 0.03 0.06 0.08 0.11 0.08 0.10 0.11 0.09 3.56 3.02 2.15 2.45 2.54 3.46 2.86 2.76 0.05 0.03 0.04 0.16 0.07 0.15 0.02 0.02 0.04 0.08 0.16 0.03 0.03 0.28 0.24 0.02 0.22 1.21 0.04 0.07 0.03 0.05 0.83 0.23 0.18 0.09
0.00 0.00 0.00 0.00 0.00 0.01 0.02 0.04 0.08 0.15 0.16 0.12 0.09 0.08 0.10 0.16 0.35 0.45 0.54 0.59 0.72 0.60 0.65 0.69 0.70 0.55 0.89 1.49 0.04 0.03 0.03 0.02 0.02 0.02 0.03 0.03 0.03 0.05 0.02 0.03 0.02 0.02 0.02 0.02 0.02 0.02 0.04 0.06 0.09 1.63 2.63 0.15 0.06 0.04 0.08 0.03 0.07 0.15 0.06 0.03 0.03 0.13 0.11 0.09 0.02 0.03 0.04 0.05 0.08 0.03 0.03 0.68 0.03 0.02 2.34 2.10 0.05 0.06 0.03 0.04 0.68 0.19 0.19 0.12
0.00 0.00 0.01 0.02 0.04 0.04 0.04 0.05 0.05 0.10 0.19 0.24 0.25 0.35 0.46 0.64 0.34 0.30 0.21 0.15 0.19 0.38 0.31 0.27 0.42 0.64 1.48 0.04 0.03 0.03 0.02 0.01 0.02 0.03 0.02 0.01 0.02 0.02 0.01 0.02 0.03 0.03 0.03 0.03 0.03 0.03 0.04 0.06 1.28 1.33 2.28 0.14 0.04 0.04 0.04 0.04 0.09 0.10 0.06 0.04 0.03 0.07 0.15 0.04 0.02 0.02 0.03 0.08 0.04 0.03 0.02 0.49 0.02 1.47 2.47 0.05 0.04 0.05 0.04 0.04 0.46 0.32 0.14 0.11
0.00 0.00 0.02 0.02 0.03 0.03 0.03 0.05 0.05 0.05 0.04 0.04 0.03 0.21 0.18 0.03 0.06 0.05 0.04 0.04 0.04 0.03 0.02 0.03 0.05 0.07 0.07 0.02 0.02 0.01 0.02 0.02 0.03 0.06 0.03 0.03 0.02 0.04 0.02 0.02 0.03 0.03 0.05 0.04 0.80 1.09 1.25 1.48 1.22 1.05 0.96 0.22 0.09 0.04 0.02 0.04 0.04 0.04 0.05 0.03 0.04 0.07 0.11 0.03 0.02 0.04 0.04 0.03 0.03 0.05 0.77 1.62 1.87 1.41 0.06 0.05 0.05 0.03 0.04 0.04 0.27 0.70 0.11 0.09
0.00 0.00 0.04 0.06 0.06 0.07 0.08 0.08 0.05 0.03 0.03 0.14 0.21 0.24 0.02 0.04 0.04 0.03 0.03 0.03 0.02 0.01 0.01 0.02 0.05 0.03 0.01 0.02 0.03 0.04 0.03 0.03 0.04 0.09 0.04 0.03 0.02 0.05 0.02 0.02 0.02 0.02 0.04 1.21 0.77 0.35 0.30 0.07 0.04 1.92 0.05 0.33 0.15 0.06 0.03 0.04 0.02 0.02 0.02 0.02 0.03 0.08 0.09 0.02 0.02 0.02 0.02 0.03 0.67 0.75 0.64 0.07 1.69 0.05 0.05 0.05 0.05 0.02 0.03 0.04 0.30 0.21 0.09 0.09
0.00 0.00 0.01 0.02 0.00 0.00 0.00 0.00 0.05 0.07 0.11 0.19 0.03 0.01 0.03 0.04 0.02 0.01 0.01 0.02 0.03 0.04 0.01 0.03 0.01 0.01 0.03 0.04 0.04 0.05 0.04 0.04 0.06 0.16 0.70 0.74 0.02 0.04 0.56 0.60 0.02 1.60 1.05 1.33 0.02 0.03 0.03 0.03 0.09 1.29 0.02 0.20 0.25 0.13 0.03 0.04 0.03 0.02 0.04 0.01 0.03 0.09 0.02 0.01 0.03 0.04 0.53 0.64 0.52 0.39 0.16 0.14 1.63 0.03 0.04 0.04 0.04 0.03 0.03 0.04 0.29 0.13 0.09 0.08
0.00 0.00 0.00 0.00 0.00 0.00 0.00 0.00 0.00 0.02 0.02 0.03 0.02 0.00 0.02 0.02 0.03 0.03 0.03 0.04 0.04 0.06 0.22 0.25 0.02 0.02 0.03 0.04 0.05 0.07 0.58 1.58 1.40 0.67 0.53 1.07 1.17 0.93 0.53 1.15 0.01 1.69 0.06 0.03 0.02 0.02 0.03 0.08 0.08 1.23 0.02 0.02 0.32 0.24 0.04 0.02 0.02 0.02 0.03 0.01 0.02 0.03 0.02 0.06 0.41 0.60 0.61 0.04 0.06 0.12 0.33 0.15 1.08 0.02 0.02 0.03 0.03 0.02 0.02 0.03 0.27 0.19 0.09 0.09
0.00 0.00 0.00 0.00 0.00 0.00 0.00 0.00 0.00 0.00 0.00 0.00 0.00 0.00 0.00 0.02 0.05 0.10 0.11 0.12 0.16 0.38 0.17 0.41 0.43 0.03 0.05 0.05 0.78 0.84 0.85 0.04 0.03 0.03 0.04 0.04 0.05 0.07 0.02 1.19 0.01 1.70 0.06 0.03 0.01 0.02 0.04 0.04 0.04 1.48 0.46 0.01 0.11 0.30 0.30 0.16 0.10 0.02 0.02 0.02 0.02 0.04 0.06 0.05 0.39 0.16 0.07 0.08 0.08 0.10 0.43 0.02 0.83 0.81 0.02 0.01 0.01 0.02 0.01 0.04 0.32 0.27 0.11 0.08
0.00 0.00 0.00 0.00 0.00 0.00 0.00 0.00 0.00 0.00 0.00 0.00 0.00 0.00 0.00 0.00 0.02 0.03 0.03 0.05 0.06 0.04 0.05 0.07 0.51 0.55 0.54 0.57 0.69 0.14 0.04 0.03 0.03 0.03 0.03 0.03 0.05 0.07 0.30 1.51 1.86 2.11 0.03 0.03 0.01 0.03 0.03 0.03 0.03 0.83 0.59 0.03 0.01 0.06 0.15 0.15 0.13 0.07 0.03 0.02 0.02 0.02 0.02 0.40 0.87 0.02 0.03 0.05 0.03 0.12 0.36 0.02 0.04 1.26 0.04 0.02 0.02 0.01 0.01 0.04 0.06 0.40 0.11 0.09
0.00 0.00 0.00 0.00 0.00 0.00 0.00 0.00 0.00 0.00 0.00 0.00 0.00 0.00 0.00 0.00 0.02 0.02 0.02 0.02 0.02 0.03 0.05 0.04 0.06 0.07 0.06 0.04 0.18 0.15 0.04 0.02 0.03 0.02 0.02 0.10 0.07 0.04 0.24 0.19 0.72 0.03 0.03 0.02 0.01 0.01 0.02 0.02 0.02 0.91 0.68 0.93 0.08 0.02 0.03 0.16 0.12 0.09 0.05 0.02 0.01 0.04 0.14 0.85 0.03 0.02 0.02 0.02 0.02 0.33 0.33 0.02 0.03 1.47 0.41 0.07 0.04 0.02 0.01 0.04 0.06 0.17 0.10 0.08
0.00 0.00 0.00 0.00 0.00 0.00 0.00 0.00 0.00 0.00 0.00 0.00 0.00 0.00 0.00 0.00 0.00 0.00 0.00 0.00 0.00 0.02 0.02 0.03 0.03 0.09 0.03 0.04 0.06 0.25 0.05 0.01 0.02 0.05 0.09 0.05 0.03 0.04 0.35 0.02 0.69 0.02 0.02 0.01 0.02 0.04 0.04 0.19 0.18 1.54 1.53 0.57 0.06 0.02 0.02 0.03 0.11 0.06 0.04 0.02 0.02 0.04 0.15 0.47 0.02 0.01 0.02 0.05 0.15 0.42 0.04 0.02 0.03 1.40 0.09 0.16 0.14 0.14 0.10 0.07 0.06 0.08 0.09 0.08
0.00 0.00 0.00 0.00 0.00 0.00 0.00 0.00 0.00 0.00 0.00 0.00 0.00 0.00 0.00 0.00 0.00 0.00 0.00 0.00 0.00 0.00 0.00 0.01 0.03 0.07 0.02 0.04 0.05 0.17 0.06 0.01 0.02 0.02 0.02 0.09 0.32 0.36 0.41 0.01 0.66 0.41 0.04 0.02 0.03 0.02 0.43 0.26 0.57 0.29 0.44 1.23 0.12 0.04 0.02 0.01 0.06 0.04 0.03 0.02 0.02 0.04 0.15 0.36 0.05 0.01 0.02 0.02 0.10 0.39 0.03 0.01 0.02 1.35 0.42 0.03 0.03 0.05 0.08 0.07 0.05 0.06 0.08 0.06
0.00 0.00 0.00 0.00 0.00 0.00 0.00 0.00 0.00 0.00 0.00 0.00 0.00 0.00 0.00 0.00 0.00 0.00 0.00 0.00 0.00 0.00 0.00 0.00 0.02 0.03 0.03 0.03 0.04 0.11 0.11 0.01 0.02 0.05 0.09 0.06 0.27 0.04 0.02 0.04 0.32 0.41 0.04 0.02 0.04 0.54 0.42 0.02 0.03 0.03 0.45 0.80 0.16 0.28 0.23 0.03 0.03 0.03 0.02 0.02 0.05 0.05 0.36 0.32 0.02 0.02 0.03 0.34 0.38 0.23 0.02 0.01 0.62 0.53 0.32 0.21 0.15 0.12 0.07 0.06 0.05 0.05 0.11 0.05
0.00 0.00 0.00 0.00 0.00 0.00 0.00 0.00 0.00 0.00 0.00 0.00 0.00 0.00 0.00 0.00 0.00 0.00 0.00 0.00 0.00 0.00 0.00 0.00 0.00 0.02 0.01 0.02 0.03 0.06 0.29 0.02 0.03 0.04 0.05 0.20 0.16 0.03 0.01 0.01 0.61 0.04 0.02 0.01 0.02 0.52 0.04 0.02 0.02 0.05 0.65 0.51 0.03 0.02 0.21 0.19 0.10 0.03 0.02 0.04 0.04 0.04 0.47 0.03 0.02 0.06 0.20 0.32 0.05 0.04 0.02 0.03 0.61 0.10 0.34 0.08 0.09 0.08 0.06 0.06 0.04 0.02 0.07 0.03
0.00 0.00 0.00 0.00 0.00 0.00 0.00 0.00 0.00 0.00 0.00 0.00 0.00 0.00 0.00 0.00 0.00 0.00 0.00 0.00 0.00 0.00 0.00 0.00 0.00 0.00 0.00 0.02 0.02 0.05 0.09 0.02 0.03 0.07 0.07 0.12 0.02 0.02 0.02 0.50 0.61 0.03 0.01 0.02 0.43 0.50 0.03 0.02 0.02 0.03 0.43 0.92 0.02 0.02 0.02 0.05 0.23 0.04 0.02 0.03 0.08 0.30 0.43 0.02 0.04 0.03 0.26 0.05 0.04 0.03 0.02 0.36 0.54 0.16 0.24 0.10 0.09 0.08 0.07 0.06 0.05 0.03 0.03 0.03
0.00 0.00 0.00 0.00 0.00 0.00 0.00 0.00 0.00 0.00 0.00 0.00 0.00 0.00 0.00 0.00 0.00 0.00 0.00 0.00 0.00 0.00 0.00 0.00 0.00 0.00 0.00 0.01 0.02 0.04 0.07 0.02 0.02 0.03 0.04 0.05 0.01 0.02 0.43 0.48 0.03 0.02 0.01 0.03 0.42 0.06 0.04 0.01 0.03 0.03 0.55 0.66 0.09 0.05 0.02 0.04 0.03 0.03 0.02 0.03 0.12 0.14 0.17 0.02 0.04 0.10 0.16 0.03 0.02 0.04 0.31 0.22 0.30 0.27 0.10 0.08 0.08 0.07 0.07 0.06 0.05 0.04 0.03 0.03
0.00 0.00 0.00 0.00 0.00 0.00 0.00 0.00 0.00 0.00 0.00 0.00 0.00 0.00 0.00 0.00 0.00 0.00 0.00 0.00 0.00 0.00 0.00 0.00 0.00 0.00 0.00 0.00 0.01 0.04 0.02 0.02 0.02 0.02 0.02 0.02 0.09 0.49 0.43 0.03 0.02 0.01 0.02 0.19 0.31 0.05 0.04 0.01 0.02 0.02 0.77 0.39 0.11 0.02 0.02 0.02 0.01 0.02 0.02 0.04 0.14 0.12 0.11 0.04 0.04 0.05 0.04 0.02 0.01 0.10 0.28 0.08 0.02 0.66 0.05 0.07 0.08 0.07 0.06 0.05 0.05 0.04 0.02 0.02
0.00 0.00 0.00 0.00 0.00 0.00 0.00 0.00 0.00 0.00 0.00 0.00 0.00 0.00 0.00 0.00 0.00 0.00 0.00 0.00 0.00 0.00 0.00 0.00 0.00 0.00 0.00 0.00 0.00 0.02 0.02 0.02 0.03 0.18 0.27 0.39 0.15 0.44 0.05 0.02 0.01 0.03 0.24 0.17 0.25 0.04 0.03 0.01 0.02 0.03 0.50 0.46 0.19 0.04 0.03 0.02 0.02 0.01 0.01 0.02 0.19 0.06 0.05 0.04 0.03 0.03 0.01 0.01 0.01 0.15 0.11 0.10 0.03 0.38 0.26 0.09 0.07 0.07 0.06 0.05 0.04 0.03 0.03 0.02
0.00 0.00 0.00 0.00 0.00 0.00 0.00 0.00 0.00 0.00 0.00 0.00 0.00 0.00 0.00 0.00 0.00 0.00 0.00 0.00 0.00 0.00 0.00 0.00 0.00 0.00 0.00 0.00 0.00 0.01 0.02 0.04 0.10 0.46 0.02 0.03 0.21 0.24 0.03 0.02 0.03 0.12 0.26 0.02 0.12 0.04 0.02 0.01 0.02 0.09 0.75 0.20 0.20 0.48 0.21 0.05 0.03 0.03 0.03 0.01 0.41 0.01 0.03 0.02 0.03 0.01 0.01 0.03 0.14 0.24 0.02 0.04 0.04 0.32 0.13 0.09 0.07 0.06 0.05 0.05 0.03 0.03 0.03 0.03
0.00 0.00 0.00 0.00 0.00 0.00 0.00 0.00 0.00 0.00 0.00 0.00 0.00 0.00 0.00 0.00 0.00 0.00 0.00 0.00 0.00 0.00 0.00 0.00 0.00 0.00 0.00 0.00 0.00 0.02 0.04 0.06 0.10 0.11 0.02 0.04 0.09 0.05 0.03 0.02 0.04 0.11 0.10 0.03 0.07 0.03 0.01 0.03 0.08 0.23 0.62 0.08 0.03 0.17 0.18 0.33 0.21 0.04 0.03 0.01 0.40 0.01 0.01 0.02 0.02 0.04 0.05 0.18 0.12 0.10 0.02 0.03 0.04 0.25 0.13 0.09 0.08 0.06 0.05 0.04 0.03 0.03 0.02 0.01
0.00 0.00 0.00 0.00 0.00 0.00 0.00 0.00 0.00 0.00 0.00 0.00 0.00 0.00 0.00 0.00 0.00 0.00 0.00 0.00 0.00 0.00 0.00 0.00 0.00 0.00 0.00 0.00 0.00 0.02 0.03 0.03 0.07 0.05 0.02 0.03 0.04 0.03 0.03 0.02 0.04 0.06 0.07 0.03 0.04 0.02 0.02 0.11 0.11 0.12 0.57 0.09 0.05 0.05 0.04 0.03 0.17 0.16 0.17 0.02 0.38 0.01 0.01 0.02 0.02 0.03 0.04 0.08 0.03 0.04 0.01 0.03 0.05 0.18 0.12 0.09 0.08 0.06 0.05 0.03 0.03 0.02 0.02 0.02
0.00 0.00 0.00 0.00 0.00 0.00 0.00 0.00 0.00 0.00 0.00 0.00 0.00 0.00 0.00 0.00 0.00 0.00 0.00 0.00 0.00 0.00 0.00 0.00 0.00 0.00 0.00 0.00 0.00 0.00 0.02 0.03 0.05 0.04 0.01 0.01 0.02 0.02 0.01 0.03 0.03 0.05 0.05 0.02 0.02 0.02 0.23 0.15 0.11 0.15 0.46 0.11 0.05 0.05 0.04 0.02 0.03 0.05 0.14 0.02 0.36 0.02 0.01 0.00 0.03 0.03 0.03 0.03 0.03 0.02 0.01 0.02 0.03 0.13 0.09 0.09 0.08 0.06 0.05 0.03 0.03 0.02 0.03 0.00
0.00 0.00 0.00 0.00 0.00 0.00 0.00 0.00 0.00 0.00 0.00 0.00 0.00 0.00 0.00 0.00 0.00 0.00 0.00 0.00 0.00 0.00 0.00 0.00 0.00 0.00 0.00 0.00 0.00 0.00 0.00 0.02 0.02 0.03 0.00 0.00 0.00 0.00 0.00 0.02 0.02 0.03 0.02 0.02 0.02 0.03 0.22 0.02 0.03 0.12 0.39 0.11 0.05 0.05 0.04 0.03 0.02 0.03 0.04 0.02 0.34 0.02 0.01 0.00 0.00 0.00 0.00 0.00 0.00 0.00 0.00 0.01 0.04 0.09 0.08 0.08 0.08 0.06 0.04 0.03 0.03 0.03 0.00 0.00
0.00 0.00 0.00 0.00 0.00 0.00 0.00 0.00 0.00 0.00 0.00 0.00 0.00 0.00 0.00 0.00 0.00 0.00 0.00 0.00 0.00 0.00 0.00 0.00 0.00 0.00 0.00 0.00 0.00 0.00 0.00 0.00 0.00 0.00 0.00 0.00 0.00 0.00 0.00 0.00 0.00 0.00 0.01 0.03 0.05 0.13 0.15 0.02 0.04 0.10 0.38 0.16 0.08 0.05 0.03 0.03 0.02 0.01 0.02 0.03 0.31 0.27 0.17 0.00 0.00 0.00 0.00 0.00 0.00 0.00 0.00 0.01 0.03 0.07 0.04 0.05 0.08 0.07 0.04 0.05 0.03 0.00 0.00 0.00
0.00 0.00 0.00 0.00 0.00 0.00 0.00 0.00 0.00 0.00 0.00 0.00 0.00 0.00 0.00 0.00 0.00 0.00 0.00 0.00 0.00 0.00 0.00 0.00 0.00 0.00 0.00 0.00 0.00 0.00 0.00 0.00 0.00 0.00 0.00 0.00 0.00 0.00 0.00 0.00 0.00 0.00 0.03 0.05 0.05 0.09 0.04 0.02 0.03 0.11 0.32 0.17 0.07 0.05 0.05 0.04 0.02 0.01 0.02 0.03 0.03 0.12 0.14 0.00 0.00 0.00 0.00 0.00 0.00 0.00 0.00 0.00 0.01 0.02 0.02 0.02 0.08 0.06 0.05 0.00 0.00 0.00 0.00 0.00
0.00 0.00 0.00 0.00 0.00 0.00 0.00 0.00 0.00 0.00 0.00 0.00 0.00 0.00 0.00 0.00 0.00 0.00 0.00 0.00 0.00 0.00 0.00 0.00 0.00 0.00 0.00 0.00 0.00 0.00 0.00 0.00 0.00 0.00 0.00 0.00 0.00 0.00 0.00 0.00 0.00 0.00 0.00 0.00 0.02 0.03 0.02 0.03 0.06 0.12 0.21 0.15 0.06 0.04 0.03 0.03 0.02 0.01 0.01 0.03 0.05 0.15 0.01 0.00 0.00 0.00 0.00 0.00 0.00 0.00 0.00 0.00 0.00 0.00 0.00 0.00 0.00 0.00 0.00 0.00 0.00 0.00 0.00 0.00
