NEW_versions/TempJunk/Iao_50m_5.asc
NCOLS 111
NROWS 84
XLLCENTER 750508.350000
YLLCENTER 2308429.860000
CELLSIZE 50.000000
NODATA_value -99999.000000
[rows 0 to 37 of 84, columns 0 to 83 of 111]
0.00 0.00 0.00 0.00 0.00 0.00 0.00 0.00 0.00 0.00 0.00 0.00 0.00 0.00 0.00 0.00 0.00 0.00 0.00 0.00 0.00 0.00 0.00 0.00 0.00 0.00 0.00 0.00 0.00 0.00 0.00 0.00 0.00 0.00 0.00 0.00 0.00 0.00 0.00 0.00 0.00 0.00 0.00 0.00 0.00 0.00 0.00 0.00 0.00 0.00 0.00 0.00 0.00 0.00 0.00 0.00 0.00 0.00 0.00 0.00 0.00 0.00 0.00 0.00 0.00 0.00 0.00 0.00 0.00 0.00 0.00 0.00 0.00 0.00 0.00 0.00 0.00 0.00 0.00 0.00 0.00 0.00 0.00 0.00
0.00 0.00 0.00 0.00 0.00 0.00 0.00 0.00 0.00 0.00 0.00 0.00 0.00 0.00 0.00 0.00 0.00 0.00 0.00 0.00 0.00 0.00 0.00 0.00 0.00 0.00 0.00 0.00 0.00 0.00 0.00 0.00 0.00 0.00 0.00 0.00 0.00 0.00 0.00 0.00 0.00 0.00 0.00 0.00 0.00 0.00 0.00 0.00 0.00 0.00 0.00 0.01 0.02 0.02 0.01 0.02 0.02 0.01 0.02 0.01 0.02 0.00 0.00 0.00 0.00 0.00 0.00 0.00 0.00 0.00 0.00 0.00 0.00 0.00 0.00 0.00 0.00 0.00 0.00 0.00 0.00 0.00 0.00 0.00
0.00 0.00 0.00 0.00 0.00 0.00 0.00 0.00 0.00 0.00 0.00 0.00 0.00 0.00 0.00 0.00 0.00 0.00 0.00 0.00 0.00 0.00 0.00 0.00 0.00 0.00 0.00 0.00 0.00 0.00 0.00 0.00 0.00 0.00 0.00 0.00 0.00 0.00 0.00 0.00 0.00 0.00 0.00 0.00 0.00 0.00 0.00 0.01 0.01 0.02 0.02 0.02 0.04 0.03 0.01 0.02 0.03 0.03 0.03 0.02 0.03 0.02 0.00 0.00 0.00 0.00 0.00 0.01 0.02 0.03 0.00 0.00 0.00 0.00 0.00 0.00 0.00 0.00 0.00 0.00 0.00 0.00 0.00 0.00
0.00 0.00 0.00 0.00 0.00 0.00 0.00 0.00 0.00 0.00 0.00 0.00 0.00 0.00 0.00 0.00 0.00 0.00 0.00 0.00 0.00 0.00 0.00 0.00 0.00 0.00 0.00 0.00 0.00 0.00 0.00 0.00 0.00 0.00 0.00 0.00 0.00 0.00 0.00 0.00 0.00 0.00 0.00 0.00 0.00 0.00 0.01 0.02 0.02 0.02 0.03 0.03 0.04 0.04 0.02 0.02 0.03 0.05 0.04 0.03 0.03 0.02 0.01 0.00 0.00 0.01 0.01 0.02 0.02 0.05 0.01 0.02 0.02 0.00 0.00 0.00 0.00 0.00 0.00 0.00 0.00 0.00 0.00 0.00
0.00 0.00 0.00 0.00 0.00 0.00 0.00 0.00 0.00 0.00 0.00 0.00 0.00 0.00 0.00 0.00 0.00 0.00 0.00 0.00 0.00 0.00 0.00 0.00 0.00 0.00 0.00 0.00 0.00 0.00 0.00 0.00 0.00 0.00 0.00 0.00 0.00 0.00 0.00 0.00 0.00 0.00 0.00 0.00 0.00 0.00 0.01 0.02 0.03 0.03 0.03 0.04 0.04 0.06 0.05 0.02 0.03 0.05 0.05 0.04 0.03 0.02 0.02 0.01 0.01 0.02 0.02 0.02 0.06 0.04 0.02 0.03 0.03 0.02 0.03 0.00 0.00 0.00 0.00 0.00 0.00 0.00 0.00 0.00
0.00 0.00 0.00 0.00 0.00 0.00 0.00 0.00 0.00 0.00 0.00 0.00 0.00 0.00 0.00 0.00 0.00 0.00 0.00 0.00 0.00 0.00 0.00 0.00 0.00 0.00 0.00 0.00 0.00 0.00 0.00 0.00 0.00 0.00 0.00 0.00 0.00 0.00 0.00 0.00 0.00 0.00 0.00 0.00 0.00 0.01 0.02 0.02 0.03 0.03 0.04 0.04 0.07 0.05 0.04 0.04 0.04 0.04 0.07 0.04 0.04 0.03 0.02 0.02 0.02 0.02 0.02 0.07 0.07 0.04 0.03 0.03 0.03 0.03 0.04 0.03 0.00 0.00 0.00 0.00 0.00 0.00 0.00 0.02
0.00 0.00 0.00 0.00 0.00 0.00 0.00 0.00 0.00 0.00 0.00 0.00 0.00 0.00 0.00 0.00 0.00 0.00 0.00 0.00 0.00 0.00 0.00 0.00 0.00 0.00 0.00 0.00 0.00 0.00 0.00 0.00 0.00 0.00 0.00 0.00 0.00 0.00 0.00 0.00 0.00 0.00 0.01 0.01 0.01 0.02 0.02 0.03 0.03 0.03 0.04 0.05 0.07 0.07 0.04 0.04 0.04 0.05 0.06 0.06 0.05 0.03 0.03 0.02 0.02 0.02 0.03 0.11 0.06 0.04 0.03 0.03 0.03 0.04 0.05 0.03 0.01 0.03 0.01 0.00 0.00 0.00 0.02 0.02
0.00 0.00 0.00 0.00 0.00 0.00 0.00 0.00 0.00 0.00 0.00 0.00 0.00 0.00 0.00 0.00 0.00 0.00 0.00 0.00 0.00 0.00 0.00 0.00 0.00 0.00 0.00 0.00 0.00 0.00 0.00 0.00 0.00 0.00 0.00 0.00 0.00 0.00 0.00 0.00 0.01 0.01 0.02 0.02 0.02 0.02 0.04 0.02 0.03 0.03 0.04 0.05 0.07 0.07 0.06 0.05 0.05 0.06 0.07 0.07 0.05 0.04 0.03 0.02 0.02 0.02 0.04 0.13 0.05 0.03 0.03 0.03 0.03 0.05 0.06 0.03 0.02 0.04 0.02 0.02 0.01 0.02 0.01 0.02
0.00 0.00 0.00 0.00 0.00 0.00 0.00 0.00 0.00 0.00 0.00 0.00 0.00 0.00 0.00 0.00 0.00 0.00 0.00 0.00 0.00 0.00 0.00 0.00 0.00 0.00 0.00 0.00 0.00 0.00 0.00 0.00 0.00 0.00 0.00 0.00 0.00 0.00 0.00 0.01 0.02 0.02 0.03 0.03 0.04 0.03 0.05 0.03 0.03 0.03 0.04 0.05 0.07 0.08 0.07 0.07 0.06 0.07 0.08 0.08 0.06 0.04 0.04 0.03 0.02 0.02 0.03 0.10 0.04 0.02 0.03 0.03 0.04 0.05 0.09 0.05 0.04 0.04 0.03 0.02 0.02 0.03 0.02 0.02
0.00 0.00 0.00 0.00 0.00 0.00 0.00 0.00 0.00 0.00 0.00 0.00 0.00 0.00 0.00 0.00 0.00 0.00 0.00 0.00 0.00 0.00 0.00 0.00 0.00 0.00 0.00 0.00 0.00 0.00 0.00 0.00 0.00 0.00 0.02 0.03 0.01 0.02 0.02 0.02 0.02 0.03 0.03 0.04 0.04 0.05 0.05 0.04 0.03 0.04 0.05 0.06 0.08 0.08 0.07 0.07 0.07 0.08 0.09 0.10 0.06 0.05 0.04 0.03 0.03 0.02 0.03 0.29 0.03 0.02 0.03 0.04 0.05 0.06 0.08 0.07 0.05 0.04 0.03 0.01 0.02 0.05 0.03 0.03
0.00 0.00 0.00 0.00 0.00 0.00 0.00 0.00 0.00 0.00 0.00 0.00 0.00 0.00 0.00 0.00 0.00 0.00 0.00 0.00 0.00 0.00 0.00 0.00 0.00 0.00 0.00 0.00 0.00 0.00 0.00 0.02 0.02 0.02 0.02 0.04 0.01 0.04 0.01 0.03 0.04 0.04 0.04 0.04 0.04 0.05 0.06 0.04 0.04 0.05 0.06 0.13 0.21 0.07 0.07 0.08 0.08 0.08 0.10 0.12 0.07 0.05 0.04 0.03 0.03 0.02 0.02 0.19 0.10 0.02 0.04 0.04 0.05 0.08 0.08 0.07 0.06 0.04 0.03 0.01 0.03 0.06 0.06 0.03
0.00 0.00 0.00 0.00 0.00 0.00 0.00 0.00 0.00 0.00 0.00 0.00 0.00 0.00 0.00 0.00 0.00 0.00 0.00 0.00 0.00 0.00 0.00 0.00 0.00 0.00 0.00 0.00 0.00 0.00 0.02 0.02 0.03 0.03 0.03 0.04 0.05 0.04 0.02 0.01 0.03 0.05 0.05 0.05 0.05 0.05 0.05 0.04 0.05 0.07 0.07 0.07 0.20 0.30 0.21 0.16 0.12 0.12 0.10 0.18 0.12 0.08 0.05 0.04 0.03 0.03 0.02 0.08 0.12 0.10 0.11 0.04 0.06 0.10 0.09 0.07 0.05 0.05 0.03 0.02 0.02 0.09 0.05 0.03
0.00 0.00 0.00 0.00 0.00 0.00 0.00 0.00 0.00 0.00 0.00 0.00 0.00 0.00 0.00 0.00 0.00 0.00 0.00 0.00 0.00 0.00 0.00 0.00 0.00 0.02 0.03 0.02 0.02 0.01 0.02 0.03 0.04 0.03 0.03 0.05 0.07 0.04 0.02 0.01 0.02 0.03 0.04 0.05 0.05 0.06 0.06 0.06 0.08 0.10 0.19 0.03 0.02 0.02 0.11 0.44 0.16 0.11 0.24 0.20 0.31 0.12 0.10 0.14 0.05 0.03 0.02 0.05 0.05 0.15 0.23 0.21 0.13 0.17 0.09 0.07 0.06 0.06 0.04 0.03 0.02 0.06 0.07 0.03
0.00 0.00 0.00 0.00 0.00 0.00 0.00 0.00 0.00 0.00 0.00 0.00 0.00 0.00 0.02 0.02 0.03 0.02 0.02 0.03 0.02 0.02 0.02 0.02 0.02 0.03 0.03 0.05 0.02 0.01 0.02 0.02 0.04 0.03 0.03 0.04 0.09 0.06 0.02 0.02 0.03 0.02 0.03 0.05 0.06 0.06 0.08 0.09 0.08 0.08 0.11 0.11 0.09 0.01 0.05 0.42 0.49 0.01 0.11 0.33 0.34 0.07 0.01 0.25 0.13 0.02 0.01 0.06 0.07 0.02 0.09 0.13 0.19 0.61 0.64 0.08 0.09 0.06 0.07 0.05 0.04 0.07 0.08 0.04
0.00 0.00 0.00 0.00 0.00 0.00 0.00 0.00 0.00 0.00 0.00 0.02 0.02 0.02 0.03 0.03 0.04 0.03 0.03 0.05 0.02 0.03 0.03 0.05 0.02 0.03 0.04 0.03 0.03 0.02 0.02 0.03 0.03 0.03 0.04 0.05 0.10 0.08 0.03 0.01 0.02 0.02 0.03 0.04 0.06 0.07 0.12 0.12 0.16 0.14 0.13 0.10 0.21 0.01 0.04 0.08 0.52 0.01 0.01 0.16 0.56 0.04 0.01 0.01 0.23 0.03 0.02 0.10 0.06 0.08 0.05 0.09 0.03 0.02 0.65 0.54 0.59 0.05 0.08 0.15 0.05 0.06 0.07 0.04
0.00 0.00 0.00 0.00 0.00 0.00 0.00 0.00 0.00 0.00 0.01 0.02 0.02 0.02 0.03 0.04 0.04 0.04 0.03 0.05 0.03 0.03 0.03 0.04 0.04 0.03 0.04 0.04 0.04 0.03 0.03 0.03 0.03 0.03 0.05 0.07 0.10 0.07 0.03 0.02 0.02 0.02 0.03 0.03 0.04 0.06 0.06 0.12 0.19 0.22 0.31 0.36 0.59 0.25 0.17 0.57 0.51 0.02 0.03 0.11 0.76 0.05 0.01 0.02 0.12 0.24 0.02 0.22 0.06 0.07 0.03 0.11 0.06 0.01 0.01 0.02 0.69 0.08 0.13 0.13 0.07 0.06 0.07 0.05
0.00 0.00 0.00 0.00 0.00 0.00 0.00 0.03 0.02 0.01 0.02 0.03 0.03 0.03 0.03 0.07 0.04 0.02 0.02 0.04 0.03 0.03 0.03 0.05 0.05 0.03 0.03 0.04 0.04 0.04 0.04 0.03 0.03 0.05 0.08 0.09 0.09 0.06 0.03 0.03 0.02 0.03 0.03 0.03 0.04 0.03 0.04 0.04 0.04 0.02 0.03 0.03 0.04 0.31 0.26 0.27 0.51 0.15 0.02 0.09 0.39 0.41 0.38 0.02 0.19 0.11 0.02 0.10 0.19 0.07 0.04 0.11 0.14 0.02 0.02 0.02 1.24 0.16 0.12 0.09 0.08 0.07 0.06 0.04
0.00 0.00 0.00 0.00 0.00 0.00 0.02 0.03 0.02 0.02 0.03 0.04 0.04 0.03 0.03 0.06 0.06 0.03 0.06 0.04 0.03 0.04 0.04 0.07 0.05 0.02 0.04 0.04 0.05 0.05 0.04 0.06 0.07 0.06 0.08 0.10 0.08 0.05 0.04 0.02 0.01 0.03 0.03 0.03 0.03 0.03 0.02 0.02 0.02 0.02 0.02 0.02 0.02 0.03 0.18 0.35 0.89 1.04 0.03 0.01 0.17 0.49 1.01 0.29 0.35 0.24 0.02 0.08 0.26 0.04 0.09 0.05 0.21 0.04 0.04 0.02 1.20 0.13 0.01 0.13 0.09 0.07 0.05 0.04
0.00 0.00 0.00 0.00 0.00 0.03 0.03 0.03 0.03 0.02 0.03 0.04 0.04 0.04 0.04 0.05 0.06 0.08 0.09 0.04 0.03 0.03 0.05 0.08 0.04 0.02 0.03 0.03 0.04 0.05 0.05 0.06 0.13 0.08 0.09 0.09 0.07 0.04 0.03 0.02 0.03 0.02 0.03 0.03 0.04 0.04 0.03 0.03 0.02 0.02 0.03 0.02 0.02 0.02 0.02 0.04 0.07 0.95 0.98 0.02 0.08 0.09 0.24 0.95 0.32 0.39 0.34 0.08 0.22 0.02 0.09 0.10 0.16 0.16 0.04 0.02 0.64 0.03 0.01 0.17 0.08 0.09 0.05 0.04
0.00 0.00 0.00 0.00 0.03 0.02 0.03 0.04 0.06 0.02 0.03 0.04 0.05 0.05 0.05 0.06 0.07 0.09 0.16 0.05 0.03 0.03 0.04 0.07 0.08 0.02 0.03 0.03 0.05 0.05 0.05 0.08 0.26 0.10 0.09 0.08 0.06 0.05 0.03 0.02 0.05 0.04 0.03 0.04 0.05 0.05 0.07 0.08 0.02 0.03 0.04 0.03 0.02 0.02 0.02 0.03 0.04 0.06 1.14 1.16 0.07 0.01 0.17 0.13 0.40 0.32 0.51 0.40 0.30 0.02 0.05 0.09 0.24 0.25 0.09 0.07 1.06 0.01 0.02 0.15 0.33 0.29 0.12 0.05
0.00 0.00 0.00 0.02 0.04 0.02 0.03 0.05 0.05 0.05 0.03 0.04 0.04 0.05 0.05 0.06 0.08 0.13 0.18 0.08 0.05 0.03 0.04 0.06 0.08 0.05 0.04 0.04 0.04 0.05 0.05 0.08 0.20 0.40 0.09 0.06 0.06 0.14 0.04 0.02 0.02 0.05 0.06 0.03 0.03 0.07 0.10 0.18 0.03 0.03 0.04 0.04 0.03 0.04 0.04 0.02 0.02 0.03 0.04 1.11 0.96 0.03 0.01 0.02 0.22 0.45 0.57 0.73 1.11 0.97 0.03 0.06 0.41 0.25 0.12 0.26 1.13 0.03 0.02 0.26 0.28 0.07 0.08 0.09
0.00 0.00 0.03 0.06 0.03 0.02 0.03 0.05 0.05 0.06 0.05 0.02 0.03 0.04 0.08 0.09 0.09 0.10 0.12 0.13 0.04 0.02 0.04 0.06 0.07 0.06 0.04 0.04 0.05 0.06 0.06 0.05 0.09 0.34 0.23 0.04 0.11 0.10 0.03 0.02 0.03 0.11 0.06 0.04 0.02 0.02 0.06 0.26 0.22 0.07 0.05 0.05 0.04 0.06 0.09 0.15 0.02 0.02 0.03 0.04 1.14 1.44 0.02 0.02 0.02 0.02 0.05 0.02 0.05 0.82 1.26 0.04 0.01 0.19 0.11 0.05 1.13 0.87 0.89 0.32 0.12 0.05 0.06 0.05
0.00 0.00 0.00 0.04 0.03 0.03 0.03 0.05 0.05 0.07 0.05 0.04 0.03 0.04 0.02 0.01 0.09 0.14 0.14 0.24 0.03 0.02 0.04 0.07 0.10 0.12 0.05 0.04 0.06 0.06 0.07 0.08 0.07 0.11 0.34 0.20 0.12 0.08 0.02 0.02 0.03 0.16 0.07 0.03 0.01 0.03 0.03 0.05 0.12 0.14 0.11 0.06 0.06 0.06 0.04 0.15 0.20 0.02 0.02 0.03 0.05 1.38 1.09 0.04 0.02 0.05 0.06 0.07 0.02 0.03 0.96 1.01 0.06 0.09 0.11 0.16 0.04 0.04 1.01 1.16 0.09 0.06 0.07 0.05
0.00 0.00 0.00 0.03 0.03 0.03 0.03 0.04 0.05 0.07 0.06 0.04 0.03 0.04 0.05 0.01 0.02 0.09 0.12 0.40 0.21 0.02 0.03 0.12 0.09 0.11 0.02 0.06 0.12 0.14 0.12 0.11 0.10 0.10 0.48 0.10 0.08 0.05 0.02 0.02 0.04 0.11 0.16 0.03 0.02 0.01 0.03 0.03 0.10 0.13 0.33 0.36 0.06 0.04 0.05 0.03 0.22 0.50 0.02 0.01 0.02 0.04 1.50 1.15 0.03 0.01 0.02 0.06 0.13 0.05 0.04 1.30 0.96 0.07 0.06 0.08 0.14 0.01 0.01 0.96 0.14 0.08 0.08 0.07
0.00 0.00 0.01 0.02 0.03 0.05 0.05 0.08 0.07 0.05 0.04 0.05 0.07 0.03 0.04 0.02 0.02 0.02 0.08 0.28 0.92 0.23 0.23 0.24 0.10 0.06 0.03 0.01 0.02 0.03 0.10 0.20 0.38 0.23 0.73 0.11 0.06 0.04 0.02 0.02 0.04 0.10 0.22 0.03 0.02 0.01 0.01 0.01 0.02 0.03 0.03 0.32 0.46 0.02 0.04 0.05 0.03 0.21 0.30 0.31 0.01 0.02 0.04 1.44 1.29 0.02 0.03 0.05 0.02 0.03 0.03 0.05 1.15 0.07 0.03 0.03 0.16 0.18 0.10 0.94 0.25 0.08 0.09 0.08
0.00 0.01 0.02 0.03 0.04 0.05 0.08 0.12 0.11 0.07 0.05 0.05 0.05 0.05 0.07 0.03 0.02 0.01 0.01 0.02 0.03 0.25 0.55 0.73 0.08 0.04 0.02 0.02 0.02 0.02 0.03 0.03 0.02 0.12 0.88 0.76 0.07 0.04 0.03 0.03 0.04 0.09 0.39 0.04 0.02 0.01 0.03 0.02 0.03 0.02 0.03 0.03 0.44 0.04 0.03 0.05 0.06 0.04 0.03 0.47 0.03 0.01 0.02 0.03 1.41 1.69 1.00 0.78 0.67 0.56 0.02 0.02 0.68 0.84 0.04 0.02 0.01 0.02 0.02 1.76 0.04 0.06 0.06 0.05
0.00 0.03 0.05 0.07 0.08 0.08 0.07 0.11 0.14 0.11 0.07 0.08 0.06 0.07 0.18 0.05 0.03 0.02 0.01 0.01 0.02 0.03 0.03 0.74 0.76 0.05 0.03 0.02 0.01 0.03 0.03 0.03 0.04 0.07 0.05 1.44 0.78 0.04 0.02 0.03 0.03 0.36 0.29 0.03 0.03 0.02 0.03 0.06 0.08 0.06 0.04 0.05 0.64 0.07 0.02 0.04 0.05 0.05 0.05 0.27 0.56 0.03 0.02 0.01 0.02 0.05 0.55 1.14 1.11 1.00 1.14 1.13 1.29 1.86 2.55 2.53 0.02 0.02 0.02 1.61 1.79 0.07 0.07 0.06
0.03 0.03 0.02 0.03 0.04 0.08 0.09 0.11 0.17 0.22 0.30 0.26 0.27 0.04 0.10 0.15 0.03 0.03 0.03 0.02 0.01 0.03 0.03 0.02 0.82 0.07 0.03 0.03 0.01 0.02 0.05 0.06 0.07 0.08 0.06 0.07 1.16 0.04 0.02 0.03 0.22 0.28 0.02 0.02 0.04 0.05 0.02 0.02 0.03 0.08 0.14 0.11 0.30 0.31 0.03 0.03 0.04 0.05 0.07 0.05 0.37 0.61 0.03 0.02 0.02 0.02 0.04 0.06 0.03 0.05 0.03 0.03 0.05 0.05 0.05 2.42 1.83 0.02 0.02 0.02 1.55 0.07 0.06 0.04
0.00 0.02 0.02 0.02 0.04 0.04 0.14 0.20 0.17 0.09 0.07 0.25 0.64 0.67 0.73 0.07 0.09 0.03 0.04 0.02 0.02 0.01 0.02 0.04 0.83 0.81 0.03 0.03 0.02 0.02 0.03 0.06 0.09 0.14 0.13 0.06 0.89 0.93 0.02 0.02 0.47 0.11 0.03 0.02 0.06 0.06 0.03 0.02 0.02 0.02 0.02 0.07 0.22 0.37 0.25 0.04 0.03 0.05 0.05 0.06 0.03 0.25 0.27 0.02 0.05 0.01 0.02 0.01 0.02 0.04 0.04 0.03 0.04 0.08 0.05 0.07 1.87 2.23 2.24 0.01 1.56 1.62 0.05 0.03
0.00 0.00 0.02 0.02 0.03 0.03 0.03 0.07 0.07 0.04 0.03 0.04 0.04 0.05 0.57 0.85 1.00 0.06 0.05 0.03 0.03 0.02 0.02 0.02 0.02 0.84 0.04 0.03 0.01 0.03 0.03 0.02 0.02 0.02 0.09 0.09 0.05 1.18 0.04 0.03 0.32 0.09 0.03 0.03 0.09 0.06 0.03 0.03 0.02 0.03 0.04 0.06 0.10 0.59 0.29 0.25 0.03 0.04 0.05 0.06 0.05 0.17 0.65 0.02 0.07 0.02 0.07 0.02 0.01 0.02 0.06 0.09 0.08 0.05 0.06 0.05 0.06 0.05 2.24 2.17 0.01 1.98 0.08 0.02
0.00 0.00 0.01 0.02 0.02 0.03 0.03 0.03 0.05 0.07 0.05 0.04 0.05 0.06 0.04 0.05 0.79 0.93 0.95 0.04 0.04 0.02 0.02 0.03 0.03 1.08 0.05 0.03 0.01 0.03 0.04 0.03 0.03 0.03 0.06 0.12 0.11 0.99 0.04 0.02 0.35 0.07 0.05 0.02 0.13 0.07 0.05 0.04 0.03 0.02 0.04 0.08 0.15 0.23 0.55 0.22 0.05 0.03 0.04 0.08 0.06 0.33 0.21 0.02 0.15 0.12 0.11 0.04 0.03 0.01 0.02 0.03 0.10 0.21 0.10 0.09 0.07 0.05 0.04 1.95 2.67 1.81 2.09 0.04
0.00 0.00 0.00 0.01 0.02 0.02 0.03 0.04 0.05 0.05 0.07 0.06 0.06 0.07 0.04 0.07 0.07 0.08 0.99 1.74 1.01 0.03 0.03 0.02 0.04 0.67 0.32 0.03 0.01 0.03 0.05 0.04 0.03 0.06 0.05 0.04 0.06 1.23 1.01 0.02 0.32 0.06 0.05 0.02 0.15 0.04 0.09 0.03 0.03 0.04 0.01 0.01 0.02 0.12 0.44 0.53 0.06 0.02 0.05 0.10 0.09 0.23 0.38 0.02 0.29 0.10 0.02 0.02 0.07 0.07 0.07 0.01 0.01 0.04 0.02 0.03 0.03 0.03 0.03 0.03 0.05 1.90 2.92 2.90
0.00 0.00 0.00 0.00 0.01 0.02 0.01 0.02 0.03 0.03 0.03 0.03 0.06 0.08 0.12 0.10 0.08 0.06 0.04 0.04 0.86 2.07 1.35 0.02 0.03 0.64 0.65 0.04 0.02 0.03 0.20 0.08 0.06 0.09 0.06 0.05 0.05 0.04 0.97 1.41 1.52 0.04 0.07 0.02 0.14 0.04 0.10 0.04 0.04 0.07 0.02 0.02 0.03 0.12 0.24 0.92 0.04 0.02 0.04 0.08 0.15 0.23 0.58 0.10 0.17 0.02 0.02 0.02 0.03 0.08 0.16 0.17 0.03 0.02 0.01 0.02 0.03 0.08 0.02 0.02 0.03 0.07 0.11 2.72
0.00 0.00 0.00 0.00 0.01 0.02 0.02 0.02 0.02 0.03 0.03 0.04 0.08 0.06 0.06 0.03 0.03 0.04 0.05 0.04 0.03 0.03 0.77 1.16 1.10 0.17 0.52 0.55 0.44 0.02 0.01 0.11 0.03 0.06 0.07 0.08 0.04 0.03 0.02 0.02 0.87 1.18 0.03 0.04 0.15 0.03 0.08 0.09 0.04 0.11 0.02 0.05 0.03 0.01 0.02 1.15 0.58 0.02 0.06 0.03 0.02 0.48 0.35 0.09 0.26 0.04 0.03 0.04 0.02 0.02 0.03 0.12 0.10 0.12 0.06 0.06 0.18 0.09 0.02 0.03 0.03 0.07 0.10 0.07
0.00 0.00 0.00 0.00 0.01 0.03 0.05 0.03 0.04 0.08 0.10 0.11 0.09 0.01 0.01 0.01 0.01 0.01 0.02 0.02 0.02 0.02 0.03 0.03 1.35 1.47 1.62 0.04 0.47 0.02 0.02 0.09 0.07 0.05 0.06 0.10 0.02 0.03 0.04 0.05 0.51 1.45 0.02 0.06 0.26 0.03 0.07 0.11 0.03 0.10 0.18 0.04 0.05 0.02 0.03 0.04 0.79 0.79 0.76 0.04 0.02 0.49 0.51 0.10 0.07 0.22 0.15 0.04 0.05 0.02 0.03 0.08 0.12 0.12 0.18 0.10 0.09 0.12 0.02 0.03 0.07 0.14 0.07 0.04
0.00 0.00 0.00 0.00 0.02 0.03 0.05 0.12 0.13 0.08 0.07 0.14 0.16 0.13 0.13 0.05 0.03 0.03 0.03 0.20 0.35 0.46 0.01 0.01 0.01 0.23 1.10 1.59 1.57 1.59 0.03 0.08 0.07 0.06 0.07 0.12 0.15 0.02 0.02 0.02 0.02 1.45 1.33 1.20 1.21 1.57 1.58 1.59 0.03 0.05 0.09 0.09 0.20 0.02 0.07 0.01 0.02 0.06 0.69 1.14 0.03 0.01 1.19 0.08 0.04 0.01 0.16 0.18 0.22 0.02 0.04 0.08 0.10 0.16 0.34 0.08 0.06 0.12 0.08 0.05 0.07 0.25 0.02 0.02
0.00 0.00 0.00 0.00 0.02 0.02 0.03 0.04 0.04 0.02 0.02 0.07 0.15 0.22 0.24 0.39 0.39 0.49 0.53 0.45 0.32 0.78 0.60 0.65 0.74 0.60 0.33 0.14 0.14 1.88 2.36 1.84 2.07 1.76 2.19 2.51 2.51 2.22 0.03 0.02 0.02 0.02 0.02 0.01 0.01 0.01 0.02 1.25 0.02 0.05 0.06 0.10 0.12 0.13 0.06 0.07 0.04 0.02 0.03 0.45 0.57 0.02 0.51 0.05 0.06 0.03 0.02 0.09 0.19 0.32 0.21 0.16 0.16 0.13 0.40 0.63 0.05 0.08 0.08 0.08 0.05 0.05 0.07 0.04
0.00 0.00 0.00 0.00 0.00 0.01 0.02 0.03 0.05 0.11 0.13 0.14 0.13 0.09 0.30 0.21 0.26 0.16 0.09 0.07 0.07 0.08 0.08 0.07 0.10 0.08 0.08 0.15 0.12 0.08 0.10 0.22 0.18 0.18 0.08 0.04 0.16 2.16 3.95 3.80 0.03 0.03 0.04 0.04 0.03 0.02 0.04 1.61 0.02 0.07 0.04 0.05 0.10 0.19 0.10 0.10 0.09 0.07 0.06 0.22 1.72 0.43 0.36 0.30 0.07 0.03 0.02 0.06 0.10 0.09 0.17 0.17 0.17 0.15 0.12 0.45 0.37 0.40 0.05 0.05 0.04 0.03 0.04 0.04
