NEW_versions/Iao/Scripts/Results/Iao_50m/MaxFloodMaps/Iao_50m_1.asc
NCOLS 111
NROWS 84
XLLCENTER 750508.350000
YLLCENTER 2308429.860000
CELLSIZE 50.000000
NODATA_value -99999.000000
[rows 0 to 37 of 84, columns 0 to 83 of 111]
0.00 0.00 0.00 0.00 0.00 0.00 0.00 0.00 0.00 0.00 0.00 0.00 0.00 0.00 0.00 0.00 0.00 0.00 0.00 0.00 0.00 0.00 0.00 0.00 0.00 0.00 0.00 0.00 0.00 0.00 0.00 0.00 0.00 0.00 0.00 0.00 0.00 0.00 0.00 0.00 0.00 0.00 0.00 0.00 0.00 0.00 0.00 0.00 0.00 0.00 0.00 0.00 0.00 0.00 0.00 0.00 0.00 0.00 0.00 0.00 0.00 0.00 0.00 0.00 0.00 0.00 0.00 0.00 0.00 0.00 0.00 0.00 0.00 0.00 0.00 0.00 0.00 0.00 0.00 0.00 0.00 0.00 0.00 0.00
0.00 0.00 0.00 0.00 0.00 0.00 0.00 0.00 0.00 0.00 0.00 0.00 0.00 0.00 0.00 0.00 0.00 0.00 0.00 0.00 0.00 0.00 0.00 0.00 0.00 0.00 0.00 0.00 0.00 0.00 0.00 0.00 0.00 0.00 0.00 0.00 0.00 0.00 0.00 0.00 0.00 0.00 0.00 0.00 0.00 0.00 0.00 0.00 0.00 0.00 0.00 0.00 0.01 0.01 0.00 0.01 0.01 0.01 0.01 0.00 0.01 0.00 0.00 0.00 0.00 0.00 0.00 0.00 0.00 0.00 0.00 0.00 0.00 0.00 0.00 0.00 0.00 0.00 0.00 0.00 0.00 0.00 0.00 0.00
0.00 0.00 0.00 0.00 0.00 0.00 0.00 0.00 0.00 0.00 0.00 0.00 0.00 0.00 0.00 0.00 0.00 0.00 0.00 0.00 0.00 0.00 0.00 0.00 0.00 0.00 0.00 0.00 0.00 0.00 0.00 0.00 0.00 0.00 0.00 0.00 0.00 0.00 0.00 0.00 0.00 0.00 0.00 0.00 0.00 0.00 0.00 0.00 0.01 0.01 0.01 0.01 0.01 0.01 0.00 0.01 0.01 0.01 0.01 0.01 0.01 0.01 0.00 0.00 0.00 0.00 0.00 0.00 0.01 0.01 0.00 0.00 0.00 0.00 0.00 0.00 0.00 0.00 0.00 0.00 0.00 0.00 0.00 0.00
0.00 0.00 0.00 0.00 0.00 0.00 0.00 0.00 0.00 0.00 0.00 0.00 0.00 0.00 0.00 0.00 0.00 0.00 0.00 0.00 0.00 0.00 0.00 0.00 0.00 0.00 0.00 0.00 0.00 0.00 0.00 0.00 0.00 0.00 0.00 0.00 0.00 0.00 0.00 0.00 0.00 0.00 0.00 0.00 0.00 0.00 0.00 0.01 0.01 0.01 0.01 0.01 0.01 0.02 0.01 0.01 0.01 0.02 0.01 0.01 0.01 0.01 0.00 0.00 0.00 0.00 0.01 0.01 0.01 0.02 0.01 0.01 0.01 0.00 0.00 0.00 0.00 0.00 0.00 0.00 0.00 0.00 0.00 0.00
0.00 0.00 0.00 0.00 0.00 0.00 0.00 0.00 0.00 0.00 0.00 0.00 0.00 0.00 0.00 0.00 0.00 0.00 0.00 0.00 0.00 0.00 0.00 0.00 0.00 0.00 0.00 0.00 0.00 0.00 0.00 0.00 0.00 0.00 0.00 0.00 0.00 0.00 0.00 0.00 0.00 0.00 0.00 0.00 0.00 0.00 0.01 0.01 0.01 0.01 0.01 0.01 0.02 0.02 0.02 0.01 0.01 0.02 0.02 0.01 0.01 0.01 0.01 0.00 0.01 0.01 0.01 0.01 0.02 0.02 0.01 0.01 0.01 0.01 0.01 0.00 0.00 0.00 0.00 0.00 0.00 0.00 0.00 0.00
0.00 0.00 0.00 0.00 0.00 0.00 0.00 0.00 0.00 0.00 0.00 0.00 0.00 0.00 0.00 0.00 0.00 0.00 0.00 0.00 0.00 0.00 0.00 0.00 0.00 0.00 0.00 0.00 0.00 0.00 0.00 0.00 0.00 0.00 0.00 0.00 0.00 0.00 0.00 0.00 0.00 0.00 0.00 0.00 0.00 0.00 0.01 0.01 0.01 0.01 0.01 0.02 0.02 0.02 0.02 0.01 0.01 0.02 0.03 0.02 0.01 0.01 0.01 0.01 0.01 0.01 0.01 0.02 0.03 0.02 0.01 0.01 0.01 0.01 0.02 0.01 0.00 0.00 0.00 0.00 0.00 0.00 0.00 0.01
0.00 0.00 0.00 0.00 0.00 0.00 0.00 0.00 0.00 0.00 0.00 0.00 0.00 0.00 0.00 0.00 0.00 0.00 0.00 0.00 0.00 0.00 0.00 0.00 0.00 0.00 0.00 0.00 0.00 0.00 0.00 0.00 0.00 0.00 0.00 0.00 0.00 0.00 0.00 0.00 0.00 0.00 0.00 0.01 0.01 0.01 0.01 0.01 0.01 0.01 0.01 0.02 0.03 0.03 0.02 0.02 0.02 0.02 0.02 0.02 0.02 0.01 0.01 0.01 0.01 0.01 0.01 0.04 0.02 0.02 0.01 0.01 0.01 0.01 0.02 0.01 0.01 0.01 0.01 0.00 0.00 0.00 0.01 0.01
0.00 0.00 0.00 0.00 0.00 0.00 0.00 0.00 0.00 0.00 0.00 0.00 0.00 0.00 0.00 0.00 0.00 0.00 0.00 0.00 0.00 0.00 0.00 0.00 0.00 0.00 0.00 0.00 0.00 0.00 0.00 0.00 0.00 0.00 0.00 0.00 0.00 0.00 0.00 0.00 0.01 0.01 0.01 0.01 0.01 0.01 0.02 0.01 0.01 0.01 0.01 0.02 0.03 0.03 0.02 0.02 0.02 0.02 0.03 0.03 0.02 0.02 0.01 0.01 0.01 0.01 0.01 0.05 0.02 0.01 0.01 0.01 0.01 0.02 0.02 0.01 0.01 0.02 0.01 0.01 0.00 0.01 0.01 0.01
0.00 0.00 0.00 0.00 0.00 0.00 0.00 0.00 0.00 0.00 0.00 0.00 0.00 0.00 0.00 0.00 0.00 0.00 0.00 0.00 0.00 0.00 0.00 0.00 0.00 0.00 0.00 0.00 0.00 0.00 0.00 0.00 0.00 0.00 0.00 0.00 0.00 0.00 0.00 0.00 0.01 0.01 0.01 0.01 0.01 0.01 0.02 0.01 0.01 0.01 0.01 0.02 0.03 0.03 0.02 0.02 0.02 0.02 0.03 0.03 0.02 0.02 0.01 0.01 0.01 0.01 0.01 0.04 0.01 0.01 0.01 0.01 0.01 0.02 0.03 0.02 0.02 0.02 0.01 0.01 0.01 0.01 0.01 0.01
0.00 0.00 0.00 0.00 0.00 0.00 0.00 0.00 0.00 0.00 0.00 0.00 0.00 0.00 0.00 0.00 0.00 0.00 0.00 0.00 0.00 0.00 0.00 0.00 0.00 0.00 0.00 0.00 0.00 0.00 0.00 0.00 0.00 0.00 0.01 0.01 0.01 0.01 0.01 0.01 0.01 0.01 0.01 0.01 0.01 0.02 0.02 0.02 0.01 0.01 0.02 0.02 0.03 0.03 0.03 0.03 0.03 0.03 0.03 0.04 0.02 0.02 0.01 0.01 0.01 0.01 0.01 0.11 0.01 0.01 0.01 0.01 0.02 0.02 0.03 0.03 0.02 0.02 0.01 0.01 0.01 0.02 0.01 0.01
0.00 0.00 0.00 0.00 0.00 0.00 0.00 0.00 0.00 0.00 0.00 0.00 0.00 0.00 0.00 0.00 0.00 0.00 0.00 0.00 0.00 0.00 0.00 0.00 0.00 0.00 0.00 0.00 0.00 0.00 0.00 0.01 0.01 0.01 0.01 0.01 0.01 0.01 0.01 0.01 0.01 0.01 0.01 0.01 0.02 0.02 0.02 0.01 0.02 0.02 0.02 0.05 0.08 0.03 0.03 0.03 0.03 0.03 0.04 0.04 0.03 0.02 0.01 0.01 0.01 0.01 0.01 0.07 0.04 0.01 0.01 0.02 0.02 0.03 0.03 0.02 0.02 0.02 0.01 0.01 0.01 0.02 0.02 0.01
0.00 0.00 0.00 0.00 0.00 0.00 0.00 0.00 0.00 0.00 0.00 0.00 0.00 0.00 0.00 0.00 0.00 0.00 0.00 0.00 0.00 0.00 0.00 0.00 0.00 0.00 0.00 0.00 0.00 0.00 0.01 0.01 0.01 0.01 0.01 0.01 0.02 0.01 0.01 0.01 0.01 0.02 0.02 0.02 0.02 0.02 0.02 0.02 0.02 0.03 0.03 0.03 0.07 0.11 0.08 0.06 0.04 0.05 0.04 0.06 0.05 0.03 0.02 0.01 0.01 0.01 0.01 0.03 0.05 0.04 0.04 0.02 0.02 0.04 0.03 0.03 0.02 0.02 0.01 0.01 0.01 0.03 0.02 0.01
0.00 0.00 0.00 0.00 0.00 0.00 0.00 0.00 0.00 0.00 0.00 0.00 0.00 0.00 0.00 0.00 0.00 0.00 0.00 0.00 0.00 0.00 0.00 0.00 0.00 0.01 0.01 0.01 0.01 0.01 0.01 0.01 0.01 0.01 0.01 0.02 0.03 0.02 0.01 0.00 0.01 0.01 0.02 0.02 0.02 0.02 0.02 0.02 0.03 0.04 0.07 0.01 0.01 0.01 0.04 0.16 0.06 0.04 0.09 0.07 0.11 0.04 0.04 0.05 0.02 0.01 0.01 0.02 0.02 0.05 0.09 0.08 0.05 0.06 0.03 0.03 0.02 0.02 0.01 0.01 0.01 0.02 0.03 0.01
0.00 0.00 0.00 0.00 0.00 0.00 0.00 0.00 0.00 0.00 0.00 0.00 0.00 0.00 0.01 0.01 0.01 0.01 0.01 0.01 0.01 0.01 0.01 0.01 0.01 0.01 0.01 0.02 0.01 0.00 0.01 0.01 0.01 0.01 0.01 0.02 0.03 0.02 0.01 0.01 0.01 0.01 0.01 0.02 0.02 0.02 0.03 0.03 0.03 0.03 0.04 0.04 0.03 0.00 0.02 0.16 0.19 0.00 0.04 0.12 0.12 0.03 0.00 0.09 0.05 0.01 0.00 0.02 0.03 0.01 0.03 0.05 0.07 0.22 0.23 0.03 0.03 0.02 0.03 0.02 0.01 0.03 0.03 0.02
0.00 0.00 0.00 0.00 0.00 0.00 0.00 0.00 0.00 0.00 0.00 0.01 0.01 0.01 0.01 0.01 0.02 0.01 0.01 0.02 0.01 0.01 0.01 0.02 0.01 0.01 0.01 0.01 0.01 0.01 0.01 0.01 0.01 0.01 0.02 0.02 0.04 0.03 0.01 0.01 0.01 0.01 0.01 0.01 0.02 0.03 0.04 0.04 0.06 0.05 0.05 0.04 0.08 0.00 0.01 0.02 0.19 0.01 0.01 0.06 0.21 0.02 0.00 0.01 0.08 0.01 0.01 0.04 0.02 0.03 0.02 0.03 0.01 0.01 0.24 0.20 0.22 0.02 0.03 0.05 0.02 0.02 0.03 0.01
0.00 0.00 0.00 0.00 0.00 0.00 0.00 0.00 0.00 0.00 0.00 0.01 0.01 0.01 0.01 0.01 0.01 0.01 0.01 0.02 0.01 0.01 0.01 0.02 0.01 0.01 0.01 0.01 0.01 0.01 0.01 0.01 0.01 0.01 0.02 0.03 0.04 0.02 0.01 0.01 0.01 0.01 0.01 0.01 0.01 0.02 0.02 0.04 0.07 0.08 0.12 0.13 0.22 0.09 0.06 0.22 0.19 0.01 0.01 0.04 0.28 0.02 0.01 0.01 0.05 0.09 0.01 0.08 0.02 0.03 0.01 0.04 0.02 0.00 0.00 0.01 0.25 0.03 0.05 0.05 0.02 0.02 0.03 0.02
0.00 0.00 0.00 0.00 0.00 0.00 0.00 0.01 0.01 0.01 0.01 0.01 0.01 0.01 0.01 0.02 0.01 0.01 0.01 0.01 0.01 0.01 0.01 0.02 0.02 0.01 0.01 0.02 0.01 0.01 0.02 0.01 0.01 0.02 0.03 0.03 0.03 0.02 0.01 0.01 0.01 0.01 0.01 0.01 0.01 0.01 0.01 0.01 0.01 0.01 0.01 0.01 0.01 0.11 0.09 0.10 0.19 0.04 0.01 0.03 0.14 0.15 0.14 0.01 0.07 0.04 0.01 0.04 0.07 0.02 0.01 0.04 0.05 0.01 0.01 0.01 0.46 0.06 0.04 0.03 0.03 0.03 0.02 0.01
0.00 0.00 0.00 0.00 0.00 0.00 0.01 0.01 0.01 0.01 0.01 0.02 0.01 0.01 0.01 0.02 0.02 0.01 0.02 0.02 0.01 0.01 0.02 0.02 0.02 0.01 0.01 0.01 0.02 0.02 0.01 0.02 0.03 0.02 0.03 0.04 0.03 0.02 0.01 0.01 0.01 0.01 0.01 0.01 0.01 0.01 0.01 0.01 0.01 0.01 0.01 0.01 0.01 0.01 0.07 0.13 0.33 0.38 0.01 0.00 0.06 0.18 0.51 0.12 0.14 0.09 0.01 0.03 0.09 0.01 0.03 0.02 0.08 0.02 0.01 0.01 0.46 0.05 0.00 0.05 0.03 0.03 0.02 0.02
0.00 0.00 0.00 0.00 0.00 0.01 0.01 0.01 0.01 0.01 0.01 0.02 0.02 0.01 0.01 0.02 0.02 0.03 0.03 0.02 0.01 0.01 0.02 0.03 0.02 0.01 0.01 0.01 0.02 0.02 0.02 0.02 0.05 0.03 0.03 0.03 0.03 0.02 0.01 0.01 0.01 0.01 0.01 0.01 0.01 0.01 0.01 0.01 0.01 0.01 0.01 0.01 0.01 0.01 0.01 0.02 0.02 0.35 0.36 0.01 0.03 0.03 0.06 0.39 0.12 0.15 0.13 0.03 0.08 0.01 0.03 0.04 0.06 0.06 0.02 0.01 0.23 0.01 0.00 0.06 0.03 0.03 0.02 0.02
0.00 0.00 0.00 0.00 0.01 0.01 0.01 0.01 0.02 0.01 0.01 0.02 0.02 0.02 0.02 0.02 0.03 0.03 0.06 0.02 0.01 0.01 0.02 0.03 0.03 0.01 0.01 0.01 0.02 0.02 0.02 0.03 0.10 0.04 0.03 0.03 0.02 0.02 0.01 0.01 0.02 0.02 0.01 0.01 0.02 0.02 0.03 0.03 0.01 0.01 0.01 0.01 0.01 0.01 0.01 0.01 0.01 0.02 0.42 0.42 0.03 0.00 0.04 0.03 0.14 0.12 0.19 0.15 0.11 0.01 0.02 0.03 0.09 0.09 0.03 0.03 0.39 0.01 0.01 0.05 0.12 0.10 0.04 0.02
0.00 0.00 0.00 0.01 0.01 0.01 0.01 0.02 0.02 0.02 0.01 0.01 0.02 0.02 0.02 0.02 0.03 0.05 0.07 0.03 0.02 0.01 0.01 0.02 0.03 0.02 0.02 0.02 0.02 0.02 0.02 0.03 0.07 0.15 0.03 0.02 0.02 0.05 0.01 0.01 0.01 0.02 0.02 0.01 0.01 0.03 0.04 0.07 0.01 0.01 0.02 0.02 0.01 0.02 0.02 0.01 0.01 0.01 0.02 0.41 0.35 0.01 0.01 0.01 0.08 0.16 0.21 0.27 0.41 0.36 0.01 0.02 0.16 0.09 0.04 0.09 0.41 0.01 0.01 0.09 0.10 0.03 0.03 0.03
0.00 0.00 0.01 0.02 0.01 0.01 0.01 0.02 0.02 0.02 0.02 0.01 0.01 0.02 0.03 0.03 0.03 0.04 0.05 0.05 0.02 0.01 0.02 0.02 0.03 0.02 0.01 0.02 0.02 0.02 0.02 0.02 0.03 0.13 0.09 0.02 0.04 0.04 0.01 0.01 0.01 0.04 0.02 0.01 0.01 0.01 0.02 0.09 0.08 0.02 0.02 0.02 0.02 0.02 0.03 0.06 0.01 0.01 0.01 0.01 0.41 0.53 0.01 0.01 0.01 0.01 0.02 0.01 0.02 0.30 0.47 0.01 0.01 0.07 0.04 0.02 0.42 0.32 0.33 0.11 0.05 0.02 0.02 0.02
0.00 0.00 0.00 0.02 0.01 0.01 0.01 0.02 0.02 0.03 0.02 0.01 0.01 0.01 0.01 0.00 0.03 0.05 0.05 0.09 0.01 0.01 0.01 0.03 0.04 0.04 0.02 0.02 0.02 0.02 0.02 0.03 0.03 0.04 0.13 0.07 0.04 0.03 0.01 0.01 0.01 0.06 0.03 0.01 0.01 0.01 0.01 0.02 0.04 0.05 0.04 0.02 0.02 0.02 0.01 0.05 0.07 0.01 0.01 0.01 0.02 0.51 0.40 0.01 0.01 0.02 0.02 0.03 0.01 0.01 0.35 0.37 0.02 0.03 0.04 0.06 0.01 0.01 0.37 0.43 0.03 0.02 0.03 0.02
0.00 0.00 0.00 0.01 0.01 0.01 0.01 0.01 0.02 0.03 0.02 0.01 0.01 0.01 0.02 0.00 0.01 0.03 0.05 0.15 0.08 0.01 0.01 0.04 0.03 0.04 0.01 0.02 0.05 0.05 0.04 0.04 0.04 0.04 0.18 0.04 0.03 0.02 0.01 0.01 0.01 0.04 0.06 0.01 0.01 0.01 0.01 0.01 0.04 0.05 0.12 0.13 0.02 0.01 0.02 0.01 0.08 0.19 0.01 0.01 0.01 0.01 0.56 0.42 0.01 0.01 0.01 0.02 0.05 0.02 0.02 0.48 0.35 0.02 0.02 0.03 0.05 0.00 0.01 0.35 0.05 0.03 0.03 0.03
0.00 0.00 0.00 0.01 0.01 0.02 0.02 0.03 0.02 0.02 0.02 0.02 0.03 0.01 0.02 0.01 0.01 0.01 0.03 0.10 0.35 0.09 0.09 0.09 0.04 0.02 0.01 0.00 0.01 0.01 0.04 0.07 0.14 0.08 0.27 0.04 0.02 0.02 0.01 0.01 0.02 0.04 0.08 0.01 0.01 0.00 0.00 0.01 0.01 0.01 0.01 0.12 0.17 0.01 0.02 0.02 0.01 0.08 0.11 0.11 0.00 0.01 0.02 0.53 0.47 0.01 0.01 0.02 0.01 0.01 0.01 0.02 0.42 0.03 0.01 0.01 0.06 0.06 0.04 0.34 0.09 0.03 0.03 0.03
0.00 0.01 0.01 0.01 0.01 0.02 0.03 0.04 0.04 0.03 0.02 0.02 0.02 0.02 0.03 0.01 0.01 0.01 0.00 0.01 0.01 0.09 0.20 0.27 0.03 0.02 0.01 0.01 0.01 0.01 0.01 0.01 0.01 0.04 0.32 0.28 0.03 0.02 0.01 0.01 0.02 0.03 0.14 0.01 0.01 0.01 0.01 0.01 0.01 0.01 0.01 0.01 0.16 0.02 0.01 0.02 0.02 0.01 0.01 0.18 0.01 0.01 0.01 0.01 0.51 0.65 0.37 0.29 0.24 0.20 0.01 0.01 0.25 0.29 0.01 0.01 0.00 0.01 0.01 0.65 0.01 0.02 0.02 0.02
0.00 0.01 0.02 0.02 0.03 0.03 0.03 0.04 0.05 0.04 0.03 0.03 0.02 0.03 0.07 0.02 0.01 0.01 0.01 0.01 0.01 0.01 0.01 0.27 0.28 0.02 0.01 0.01 0.01 0.01 0.01 0.01 0.01 0.02 0.02 0.56 0.28 0.02 0.01 0.01 0.01 0.13 0.10 0.01 0.01 0.01 0.01 0.02 0.03 0.02 0.02 0.02 0.24 0.02 0.01 0.01 0.02 0.02 0.02 0.10 0.21 0.01 0.01 0.00 0.01 0.02 0.19 0.42 0.41 0.37 0.42 0.41 0.47 0.67 0.93 0.93 0.01 0.01 0.01 0.58 0.66 0.03 0.03 0.02
0.01 0.01 0.01 0.01 0.01 0.03 0.03 0.04 0.06 0.08 0.11 0.09 0.10 0.02 0.04 0.05 0.01 0.01 0.01 0.01 0.01 0.01 0.01 0.01 0.30 0.03 0.01 0.01 0.01 0.01 0.02 0.02 0.03 0.03 0.02 0.03 0.43 0.01 0.01 0.01 0.08 0.10 0.01 0.01 0.01 0.02 0.01 0.01 0.01 0.03 0.05 0.04 0.11 0.11 0.01 0.01 0.02 0.02 0.03 0.02 0.13 0.23 0.01 0.01 0.01 0.01 0.01 0.02 0.01 0.02 0.01 0.01 0.02 0.02 0.02 0.91 0.66 0.01 0.01 0.01 0.57 0.02 0.02 0.01
0.00 0.01 0.01 0.01 0.02 0.02 0.05 0.07 0.06 0.03 0.02 0.09 0.24 0.25 0.27 0.03 0.03 0.01 0.02 0.01 0.01 0.01 0.01 0.01 0.30 0.30 0.01 0.01 0.01 0.01 0.01 0.02 0.03 0.05 0.05 0.02 0.32 0.34 0.01 0.01 0.18 0.04 0.01 0.01 0.02 0.02 0.01 0.01 0.01 0.01 0.01 0.02 0.08 0.14 0.09 0.01 0.01 0.02 0.02 0.02 0.01 0.09 0.10 0.01 0.02 0.01 0.01 0.00 0.01 0.01 0.01 0.01 0.01 0.03 0.02 0.02 0.67 0.81 0.81 0.00 0.57 0.58 0.02 0.01
0.00 0.00 0.01 0.01 0.01 0.01 0.01 0.03 0.03 0.01 0.01 0.01 0.02 0.02 0.21 0.31 0.37 0.02 0.02 0.01 0.01 0.01 0.01 0.01 0.01 0.30 0.02 0.01 0.01 0.01 0.01 0.01 0.01 0.01 0.03 0.03 0.02 0.43 0.01 0.01 0.12 0.03 0.01 0.01 0.03 0.02 0.01 0.01 0.01 0.01 0.01 0.02 0.04 0.23 0.11 0.09 0.01 0.02 0.02 0.02 0.02 0.06 0.25 0.01 0.03 0.01 0.02 0.01 0.00 0.01 0.02 0.04 0.03 0.02 0.02 0.02 0.02 0.02 0.81 0.79 0.01 0.73 0.03 0.01
0.00 0.00 0.00 0.01 0.01 0.01 0.01 0.01 0.02 0.03 0.02 0.02 0.02 0.02 0.01 0.02 0.29 0.34 0.35 0.01 0.01 0.01 0.01 0.01 0.01 0.40 0.02 0.01 0.01 0.01 0.02 0.01 0.01 0.01 0.02 0.04 0.04 0.36 0.01 0.01 0.13 0.03 0.02 0.01 0.05 0.03 0.02 0.02 0.01 0.01 0.02 0.03 0.06 0.08 0.20 0.08 0.02 0.01 0.02 0.03 0.02 0.12 0.08 0.01 0.06 0.04 0.04 0.01 0.01 0.01 0.01 0.01 0.04 0.08 0.04 0.04 0.03 0.02 0.02 0.69 1.01 0.65 0.73 0.01
0.00 0.00 0.00 0.00 0.01 0.01 0.01 0.01 0.02 0.02 0.03 0.02 0.02 0.03 0.02 0.02 0.03 0.03 0.36 0.70 0.37 0.01 0.01 0.01 0.01 0.25 0.11 0.01 0.01 0.01 0.02 0.01 0.01 0.02 0.02 0.01 0.02 0.45 0.37 0.01 0.12 0.02 0.02 0.01 0.05 0.02 0.03 0.01 0.01 0.01 0.00 0.01 0.01 0.04 0.16 0.20 0.02 0.01 0.02 0.04 0.03 0.08 0.14 0.01 0.11 0.04 0.01 0.01 0.02 0.03 0.03 0.00 0.01 0.02 0.01 0.01 0.01 0.01 0.01 0.01 0.02 0.66 1.06 1.05
0.00 0.00 0.00 0.00 0.01 0.01 0.00 0.01 0.01 0.01 0.01 0.01 0.02 0.03 0.05 0.04 0.03 0.02 0.02 0.02 0.31 0.87 0.50 0.01 0.01 0.24 0.24 0.01 0.01 0.01 0.08 0.03 0.02 0.03 0.02 0.02 0.02 0.02 0.35 0.51 0.57 0.02 0.03 0.01 0.05 0.01 0.04 0.01 0.01 0.03 0.01 0.01 0.01 0.04 0.09 0.33 0.02 0.01 0.01 0.03 0.06 0.08 0.21 0.04 0.06 0.01 0.01 0.01 0.01 0.03 0.06 0.06 0.01 0.01 0.01 0.01 0.01 0.03 0.01 0.01 0.01 0.02 0.04 0.98
0.00 0.00 0.00 0.00 0.00 0.01 0.01 0.01 0.01 0.01 0.01 0.02 0.03 0.02 0.02 0.01 0.01 0.01 0.02 0.02 0.01 0.01 0.28 0.42 0.40 0.06 0.19 0.20 0.16 0.01 0.01 0.04 0.01 0.02 0.03 0.03 0.01 0.01 0.01 0.01 0.32 0.43 0.01 0.02 0.06 0.01 0.03 0.03 0.01 0.04 0.01 0.02 0.01 0.01 0.01 0.45 0.21 0.01 0.02 0.01 0.01 0.17 0.13 0.03 0.10 0.02 0.01 0.02 0.01 0.01 0.01 0.04 0.04 0.05 0.02 0.02 0.07 0.03 0.01 0.01 0.01 0.03 0.04 0.03
0.00 0.00 0.00 0.00 0.00 0.01 0.02 0.01 0.01 0.03 0.04 0.04 0.03 0.00 0.00 0.01 0.01 0.01 0.01 0.01 0.01 0.01 0.01 0.01 0.49 0.53 0.61 0.00 0.17 0.01 0.01 0.03 0.03 0.02 0.02 0.04 0.01 0.01 0.01 0.02 0.18 0.53 0.01 0.02 0.09 0.01 0.03 0.04 0.01 0.04 0.07 0.01 0.02 0.01 0.01 0.02 0.29 0.29 0.28 0.02 0.01 0.18 0.18 0.04 0.03 0.08 0.06 0.02 0.02 0.01 0.01 0.03 0.04 0.04 0.06 0.04 0.03 0.04 0.01 0.01 0.03 0.05 0.03 0.02
0.00 0.00 0.00 0.00 0.01 0.01 0.02 0.04 0.05 0.03 0.02 0.05 0.06 0.05 0.05 0.02 0.01 0.01 0.01 0.07 0.13 0.17 0.01 0.00 0.01 0.08 0.40 0.58 0.57 0.58 0.01 0.03 0.03 0.02 0.03 0.04 0.05 0.01 0.01 0.01 0.01 0.53 0.49 0.44 0.44 0.57 0.58 0.59 0.01 0.02 0.03 0.03 0.07 0.01 0.03 0.01 0.01 0.02 0.25 0.44 0.01 0.00 0.49 0.03 0.02 0.01 0.06 0.07 0.08 0.01 0.01 0.03 0.04 0.06 0.12 0.03 0.02 0.04 0.03 0.02 0.03 0.09 0.01 0.01
0.00 0.00 0.00 0.00 0.01 0.01 0.01 0.01 0.02 0.01 0.01 0.03 0.06 0.08 0.09 0.14 0.14 0.18 0.19 0.16 0.12 0.29 0.22 0.24 0.27 0.22 0.12 0.05 0.05 0.68 0.87 0.67 0.77 0.64 0.79 0.92 0.93 0.81 0.01 0.01 0.01 0.01 0.01 0.01 0.00 0.01 0.01 0.45 0.01 0.02 0.02 0.04 0.05 0.05 0.02 0.02 0.01 0.01 0.01 0.16 0.20 0.01 0.18 0.02 0.02 0.01 0.01 0.03 0.07 0.12 0.08 0.06 0.06 0.05 0.14 0.24 0.02 0.03 0.03 0.03 0.02 0.02 0.02 0.02
0.00 0.00 0.00 0.00 0.00 0.01 0.01 0.01 0.02 0.04 0.05 0.05 0.05 0.03 0.11 0.08 0.10 0.06 0.03 0.03 0.03 0.03 0.03 0.03 0.03 0.03 0.03 0.06 0.04 0.03 0.04 0.08 0.06 0.07 0.03 0.02 0.06 0.76 1.50 1.48 0.01 0.01 0.01 0.02 0.01 0.01 0.01 0.55 0.01 0.02 0.01 0.02 0.04 0.07 0.04 0.04 0.03 0.03 0.02 0.08 0.39 0.11 0.13 0.10 0.03 0.01 0.01 0.02 0.04 0.03 0.06 0.06 0.06 0.05 0.04 0.17 0.14 0.15 0.02 0.02 0.01 0.01 0.01 0.01
