NEW_versions/Iao/Scripts/Results/Iao_50m/MaxFloodMaps/Iao_50m_1.asc
NCOLS 111
NROWS 84
XLLCENTER 750508.350000
YLLCENTER 2308429.860000
CELLSIZE 50.000000
NODATA_value -99999.000000
[rows 38 to 75 of 84, columns 0 to 83 of 111]
0.00 0.00 0.00 0.00 0.00 0.01 0.01 0.01 0.01 0.01 0.02 0.02 0.02 0.07 0.05 0.03 0.02 0.02 0.01 0.01 0.05 0.04 0.02 0.02 0.02 0.01 0.01 0.01 0.01 0.01 0.07 0.08 0.12 0.11 0.14 0.16 0.11 0.07 0.03 1.42 0.72 0.83 1.25 1.11 0.70 0.90 0.78 1.53 1.28 1.21 1.22 0.02 0.02 0.02 0.03 0.03 0.02 0.02 0.02 1.55 2.28 2.04 1.39 1.45 0.02 0.01 0.02 0.02 0.01 0.01 0.03 0.05 0.08 0.05 0.02 0.02 0.11 0.15 0.09 0.10 0.01 0.01 0.02 0.02
0.00 0.00 0.00 0.00 0.00 0.00 0.00 0.00 0.01 0.01 0.02 0.02 0.02 0.03 0.02 0.01 0.01 0.01 0.01 0.01 0.04 0.00 0.01 0.01 0.01 0.01 0.06 0.13 0.19 0.18 0.11 0.10 0.12 0.02 0.01 0.02 0.02 0.02 0.02 0.02 0.02 0.03 0.02 0.02 0.02 0.03 0.01 0.02 0.02 0.02 1.23 1.35 1.90 1.77 1.32 0.57 1.13 1.14 1.12 1.43 0.01 0.01 0.02 1.97 1.94 1.79 0.02 0.03 0.01 0.01 0.02 0.04 0.07 0.08 0.03 0.01 0.01 0.01 0.08 0.14 0.15 0.07 0.05 0.03
0.00 0.00 0.00 0.00 0.00 0.00 0.01 0.01 0.01 0.02 0.02 0.03 0.02 0.01 0.02 0.01 0.01 0.03 0.04 0.06 0.04 0.05 0.08 0.07 0.10 0.12 0.09 0.08 0.05 0.02 0.02 0.02 0.04 0.02 0.01 0.02 0.02 0.01 0.02 0.01 0.02 0.04 0.01 0.01 0.02 0.02 0.02 0.03 0.03 0.02 0.02 0.02 0.03 0.03 0.29 0.63 0.64 0.01 0.02 0.01 0.01 0.01 0.01 0.02 0.03 1.77 1.88 1.69 0.02 0.01 0.01 0.03 0.06 0.10 0.02 0.02 0.01 0.01 0.01 0.01 0.08 0.08 0.09 0.06
0.00 0.00 0.00 0.00 0.00 0.00 0.01 0.01 0.02 0.02 0.02 0.03 0.01 0.01 0.01 0.02 0.03 0.02 0.02 0.02 0.02 0.03 0.03 0.03 0.02 0.02 0.04 0.04 0.02 0.01 0.01 0.01 0.03 0.01 0.01 0.01 0.01 0.01 0.01 0.01 0.02 0.03 0.01 0.01 0.02 0.01 0.03 0.10 0.01 0.01 0.02 0.02 0.02 0.03 0.01 0.01 0.01 0.01 0.01 0.01 0.01 0.01 0.01 0.03 0.03 0.02 0.02 1.41 1.39 0.99 0.90 0.01 0.02 0.10 0.06 0.01 0.01 0.01 0.01 0.01 0.04 0.06 0.06 0.05
0.00 0.00 0.00 0.00 0.00 0.00 0.01 0.02 0.01 0.01 0.01 0.02 0.01 0.01 0.01 0.01 0.01 0.01 0.01 0.02 0.02 0.02 0.01 0.02 0.01 0.02 0.04 0.01 0.02 0.01 0.01 0.01 0.02 0.01 0.01 0.01 0.00 0.01 0.01 0.01 0.01 0.01 0.01 0.01 0.01 0.02 0.03 0.01 0.01 0.01 0.01 0.01 0.02 0.01 0.01 0.01 0.01 0.01 0.01 0.01 0.05 0.08 0.08 0.05 0.02 0.02 0.01 0.01 0.02 1.04 1.77 0.01 0.01 0.03 0.07 0.03 0.02 0.03 0.88 1.85 1.39 1.20 0.03 2.86
0.00 0.00 0.00 0.00 0.00 0.00 0.00 0.01 0.02 0.01 0.01 0.01 0.01 0.00 0.01 0.01 0.01 0.01 0.01 0.01 0.01 0.01 0.01 0.01 0.01 0.02 0.02 0.01 0.01 0.00 0.01 0.01 0.01 0.00 0.01 0.01 0.01 0.01 0.01 0.01 0.01 0.01 0.01 0.01 0.01 0.01 0.01 0.01 0.01 0.01 0.01 0.01 0.01 0.01 0.02 0.02 0.02 0.02 0.07 0.08 0.06 0.04 0.04 0.02 0.02 0.02 0.01 0.01 0.01 0.02 1.79 1.86 0.03 0.04 0.03 0.03 2.45 2.10 1.16 0.54 0.24 2.32 2.63 2.67
0.00 0.00 0.00 0.00 0.00 0.00 0.00 0.01 0.02 0.01 0.02 0.02 0.02 0.01 0.01 0.01 0.01 0.01 0.01 0.01 0.01 0.01 0.01 0.01 0.01 0.02 0.01 0.00 0.01 0.01 0.01 0.01 0.01 0.01 0.01 0.02 0.02 0.02 0.01 0.01 0.01 0.01 0.01 0.01 0.02 0.02 0.02 0.02 0.02 0.01 0.01 0.01 0.01 0.01 0.04 0.06 0.09 0.07 0.05 0.02 0.02 0.02 0.03 0.04 0.02 0.04 0.07 0.01 0.01 0.03 0.03 2.19 1.94 1.74 0.02 2.73 2.63 0.01 0.00 0.01 1.45 1.51 0.09 0.02
0.00 0.00 0.00 0.00 0.00 0.00 0.00 0.01 0.02 0.02 0.02 0.02 0.03 0.01 0.01 0.01 0.01 0.01 0.02 0.01 0.01 0.01 0.02 0.02 0.01 0.01 0.01 0.01 0.01 0.01 0.02 0.03 0.01 0.01 0.02 0.02 0.02 0.02 0.02 0.02 0.01 0.01 0.01 0.02 0.02 0.02 0.02 0.03 0.04 0.05 0.01 0.02 0.02 0.02 0.01 0.02 0.01 0.04 0.03 0.02 0.02 0.04 0.07 0.06 0.05 0.03 0.06 0.09 0.06 0.04 0.03 0.02 0.02 1.02 1.89 2.78 0.01 0.00 0.01 2.02 1.93 0.03 0.14 0.04
0.00 0.00 0.00 0.00 0.00 0.00 0.00 0.01 0.02 0.02 0.02 0.02 0.03 0.02 0.02 0.02 0.01 0.01 0.01 0.02 0.02 0.03 0.02 0.04 0.02 0.02 0.01 0.01 0.01 0.02 0.02 0.03 0.02 0.02 0.02 0.02 0.03 0.03 0.02 0.58 0.47 0.53 0.61 0.58 0.40 0.43 0.49 0.50 0.57 0.62 0.62 0.01 0.02 0.03 0.01 0.01 0.01 0.01 0.01 0.02 0.02 0.01 0.01 0.03 0.05 0.05 0.01 0.01 0.01 0.01 0.01 0.01 0.01 0.01 0.01 0.01 0.00 0.01 1.43 2.04 0.04 0.05 0.12 0.05
0.00 0.00 0.00 0.00 0.00 0.00 0.00 0.01 0.02 0.02 0.02 0.03 0.03 0.02 0.01 0.02 0.02 0.01 0.01 0.02 0.03 0.05 0.08 0.10 0.09 0.07 0.01 0.02 0.02 0.02 0.03 0.03 0.05 0.03 0.03 0.03 0.49 0.61 0.74 0.86 0.01 0.02 0.03 0.03 0.34 0.24 0.14 0.09 0.03 0.02 0.55 0.55 0.49 0.62 0.62 0.01 0.02 0.01 0.02 0.65 0.68 0.01 0.01 0.89 1.23 1.18 1.20 0.01 0.02 0.01 0.01 0.01 0.01 0.01 0.02 2.38 2.12 1.37 1.40 0.10 0.09 0.06 0.09 0.04
0.00 0.00 0.00 0.00 0.00 0.00 0.01 0.02 0.02 0.02 0.03 0.04 0.10 0.09 0.05 0.03 0.06 0.08 0.02 0.00 0.00 0.01 0.01 0.01 0.06 0.12 0.14 0.13 0.10 0.08 0.05 0.50 0.41 0.49 0.49 0.76 0.61 0.03 0.01 0.03 0.01 0.01 0.02 0.01 0.01 0.01 0.01 0.01 0.01 0.01 0.01 0.01 0.01 0.01 0.62 0.60 0.55 1.19 1.38 0.75 1.25 1.10 1.29 1.58 0.01 0.01 1.46 1.14 1.45 1.39 1.77 1.25 1.28 1.31 1.66 1.49 0.01 0.10 0.07 0.14 0.18 0.05 0.03 0.04
0.00 0.00 0.00 0.00 0.00 0.00 0.01 0.02 0.08 0.21 0.01 0.01 0.01 0.07 0.09 0.05 0.03 0.08 0.16 0.16 0.01 0.01 0.01 0.01 0.01 0.01 0.01 0.01 0.05 0.44 0.84 0.43 0.01 0.01 0.01 0.03 0.02 0.02 0.01 0.02 0.01 0.01 0.01 0.01 0.01 0.01 0.02 0.03 0.02 0.01 0.01 0.01 0.03 0.01 0.00 0.01 0.01 0.69 0.78 0.01 0.01 0.05 0.06 0.04 0.01 0.01 0.01 0.01 0.05 0.01 0.01 0.04 0.07 0.01 0.01 0.42 0.01 0.02 0.01 0.24 0.20 0.05 0.02 0.03
0.00 0.00 0.00 0.00 0.00 0.00 0.00 0.02 0.04 0.19 0.00 0.01 0.01 0.01 0.05 0.05 0.06 0.03 0.02 0.09 0.07 0.06 0.06 0.09 0.01 0.01 0.01 0.38 0.42 0.42 0.02 0.01 0.01 0.01 0.01 0.02 0.01 0.03 0.01 0.02 0.01 0.01 0.01 0.02 0.03 0.04 0.03 0.04 0.04 0.03 1.37 1.15 0.77 0.87 0.88 1.31 1.03 1.01 0.02 0.01 0.01 0.06 0.03 0.06 0.01 0.01 0.01 0.03 0.06 0.01 0.01 0.03 0.03 0.01 0.01 0.48 0.02 0.03 0.01 0.02 0.31 0.08 0.07 0.03
0.00 0.00 0.00 0.00 0.00 0.01 0.01 0.01 0.03 0.06 0.06 0.05 0.03 0.03 0.04 0.06 0.13 0.16 0.20 0.21 0.26 0.22 0.24 0.25 0.27 0.21 0.32 0.56 0.01 0.01 0.01 0.01 0.01 0.01 0.01 0.01 0.01 0.02 0.01 0.01 0.01 0.01 0.01 0.01 0.01 0.01 0.02 0.02 0.03 0.55 0.92 0.05 0.02 0.01 0.03 0.01 0.03 0.05 0.02 0.01 0.01 0.05 0.04 0.04 0.01 0.01 0.01 0.02 0.03 0.01 0.01 0.07 0.01 0.01 0.99 0.92 0.02 0.02 0.01 0.01 0.25 0.07 0.07 0.05
0.00 0.00 0.00 0.01 0.01 0.02 0.02 0.02 0.02 0.04 0.07 0.09 0.09 0.13 0.17 0.24 0.12 0.11 0.08 0.05 0.07 0.14 0.11 0.09 0.14 0.23 0.62 0.02 0.01 0.01 0.01 0.00 0.01 0.01 0.01 0.00 0.01 0.01 0.00 0.01 0.01 0.01 0.01 0.01 0.01 0.01 0.01 0.02 0.46 0.47 0.81 0.05 0.02 0.01 0.01 0.02 0.03 0.04 0.02 0.02 0.01 0.03 0.06 0.01 0.01 0.01 0.01 0.03 0.02 0.01 0.01 0.04 0.01 0.57 1.01 0.02 0.02 0.02 0.01 0.01 0.17 0.12 0.05 0.04
0.00 0.00 0.01 0.01 0.01 0.01 0.01 0.02 0.02 0.02 0.02 0.02 0.01 0.08 0.07 0.01 0.02 0.02 0.01 0.02 0.02 0.01 0.01 0.01 0.02 0.03 0.02 0.01 0.01 0.01 0.01 0.01 0.01 0.02 0.01 0.01 0.01 0.01 0.01 0.01 0.01 0.01 0.02 0.01 0.29 0.39 0.45 0.54 0.44 0.38 0.34 0.09 0.03 0.01 0.01 0.02 0.02 0.01 0.02 0.01 0.01 0.02 0.04 0.01 0.01 0.01 0.02 0.01 0.01 0.02 0.27 0.69 0.77 0.56 0.02 0.02 0.02 0.01 0.01 0.02 0.10 0.26 0.04 0.03
0.00 0.00 0.01 0.02 0.02 0.02 0.03 0.03 0.02 0.01 0.01 0.05 0.08 0.09 0.01 0.02 0.01 0.01 0.01 0.01 0.01 0.01 0.01 0.01 0.02 0.01 0.00 0.01 0.01 0.01 0.01 0.01 0.01 0.03 0.01 0.01 0.01 0.02 0.01 0.01 0.01 0.01 0.01 0.44 0.28 0.12 0.11 0.02 0.01 0.75 0.01 0.13 0.06 0.02 0.01 0.01 0.01 0.01 0.01 0.01 0.01 0.03 0.03 0.01 0.01 0.01 0.01 0.01 0.24 0.27 0.23 0.03 0.61 0.02 0.02 0.02 0.02 0.01 0.01 0.01 0.11 0.07 0.03 0.03
0.00 0.00 0.01 0.01 0.00 0.00 0.00 0.00 0.02 0.03 0.04 0.07 0.01 0.01 0.01 0.01 0.01 0.01 0.01 0.01 0.01 0.02 0.01 0.01 0.01 0.00 0.01 0.01 0.02 0.02 0.02 0.02 0.02 0.05 0.25 0.26 0.01 0.02 0.20 0.21 0.01 0.60 0.38 0.48 0.01 0.01 0.01 0.01 0.03 0.47 0.01 0.07 0.09 0.05 0.01 0.01 0.01 0.01 0.02 0.00 0.01 0.03 0.01 0.01 0.01 0.02 0.19 0.23 0.19 0.14 0.06 0.05 0.59 0.01 0.02 0.02 0.01 0.01 0.01 0.01 0.11 0.05 0.03 0.03
0.00 0.00 0.00 0.00 0.00 0.00 0.00 0.00 0.00 0.01 0.01 0.01 0.01 0.00 0.01 0.01 0.01 0.01 0.01 0.01 0.02 0.02 0.08 0.09 0.01 0.01 0.01 0.01 0.02 0.02 0.21 0.61 0.57 0.25 0.20 0.39 0.43 0.35 0.19 0.42 0.00 0.62 0.02 0.01 0.01 0.01 0.01 0.03 0.03 0.45 0.01 0.01 0.12 0.09 0.02 0.01 0.01 0.01 0.01 0.01 0.01 0.01 0.01 0.02 0.15 0.22 0.22 0.01 0.02 0.04 0.12 0.06 0.39 0.01 0.01 0.01 0.01 0.01 0.01 0.01 0.10 0.07 0.03 0.03
0.00 0.00 0.00 0.00 0.00 0.00 0.00 0.00 0.00 0.00 0.00 0.00 0.00 0.00 0.00 0.01 0.02 0.04 0.04 0.04 0.06 0.14 0.06 0.15 0.16 0.01 0.02 0.02 0.29 0.31 0.31 0.01 0.01 0.01 0.01 0.01 0.02 0.03 0.01 0.42 0.00 0.62 0.02 0.01 0.01 0.01 0.01 0.01 0.01 0.54 0.14 0.00 0.04 0.11 0.11 0.06 0.04 0.01 0.01 0.01 0.01 0.01 0.02 0.02 0.14 0.06 0.03 0.03 0.03 0.04 0.16 0.01 0.30 0.29 0.01 0.01 0.01 0.01 0.01 0.02 0.12 0.10 0.04 0.03
0.00 0.00 0.00 0.00 0.00 0.00 0.00 0.00 0.00 0.00 0.00 0.00 0.00 0.00 0.00 0.00 0.01 0.01 0.01 0.02 0.02 0.01 0.02 0.03 0.19 0.20 0.20 0.21 0.25 0.05 0.02 0.01 0.01 0.01 0.01 0.01 0.02 0.03 0.11 0.53 0.66 0.79 0.01 0.01 0.01 0.01 0.01 0.01 0.01 0.32 0.18 0.01 0.00 0.02 0.05 0.05 0.05 0.03 0.01 0.01 0.01 0.01 0.01 0.15 0.33 0.01 0.01 0.02 0.01 0.04 0.13 0.01 0.02 0.47 0.01 0.01 0.01 0.01 0.01 0.02 0.02 0.15 0.04 0.03
0.00 0.00 0.00 0.00 0.00 0.00 0.00 0.00 0.00 0.00 0.00 0.00 0.00 0.00 0.00 0.00 0.01 0.01 0.01 0.01 0.01 0.01 0.02 0.02 0.02 0.03 0.02 0.02 0.07 0.06 0.01 0.01 0.01 0.01 0.01 0.04 0.03 0.02 0.09 0.07 0.26 0.01 0.01 0.01 0.00 0.01 0.01 0.01 0.01 0.37 0.20 0.35 0.03 0.01 0.01 0.06 0.04 0.03 0.02 0.01 0.01 0.01 0.05 0.32 0.01 0.01 0.01 0.01 0.01 0.12 0.12 0.01 0.01 0.55 0.13 0.03 0.02 0.01 0.00 0.02 0.02 0.06 0.04 0.03
0.00 0.00 0.00 0.00 0.00 0.00 0.00 0.00 0.00 0.00 0.00 0.00 0.00 0.00 0.00 0.00 0.00 0.00 0.00 0.00 0.00 0.01 0.01 0.01 0.01 0.03 0.01 0.01 0.02 0.09 0.02 0.01 0.01 0.02 0.03 0.02 0.01 0.01 0.13 0.01 0.25 0.01 0.01 0.00 0.01 0.02 0.01 0.07 0.06 0.71 0.70 0.21 0.02 0.01 0.01 0.01 0.04 0.02 0.01 0.01 0.01 0.01 0.05 0.17 0.01 0.01 0.01 0.02 0.05 0.15 0.02 0.01 0.01 0.51 0.03 0.06 0.05 0.05 0.04 0.03 0.02 0.03 0.03 0.03
0.00 0.00 0.00 0.00 0.00 0.00 0.00 0.00 0.00 0.00 0.00 0.00 0.00 0.00 0.00 0.00 0.00 0.00 0.00 0.00 0.00 0.00 0.00 0.01 0.01 0.03 0.01 0.02 0.02 0.06 0.02 0.01 0.01 0.01 0.01 0.03 0.12 0.13 0.15 0.00 0.24 0.15 0.02 0.01 0.01 0.01 0.16 0.10 0.21 0.11 0.16 0.48 0.04 0.01 0.01 0.00 0.02 0.02 0.01 0.01 0.01 0.02 0.06 0.13 0.02 0.00 0.01 0.01 0.04 0.14 0.01 0.01 0.01 0.49 0.15 0.01 0.01 0.02 0.03 0.02 0.02 0.02 0.03 0.02
0.00 0.00 0.00 0.00 0.00 0.00 0.00 0.00 0.00 0.00 0.00 0.00 0.00 0.00 0.00 0.00 0.00 0.00 0.00 0.00 0.00 0.00 0.00 0.00 0.01 0.01 0.01 0.01 0.01 0.04 0.04 0.00 0.01 0.02 0.03 0.02 0.10 0.01 0.01 0.01 0.12 0.15 0.01 0.01 0.02 0.20 0.15 0.01 0.01 0.01 0.16 0.29 0.06 0.10 0.09 0.01 0.01 0.01 0.01 0.01 0.02 0.02 0.13 0.12 0.01 0.01 0.01 0.13 0.14 0.08 0.01 0.00 0.23 0.19 0.12 0.08 0.06 0.04 0.02 0.02 0.02 0.02 0.04 0.02
0.00 0.00 0.00 0.00 0.00 0.00 0.00 0.00 0.00 0.00 0.00 0.00 0.00 0.00 0.00 0.00 0.00 0.00 0.00 0.00 0.00 0.00 0.00 0.00 0.00 0.01 0.01 0.01 0.01 0.02 0.11 0.01 0.01 0.01 0.02 0.07 0.06 0.01 0.00 0.01 0.23 0.02 0.01 0.00 0.01 0.19 0.02 0.01 0.01 0.02 0.24 0.19 0.01 0.01 0.08 0.07 0.04 0.01 0.01 0.01 0.02 0.01 0.17 0.01 0.01 0.02 0.07 0.12 0.02 0.01 0.01 0.01 0.22 0.04 0.13 0.03 0.04 0.03 0.02 0.02 0.02 0.01 0.03 0.01
0.00 0.00 0.00 0.00 0.00 0.00 0.00 0.00 0.00 0.00 0.00 0.00 0.00 0.00 0.00 0.00 0.00 0.00 0.00 0.00 0.00 0.00 0.00 0.00 0.00 0.00 0.00 0.01 0.01 0.02 0.03 0.01 0.01 0.03 0.03 0.04 0.01 0.01 0.01 0.18 0.22 0.01 0.00 0.01 0.16 0.18 0.01 0.01 0.01 0.01 0.15 0.34 0.01 0.01 0.01 0.02 0.09 0.01 0.01 0.01 0.03 0.11 0.16 0.01 0.01 0.01 0.10 0.02 0.02 0.01 0.01 0.13 0.20 0.06 0.09 0.04 0.03 0.03 0.03 0.02 0.02 0.01 0.01 0.01
0.00 0.00 0.00 0.00 0.00 0.00 0.00 0.00 0.00 0.00 0.00 0.00 0.00 0.00 0.00 0.00 0.00 0.00 0.00 0.00 0.00 0.00 0.00 0.00 0.00 0.00 0.00 0.01 0.01 0.02 0.02 0.01 0.01 0.01 0.01 0.02 0.01 0.01 0.16 0.18 0.01 0.01 0.00 0.01 0.15 0.02 0.01 0.01 0.01 0.01 0.20 0.24 0.04 0.02 0.01 0.02 0.01 0.01 0.01 0.01 0.05 0.05 0.06 0.01 0.01 0.04 0.06 0.01 0.01 0.01 0.11 0.08 0.11 0.10 0.04 0.03 0.03 0.03 0.02 0.02 0.02 0.02 0.01 0.01
0.00 0.00 0.00 0.00 0.00 0.00 0.00 0.00 0.00 0.00 0.00 0.00 0.00 0.00 0.00 0.00 0.00 0.00 0.00 0.00 0.00 0.00 0.00 0.00 0.00 0.00 0.00 0.00 0.01 0.02 0.01 0.01 0.01 0.01 0.01 0.01 0.03 0.18 0.16 0.01 0.01 0.00 0.01 0.07 0.12 0.02 0.01 0.01 0.01 0.01 0.28 0.14 0.04 0.01 0.01 0.01 0.01 0.01 0.01 0.02 0.05 0.05 0.04 0.01 0.01 0.02 0.01 0.01 0.00 0.04 0.10 0.03 0.01 0.24 0.02 0.03 0.03 0.03 0.02 0.02 0.02 0.02 0.01 0.01
0.00 0.00 0.00 0.00 0.00 0.00 0.00 0.00 0.00 0.00 0.00 0.00 0.00 0.00 0.00 0.00 0.00 0.00 0.00 0.00 0.00 0.00 0.00 0.00 0.00 0.00 0.00 0.00 0.00 0.01 0.01 0.01 0.01 0.07 0.10 0.14 0.05 0.16 0.02 0.01 0.01 0.01 0.09 0.06 0.09 0.01 0.01 0.00 0.01 0.01 0.18 0.17 0.07 0.02 0.01 0.01 0.01 0.01 0.01 0.01 0.07 0.02 0.02 0.02 0.01 0.01 0.00 0.00 0.01 0.06 0.04 0.04 0.01 0.14 0.10 0.03 0.03 0.03 0.02 0.02 0.01 0.01 0.01 0.01
0.00 0.00 0.00 0.00 0.00 0.00 0.00 0.00 0.00 0.00 0.00 0.00 0.00 0.00 0.00 0.00 0.00 0.00 0.00 0.00 0.00 0.00 0.00 0.00 0.00 0.00 0.00 0.00 0.00 0.01 0.01 0.02 0.04 0.17 0.01 0.01 0.08 0.09 0.01 0.01 0.01 0.04 0.10 0.01 0.04 0.01 0.01 0.01 0.01 0.03 0.28 0.07 0.07 0.18 0.08 0.02 0.01 0.01 0.01 0.00 0.15 0.00 0.01 0.01 0.01 0.00 0.00 0.01 0.05 0.09 0.01 0.02 0.01 0.12 0.05 0.03 0.03 0.02 0.02 0.02 0.01 0.01 0.01 0.01
0.00 0.00 0.00 0.00 0.00 0.00 0.00 0.00 0.00 0.00 0.00 0.00 0.00 0.00 0.00 0.00 0.00 0.00 0.00 0.00 0.00 0.00 0.00 0.00 0.00 0.00 0.00 0.00 0.00 0.01 0.02 0.02 0.04 0.04 0.01 0.01 0.03 0.02 0.01 0.01 0.02 0.04 0.04 0.01 0.03 0.01 0.00 0.01 0.03 0.08 0.23 0.03 0.01 0.06 0.07 0.12 0.08 0.01 0.01 0.01 0.15 0.00 0.01 0.01 0.01 0.01 0.02 0.07 0.05 0.04 0.01 0.01 0.02 0.09 0.05 0.03 0.03 0.02 0.02 0.01 0.01 0.01 0.01 0.01
0.00 0.00 0.00 0.00 0.00 0.00 0.00 0.00 0.00 0.00 0.00 0.00 0.00 0.00 0.00 0.00 0.00 0.00 0.00 0.00 0.00 0.00 0.00 0.00 0.00 0.00 0.00 0.00 0.00 0.01 0.01 0.01 0.03 0.02 0.01 0.01 0.01 0.01 0.01 0.01 0.01 0.02 0.03 0.01 0.02 0.01 0.01 0.04 0.04 0.04 0.21 0.03 0.02 0.02 0.02 0.01 0.06 0.06 0.06 0.01 0.14 0.01 0.00 0.01 0.01 0.01 0.02 0.03 0.01 0.01 0.01 0.01 0.02 0.07 0.05 0.03 0.03 0.02 0.02 0.01 0.01 0.01 0.01 0.01
0.00 0.00 0.00 0.00 0.00 0.00 0.00 0.00 0.00 0.00 0.00 0.00 0.00 0.00 0.00 0.00 0.00 0.00 0.00 0.00 0.00 0.00 0.00 0.00 0.00 0.00 0.00 0.00 0.00 0.00 0.01 0.01 0.02 0.02 0.01 0.01 0.01 0.01 0.01 0.01 0.01 0.02 0.02 0.01 0.01 0.01 0.09 0.06 0.04 0.06 0.17 0.04 0.02 0.02 0.02 0.01 0.01 0.02 0.05 0.01 0.13 0.01 0.00 0.00 0.01 0.01 0.01 0.01 0.01 0.01 0.00 0.01 0.01 0.05 0.03 0.03 0.03 0.02 0.02 0.01 0.01 0.01 0.01 0.00
0.00 0.00 0.00 0.00 0.00 0.00 0.00 0.00 0.00 0.00 0.00 0.00 0.00 0.00 0.00 0.00 0.00 0.00 0.00 0.00 0.00 0.00 0.00 0.00 0.00 0.00 0.00 0.00 0.00 0.00 0.00 0.01 0.01 0.01 0.00 0.00 0.00 0.00 0.00 0.01 0.01 0.01 0.01 0.01 0.01 0.01 0.08 0.01 0.01 0.04 0.14 0.04 0.02 0.02 0.01 0.01 0.01 0.01 0.02 0.01 0.12 0.01 0.01 0.00 0.00 0.00 0.00 0.00 0.00 0.00 0.00 0.01 0.02 0.03 0.03 0.03 0.03 0.02 0.01 0.01 0.01 0.01 0.00 0.00
0.00 0.00 0.00 0.00 0.00 0.00 0.00 0.00 0.00 0.00 0.00 0.00 0.00 0.00 0.00 0.00 0.00 0.00 0.00 0.00 0.00 0.00 0.00 0.00 0.00 0.00 0.00 0.00 0.00 0.00 0.00 0.00 0.00 0.00 0.00 0.00 0.00 0.00 0.00 0.00 0.00 0.00 0.01 0.01 0.02 0.05 0.06 0.01 0.01 0.04 0.14 0.06 0.03 0.02 0.01 0.01 0.01 0.00 0.01 0.01 0.11 0.10 0.06 0.00 0.00 0.00 0.00 0.00 0.00 0.00 0.00 0.00 0.01 0.02 0.02 0.02 0.03 0.02 0.02 0.02 0.01 0.00 0.00 0.00
0.00 0.00 0.00 0.00 0.00 0.00 0.00 0.00 0.00 0.00 0.00 0.00 0.00 0.00 0.00 0.00 0.00 0.00 0.00 0.00 0.00 0.00 0.00 0.00 0.00 0.00 0.00 0.00 0.00 0.00 0.00 0.00 0.00 0.00 0.00 0.00 0.00 0.00 0.00 0.00 0.00 0.00 0.01 0.02 0.02 0.03 0.01 0.01 0.01 0.04 0.12 0.06 0.03 0.02 0.02 0.01 0.01 0.00 0.01 0.01 0.01 0.04 0.05 0.00 0.00 0.00 0.00 0.00 0.00 0.00 0.00 0.00 0.01 0.01 0.01 0.01 0.03 0.02 0.02 0.00 0.00 0.00 0.00 0.00
0.00 0.00 0.00 0.00 0.00 0.00 0.00 0.00 0.00 0.00 0.00 0.00 0.00 0.00 0.00 0.00 0.00 0.00 0.00 0.00 0.00 0.00 0.00 0.00 0.00 0.00 0.00 0.00 0.00 0.00 0.00 0.00 0.00 0.00 0.00 0.00 0.00 0.00 0.00 0.00 0.00 0.00 0.00 0.00 0.01 0.01 0.01 0.01 0.02 0.05 0.08 0.06 0.02 0.02 0.01 0.01 0.01 0.00 0.01 0.01 0.02 0.06 0.00 0.00 0.00 0.00 0.00 0.00 0.00 0.00 0.00 0.00 0.00 0.00 0.00 0.00 0.00 0.00 0.00 0.00 0.00 0.00 0.00 0.00
