NEW_versions/Iao/Scripts/Results/Iao_50m/MaxFloodMaps/Iao_50m_0.7.asc
NCOLS 111
NROWS 84
XLLCENTER 750508.350000
YLLCENTER 2308429.860000
CELLSIZE 50.000000
NODATA_value -99999.000000
[rows 0 to 37 of 84, columns 0 to 83 of 111]
0.00 0.00 0.00 0.00 0.00 0.00 0.00 0.00 0.00 0.00 0.00 0.00 0.00 0.00 0.00 0.00 0.00 0.00 0.00 0.00 0.00 0.00 0.00 0.00 0.00 0.00 0.00 0.00 0.00 0.00 0.00 0.00 0.00 0.00 0.00 0.00 0.00 0.00 0.00 0.00 0.00 0.00 0.00 0.00 0.00 0.00 0.00 0.00 0.00 0.00 0.00 0.00 0.00 0.00 0.00 0.00 0.00 0.00 0.00 0.00 0.00 0.00 0.00 0.00 0.00 0.00 0.00 0.00 0.00 0.00 0.00 0.00 0.00 0.00 0.00 0.00 0.00 0.00 0.00 0.00 0.00 0.00 0.00 0.00
0.00 0.00 0.00 0.00 0.00 0.00 0.00 0.00 0.00 0.00 0.00 0.00 0.00 0.00 0.00 0.00 0.00 0.00 0.00 0.00 0.00 0.00 0.00 0.00 0.00 0.00 0.00 0.00 0.00 0.00 0.00 0.00 0.00 0.00 0.00 0.00 0.00 0.00 0.00 0.00 0.00 0.00 0.00 0.00 0.00 0.00 0.00 0.00 0.00 0.00 0.00 0.00 0.00 0.01 0.00 0.00 0.01 0.00 0.01 0.00 0.01 0.00 0.00 0.00 0.00 0.00 0.00 0.00 0.00 0.00 0.00 0.00 0.00 0.00 0.00 0.00 0.00 0.00 0.00 0.00 0.00 0.00 0.00 0.00
0.00 0.00 0.00 0.00 0.00 0.00 0.00 0.00 0.00 0.00 0.00 0.00 0.00 0.00 0.00 0.00 0.00 0.00 0.00 0.00 0.00 0.00 0.00 0.00 0.00 0.00 0.00 0.00 0.00 0.00 0.00 0.00 0.00 0.00 0.00 0.00 0.00 0.00 0.00 0.00 0.00 0.00 0.00 0.00 0.00 0.00 0.00 0.00 0.00 0.01 0.01 0.01 0.01 0.01 0.00 0.01 0.01 0.01 0.01 0.01 0.01 0.01 0.00 0.00 0.00 0.00 0.00 0.00 0.01 0.01 0.00 0.00 0.00 0.00 0.00 0.00 0.00 0.00 0.00 0.00 0.00 0.00 0.00 0.00
0.00 0.00 0.00 0.00 0.00 0.00 0.00 0.00 0.00 0.00 0.00 0.00 0.00 0.00 0.00 0.00 0.00 0.00 0.00 0.00 0.00 0.00 0.00 0.00 0.00 0.00 0.00 0.00 0.00 0.00 0.00 0.00 0.00 0.00 0.00 0.00 0.00 0.00 0.00 0.00 0.00 0.00 0.00 0.00 0.00 0.00 0.00 0.01 0.01 0.01 0.01 0.01 0.01 0.01 0.01 0.01 0.01 0.01 0.01 0.01 0.01 0.01 0.00 0.00 0.00 0.00 0.00 0.01 0.01 0.01 0.00 0.01 0.01 0.00 0.00 0.00 0.00 0.00 0.00 0.00 0.00 0.00 0.00 0.00
0.00 0.00 0.00 0.00 0.00 0.00 0.00 0.00 0.00 0.00 0.00 0.00 0.00 0.00 0.00 0.00 0.00 0.00 0.00 0.00 0.00 0.00 0.00 0.00 0.00 0.00 0.00 0.00 0.00 0.00 0.00 0.00 0.00 0.00 0.00 0.00 0.00 0.00 0.00 0.00 0.00 0.00 0.00 0.00 0.00 0.00 0.00 0.01 0.01 0.01 0.01 0.01 0.01 0.02 0.01 0.01 0.01 0.01 0.02 0.01 0.01 0.01 0.01 0.00 0.00 0.01 0.01 0.01 0.02 0.01 0.01 0.01 0.01 0.01 0.01 0.00 0.00 0.00 0.00 0.00 0.00 0.00 0.00 0.00
0.00 0.00 0.00 0.00 0.00 0.00 0.00 0.00 0.00 0.00 0.00 0.00 0.00 0.00 0.00 0.00 0.00 0.00 0.00 0.00 0.00 0.00 0.00 0.00 0.00 0.00 0.00 0.00 0.00 0.00 0.00 0.00 0.00 0.00 0.00 0.00 0.00 0.00 0.00 0.00 0.00 0.00 0.00 0.00 0.00 0.00 0.01 0.01 0.01 0.01 0.01 0.01 0.02 0.01 0.01 0.01 0.01 0.01 0.02 0.01 0.01 0.01 0.01 0.01 0.01 0.01 0.01 0.02 0.02 0.01 0.01 0.01 0.01 0.01 0.01 0.01 0.00 0.00 0.00 0.00 0.00 0.00 0.00 0.01
0.00 0.00 0.00 0.00 0.00 0.00 0.00 0.00 0.00 0.00 0.00 0.00 0.00 0.00 0.00 0.00 0.00 0.00 0.00 0.00 0.00 0.00 0.00 0.00 0.00 0.00 0.00 0.00 0.00 0.00 0.00 0.00 0.00 0.00 0.00 0.00 0.00 0.00 0.00 0.00 0.00 0.00 0.00 0.00 0.00 0.01 0.01 0.01 0.01 0.01 0.01 0.01 0.02 0.02 0.01 0.01 0.01 0.02 0.02 0.02 0.01 0.01 0.01 0.01 0.01 0.01 0.01 0.03 0.02 0.01 0.01 0.01 0.01 0.01 0.01 0.01 0.00 0.01 0.00 0.00 0.00 0.00 0.01 0.01
0.00 0.00 0.00 0.00 0.00 0.00 0.00 0.00 0.00 0.00 0.00 0.00 0.00 0.00 0.00 0.00 0.00 0.00 0.00 0.00 0.00 0.00 0.00 0.00 0.00 0.00 0.00 0.00 0.00 0.00 0.00 0.00 0.00 0.00 0.00 0.00 0.00 0.00 0.00 0.00 0.00 0.00 0.01 0.01 0.01 0.01 0.01 0.01 0.01 0.01 0.01 0.01 0.02 0.02 0.02 0.02 0.02 0.02 0.02 0.02 0.02 0.01 0.01 0.01 0.01 0.00 0.01 0.04 0.02 0.01 0.01 0.01 0.01 0.02 0.02 0.01 0.01 0.01 0.01 0.01 0.00 0.01 0.00 0.01
0.00 0.00 0.00 0.00 0.00 0.00 0.00 0.00 0.00 0.00 0.00 0.00 0.00 0.00 0.00 0.00 0.00 0.00 0.00 0.00 0.00 0.00 0.00 0.00 0.00 0.00 0.00 0.00 0.00 0.00 0.00 0.00 0.00 0.00 0.00 0.00 0.00 0.00 0.00 0.00 0.01 0.01 0.01 0.01 0.01 0.01 0.02 0.01 0.01 0.01 0.01 0.01 0.02 0.02 0.02 0.02 0.02 0.02 0.02 0.02 0.02 0.01 0.01 0.01 0.01 0.00 0.01 0.03 0.01 0.01 0.01 0.01 0.01 0.02 0.03 0.01 0.01 0.01 0.01 0.01 0.01 0.01 0.01 0.01
0.00 0.00 0.00 0.00 0.00 0.00 0.00 0.00 0.00 0.00 0.00 0.00 0.00 0.00 0.00 0.00 0.00 0.00 0.00 0.00 0.00 0.00 0.00 0.00 0.00 0.00 0.00 0.00 0.00 0.00 0.00 0.00 0.00 0.00 0.01 0.01 0.00 0.01 0.01 0.01 0.01 0.01 0.01 0.01 0.01 0.01 0.01 0.01 0.01 0.01 0.01 0.02 0.02 0.02 0.02 0.02 0.02 0.02 0.03 0.03 0.02 0.01 0.01 0.01 0.01 0.01 0.01 0.09 0.01 0.01 0.01 0.01 0.02 0.02 0.02 0.02 0.01 0.01 0.01 0.00 0.01 0.01 0.01 0.01
0.00 0.00 0.00 0.00 0.00 0.00 0.00 0.00 0.00 0.00 0.00 0.00 0.00 0.00 0.00 0.00 0.00 0.00 0.00 0.00 0.00 0.00 0.00 0.00 0.00 0.00 0.00 0.00 0.00 0.00 0.00 0.01 0.01 0.01 0.01 0.01 0.00 0.01 0.00 0.01 0.01 0.01 0.01 0.01 0.01 0.01 0.02 0.01 0.01 0.01 0.02 0.04 0.06 0.02 0.02 0.02 0.02 0.02 0.03 0.03 0.02 0.02 0.01 0.01 0.01 0.01 0.01 0.06 0.03 0.01 0.01 0.01 0.02 0.02 0.02 0.02 0.02 0.01 0.01 0.00 0.01 0.02 0.02 0.01
0.00 0.00 0.00 0.00 0.00 0.00 0.00 0.00 0.00 0.00 0.00 0.00 0.00 0.00 0.00 0.00 0.00 0.00 0.00 0.00 0.00 0.00 0.00 0.00 0.00 0.00 0.00 0.00 0.00 0.00 0.01 0.01 0.01 0.01 0.01 0.01 0.01 0.01 0.01 0.00 0.01 0.01 0.01 0.02 0.02 0.02 0.02 0.01 0.01 0.02 0.02 0.02 0.06 0.09 0.06 0.05 0.04 0.04 0.03 0.05 0.04 0.02 0.02 0.01 0.01 0.01 0.01 0.02 0.04 0.03 0.03 0.01 0.02 0.03 0.03 0.02 0.02 0.01 0.01 0.01 0.01 0.03 0.02 0.01
0.00 0.00 0.00 0.00 0.00 0.00 0.00 0.00 0.00 0.00 0.00 0.00 0.00 0.00 0.00 0.00 0.00 0.00 0.00 0.00 0.00 0.00 0.00 0.00 0.00 0.01 0.01 0.01 0.01 0.00 0.01 0.01 0.01 0.01 0.01 0.01 0.02 0.01 0.01 0.00 0.01 0.01 0.01 0.01 0.02 0.02 0.02 0.02 0.02 0.03 0.06 0.01 0.01 0.01 0.03 0.13 0.05 0.03 0.07 0.06 0.09 0.03 0.03 0.04 0.01 0.01 0.01 0.02 0.02 0.04 0.07 0.06 0.04 0.05 0.03 0.02 0.02 0.02 0.01 0.01 0.01 0.02 0.02 0.01
0.00 0.00 0.00 0.00 0.00 0.00 0.00 0.00 0.00 0.00 0.00 0.00 0.00 0.00 0.01 0.01 0.01 0.00 0.01 0.01 0.01 0.01 0.01 0.01 0.01 0.01 0.01 0.02 0.01 0.00 0.01 0.01 0.01 0.01 0.01 0.01 0.03 0.02 0.01 0.01 0.01 0.01 0.01 0.01 0.02 0.02 0.02 0.03 0.02 0.02 0.03 0.03 0.03 0.00 0.01 0.13 0.15 0.00 0.03 0.10 0.10 0.02 0.00 0.07 0.04 0.01 0.00 0.02 0.02 0.01 0.03 0.04 0.05 0.18 0.19 0.02 0.03 0.02 0.02 0.01 0.01 0.02 0.02 0.01
0.00 0.00 0.00 0.00 0.00 0.00 0.00 0.00 0.00 0.00 0.00 0.01 0.01 0.01 0.01 0.01 0.01 0.01 0.01 0.01 0.01 0.01 0.01 0.01 0.01 0.01 0.01 0.01 0.01 0.01 0.01 0.01 0.01 0.01 0.01 0.02 0.03 0.02 0.01 0.00 0.01 0.01 0.01 0.01 0.02 0.02 0.03 0.04 0.05 0.04 0.04 0.03 0.06 0.00 0.01 0.01 0.15 0.00 0.00 0.05 0.16 0.01 0.00 0.00 0.07 0.01 0.01 0.03 0.02 0.02 0.01 0.03 0.01 0.01 0.19 0.16 0.17 0.02 0.02 0.04 0.02 0.02 0.02 0.01
0.00 0.00 0.00 0.00 0.00 0.00 0.00 0.00 0.00 0.00 0.00 0.01 0.01 0.01 0.01 0.01 0.01 0.01 0.01 0.02 0.01 0.01 0.01 0.01 0.01 0.01 0.01 0.01 0.01 0.01 0.01 0.01 0.01 0.01 0.01 0.02 0.03 0.02 0.01 0.01 0.01 0.01 0.01 0.01 0.01 0.02 0.02 0.03 0.05 0.06 0.09 0.10 0.17 0.07 0.05 0.17 0.15 0.01 0.01 0.03 0.22 0.01 0.00 0.01 0.04 0.07 0.00 0.06 0.02 0.02 0.01 0.03 0.02 0.00 0.00 0.01 0.20 0.02 0.04 0.04 0.02 0.02 0.02 0.01
0.00 0.00 0.00 0.00 0.00 0.00 0.00 0.01 0.01 0.00 0.01 0.01 0.01 0.01 0.01 0.02 0.01 0.01 0.01 0.01 0.01 0.01 0.01 0.01 0.01 0.01 0.01 0.01 0.01 0.01 0.01 0.01 0.01 0.01 0.02 0.03 0.03 0.02 0.01 0.01 0.00 0.01 0.01 0.01 0.01 0.01 0.01 0.01 0.01 0.01 0.01 0.01 0.01 0.09 0.07 0.08 0.15 0.03 0.01 0.03 0.11 0.12 0.11 0.01 0.06 0.03 0.00 0.03 0.05 0.02 0.01 0.03 0.04 0.01 0.01 0.00 0.36 0.05 0.03 0.03 0.02 0.02 0.02 0.01
0.00 0.00 0.00 0.00 0.00 0.00 0.01 0.01 0.01 0.01 0.01 0.01 0.01 0.01 0.01 0.02 0.02 0.01 0.02 0.01 0.01 0.01 0.01 0.02 0.01 0.01 0.01 0.01 0.01 0.01 0.01 0.02 0.02 0.02 0.02 0.03 0.02 0.02 0.01 0.01 0.00 0.01 0.01 0.01 0.01 0.01 0.01 0.01 0.01 0.01 0.01 0.01 0.01 0.01 0.05 0.10 0.26 0.30 0.01 0.00 0.05 0.14 0.43 0.10 0.11 0.08 0.01 0.02 0.07 0.01 0.03 0.02 0.06 0.01 0.01 0.01 0.37 0.04 0.00 0.04 0.03 0.02 0.01 0.01
0.00 0.00 0.00 0.00 0.00 0.01 0.01 0.01 0.01 0.01 0.01 0.01 0.01 0.01 0.01 0.02 0.02 0.02 0.03 0.01 0.01 0.01 0.01 0.02 0.01 0.01 0.01 0.01 0.01 0.01 0.01 0.02 0.04 0.02 0.03 0.03 0.02 0.01 0.01 0.01 0.01 0.01 0.01 0.01 0.01 0.01 0.01 0.01 0.01 0.01 0.01 0.01 0.01 0.01 0.01 0.01 0.02 0.27 0.28 0.01 0.02 0.02 0.04 0.31 0.09 0.12 0.10 0.02 0.06 0.01 0.03 0.03 0.05 0.05 0.01 0.01 0.18 0.01 0.00 0.05 0.02 0.03 0.01 0.01
0.00 0.00 0.00 0.00 0.01 0.01 0.01 0.01 0.02 0.01 0.01 0.01 0.01 0.01 0.01 0.02 0.02 0.03 0.05 0.01 0.01 0.01 0.01 0.02 0.02 0.01 0.01 0.01 0.01 0.01 0.01 0.02 0.08 0.03 0.03 0.02 0.02 0.02 0.01 0.01 0.01 0.01 0.01 0.01 0.01 0.01 0.02 0.02 0.01 0.01 0.01 0.01 0.01 0.01 0.01 0.01 0.01 0.02 0.33 0.33 0.02 0.00 0.03 0.02 0.11 0.09 0.15 0.12 0.08 0.01 0.02 0.03 0.07 0.07 0.03 0.02 0.30 0.00 0.00 0.04 0.10 0.08 0.04 0.01
0.00 0.00 0.00 0.01 0.01 0.01 0.01 0.02 0.01 0.01 0.01 0.01 0.01 0.02 0.02 0.02 0.02 0.04 0.05 0.02 0.01 0.01 0.01 0.02 0.02 0.02 0.01 0.01 0.01 0.02 0.02 0.02 0.06 0.12 0.03 0.02 0.02 0.04 0.01 0.01 0.01 0.02 0.02 0.01 0.01 0.02 0.03 0.05 0.01 0.01 0.01 0.01 0.01 0.01 0.01 0.01 0.01 0.01 0.01 0.32 0.27 0.01 0.00 0.01 0.06 0.13 0.16 0.21 0.32 0.28 0.01 0.02 0.12 0.07 0.03 0.07 0.32 0.01 0.00 0.07 0.08 0.02 0.02 0.03
0.00 0.00 0.01 0.02 0.01 0.01 0.01 0.01 0.02 0.02 0.01 0.01 0.01 0.01 0.02 0.03 0.03 0.03 0.04 0.04 0.01 0.01 0.01 0.02 0.02 0.02 0.01 0.01 0.01 0.02 0.02 0.02 0.03 0.10 0.07 0.01 0.03 0.03 0.01 0.01 0.01 0.03 0.02 0.01 0.01 0.01 0.02 0.07 0.06 0.02 0.01 0.01 0.01 0.02 0.03 0.04 0.01 0.01 0.01 0.01 0.32 0.42 0.01 0.01 0.01 0.01 0.01 0.01 0.01 0.23 0.37 0.01 0.00 0.05 0.03 0.01 0.33 0.25 0.26 0.09 0.04 0.01 0.02 0.01
0.00 0.00 0.00 0.01 0.01 0.01 0.01 0.01 0.02 0.02 0.02 0.01 0.01 0.01 0.01 0.00 0.03 0.04 0.04 0.07 0.01 0.01 0.01 0.02 0.03 0.03 0.01 0.01 0.02 0.02 0.02 0.02 0.02 0.03 0.10 0.06 0.04 0.02 0.01 0.01 0.01 0.05 0.02 0.01 0.00 0.01 0.01 0.01 0.04 0.04 0.03 0.02 0.02 0.02 0.01 0.04 0.06 0.01 0.00 0.01 0.01 0.40 0.31 0.01 0.01 0.01 0.02 0.02 0.01 0.01 0.27 0.29 0.02 0.03 0.03 0.05 0.01 0.01 0.29 0.33 0.03 0.02 0.02 0.02
0.00 0.00 0.00 0.01 0.01 0.01 0.01 0.01 0.01 0.02 0.02 0.01 0.01 0.01 0.01 0.00 0.01 0.03 0.04 0.12 0.06 0.01 0.01 0.03 0.03 0.03 0.01 0.02 0.04 0.04 0.03 0.03 0.03 0.03 0.14 0.03 0.02 0.01 0.01 0.01 0.01 0.03 0.05 0.01 0.01 0.00 0.01 0.01 0.03 0.04 0.10 0.10 0.02 0.01 0.01 0.01 0.06 0.15 0.01 0.00 0.01 0.01 0.44 0.33 0.01 0.00 0.01 0.02 0.04 0.01 0.01 0.38 0.27 0.02 0.02 0.02 0.04 0.00 0.00 0.28 0.04 0.02 0.02 0.02
0.00 0.00 0.00 0.01 0.01 0.02 0.02 0.03 0.02 0.02 0.01 0.01 0.02 0.01 0.01 0.01 0.01 0.01 0.02 0.08 0.28 0.07 0.07 0.07 0.03 0.02 0.01 0.00 0.01 0.01 0.03 0.06 0.11 0.07 0.21 0.03 0.02 0.01 0.01 0.01 0.01 0.03 0.06 0.01 0.00 0.00 0.00 0.00 0.01 0.01 0.01 0.09 0.13 0.01 0.01 0.01 0.01 0.06 0.09 0.09 0.00 0.01 0.01 0.42 0.37 0.01 0.01 0.02 0.01 0.01 0.01 0.01 0.33 0.02 0.01 0.01 0.05 0.05 0.03 0.27 0.07 0.02 0.03 0.02
0.00 0.00 0.01 0.01 0.01 0.01 0.02 0.03 0.03 0.02 0.01 0.02 0.02 0.01 0.02 0.01 0.01 0.00 0.00 0.01 0.01 0.07 0.16 0.21 0.02 0.01 0.01 0.01 0.01 0.01 0.01 0.01 0.01 0.03 0.25 0.22 0.02 0.01 0.01 0.01 0.01 0.03 0.11 0.01 0.01 0.00 0.01 0.01 0.01 0.01 0.01 0.01 0.13 0.01 0.01 0.01 0.02 0.01 0.01 0.14 0.01 0.00 0.01 0.01 0.40 0.52 0.29 0.23 0.19 0.16 0.01 0.01 0.19 0.23 0.01 0.01 0.00 0.01 0.01 0.51 0.01 0.02 0.02 0.02
0.00 0.01 0.01 0.02 0.02 0.02 0.02 0.03 0.04 0.03 0.02 0.02 0.02 0.02 0.05 0.01 0.01 0.01 0.00 0.00 0.01 0.01 0.01 0.21 0.22 0.01 0.01 0.01 0.00 0.01 0.01 0.01 0.01 0.02 0.01 0.44 0.22 0.01 0.01 0.01 0.01 0.10 0.08 0.01 0.01 0.01 0.01 0.02 0.02 0.02 0.01 0.01 0.19 0.02 0.01 0.01 0.02 0.02 0.01 0.08 0.16 0.01 0.01 0.00 0.01 0.02 0.15 0.33 0.32 0.29 0.32 0.32 0.36 0.52 0.72 0.72 0.01 0.01 0.01 0.45 0.52 0.02 0.02 0.02
0.01 0.01 0.01 0.01 0.01 0.02 0.03 0.03 0.05 0.07 0.09 0.07 0.08 0.01 0.03 0.04 0.01 0.01 0.01 0.01 0.00 0.01 0.01 0.01 0.24 0.02 0.01 0.01 0.00 0.01 0.02 0.02 0.02 0.02 0.02 0.02 0.34 0.01 0.01 0.01 0.06 0.08 0.01 0.01 0.01 0.02 0.01 0.01 0.01 0.02 0.04 0.03 0.09 0.09 0.01 0.01 0.01 0.02 0.02 0.01 0.11 0.18 0.01 0.01 0.01 0.01 0.01 0.02 0.01 0.01 0.01 0.01 0.01 0.02 0.01 0.71 0.51 0.01 0.01 0.01 0.44 0.02 0.02 0.01
0.00 0.01 0.01 0.01 0.01 0.01 0.04 0.06 0.05 0.03 0.02 0.07 0.19 0.19 0.21 0.02 0.02 0.01 0.01 0.01 0.01 0.00 0.01 0.01 0.24 0.23 0.01 0.01 0.00 0.01 0.01 0.02 0.03 0.04 0.04 0.02 0.25 0.27 0.01 0.01 0.14 0.03 0.01 0.01 0.02 0.02 0.01 0.01 0.01 0.01 0.01 0.02 0.07 0.11 0.07 0.01 0.01 0.01 0.02 0.02 0.01 0.07 0.08 0.01 0.01 0.00 0.01 0.00 0.01 0.01 0.01 0.01 0.01 0.02 0.02 0.02 0.52 0.62 0.62 0.00 0.44 0.45 0.01 0.01
0.00 0.00 0.01 0.01 0.01 0.01 0.01 0.02 0.02 0.01 0.01 0.01 0.01 0.01 0.16 0.24 0.29 0.02 0.01 0.01 0.01 0.01 0.00 0.01 0.01 0.24 0.01 0.01 0.00 0.01 0.01 0.01 0.01 0.01 0.03 0.03 0.01 0.34 0.01 0.01 0.09 0.03 0.01 0.01 0.03 0.02 0.01 0.01 0.01 0.01 0.01 0.02 0.03 0.18 0.08 0.07 0.01 0.01 0.01 0.02 0.01 0.05 0.20 0.01 0.02 0.01 0.02 0.01 0.00 0.01 0.02 0.03 0.02 0.01 0.02 0.02 0.02 0.01 0.63 0.61 0.00 0.57 0.02 0.01
0.00 0.00 0.00 0.01 0.01 0.01 0.01 0.01 0.01 0.02 0.01 0.01 0.01 0.02 0.01 0.02 0.23 0.27 0.27 0.01 0.01 0.01 0.01 0.01 0.01 0.32 0.02 0.01 0.00 0.01 0.01 0.01 0.01 0.01 0.02 0.03 0.03 0.28 0.01 0.01 0.10 0.02 0.01 0.01 0.04 0.02 0.01 0.01 0.01 0.00 0.01 0.02 0.04 0.06 0.16 0.06 0.01 0.01 0.01 0.02 0.02 0.09 0.06 0.01 0.04 0.04 0.03 0.01 0.01 0.00 0.00 0.01 0.03 0.06 0.03 0.03 0.02 0.01 0.01 0.53 0.78 0.50 0.55 0.01
0.00 0.00 0.00 0.00 0.01 0.01 0.01 0.01 0.01 0.01 0.02 0.02 0.02 0.02 0.01 0.02 0.02 0.02 0.28 0.56 0.29 0.01 0.01 0.01 0.01 0.19 0.09 0.01 0.00 0.01 0.02 0.01 0.01 0.02 0.01 0.01 0.02 0.36 0.29 0.01 0.09 0.02 0.02 0.01 0.04 0.01 0.03 0.01 0.01 0.01 0.00 0.00 0.01 0.03 0.13 0.15 0.02 0.01 0.02 0.03 0.03 0.06 0.11 0.01 0.08 0.03 0.01 0.01 0.02 0.02 0.02 0.00 0.00 0.01 0.01 0.01 0.01 0.01 0.01 0.01 0.01 0.50 0.81 0.81
0.00 0.00 0.00 0.00 0.00 0.01 0.00 0.01 0.01 0.01 0.01 0.01 0.02 0.02 0.04 0.03 0.02 0.02 0.01 0.01 0.24 0.71 0.40 0.01 0.01 0.19 0.19 0.01 0.01 0.01 0.06 0.02 0.02 0.03 0.02 0.02 0.02 0.01 0.28 0.40 0.45 0.01 0.02 0.01 0.04 0.01 0.03 0.01 0.01 0.02 0.01 0.01 0.01 0.04 0.07 0.26 0.01 0.01 0.01 0.02 0.04 0.07 0.17 0.03 0.05 0.01 0.01 0.01 0.01 0.02 0.05 0.05 0.01 0.01 0.00 0.01 0.01 0.02 0.01 0.01 0.01 0.02 0.03 0.75
0.00 0.00 0.00 0.00 0.00 0.01 0.01 0.00 0.01 0.01 0.01 0.01 0.02 0.02 0.02 0.01 0.01 0.01 0.01 0.01 0.01 0.01 0.22 0.33 0.31 0.05 0.15 0.16 0.13 0.01 0.00 0.03 0.01 0.02 0.02 0.02 0.01 0.01 0.01 0.01 0.25 0.34 0.01 0.01 0.04 0.01 0.02 0.03 0.01 0.03 0.01 0.02 0.01 0.00 0.01 0.36 0.17 0.01 0.02 0.01 0.01 0.14 0.10 0.03 0.08 0.01 0.01 0.01 0.01 0.01 0.01 0.03 0.03 0.04 0.02 0.02 0.05 0.02 0.01 0.01 0.01 0.02 0.03 0.02
0.00 0.00 0.00 0.00 0.00 0.01 0.02 0.01 0.01 0.02 0.03 0.03 0.03 0.00 0.00 0.00 0.00 0.00 0.01 0.01 0.01 0.01 0.01 0.01 0.38 0.42 0.48 0.00 0.13 0.01 0.01 0.03 0.02 0.01 0.02 0.03 0.01 0.01 0.01 0.01 0.14 0.42 0.01 0.02 0.07 0.01 0.02 0.03 0.01 0.03 0.05 0.01 0.01 0.01 0.01 0.01 0.23 0.23 0.22 0.01 0.01 0.14 0.14 0.03 0.02 0.07 0.04 0.01 0.01 0.01 0.01 0.02 0.03 0.04 0.05 0.03 0.03 0.03 0.01 0.01 0.02 0.04 0.02 0.01
0.00 0.00 0.00 0.00 0.01 0.01 0.01 0.04 0.04 0.02 0.02 0.04 0.05 0.04 0.04 0.02 0.01 0.01 0.01 0.06 0.10 0.13 0.00 0.00 0.00 0.06 0.32 0.46 0.45 0.45 0.01 0.02 0.02 0.02 0.02 0.03 0.04 0.01 0.01 0.01 0.01 0.42 0.38 0.34 0.34 0.45 0.45 0.46 0.01 0.01 0.03 0.03 0.06 0.01 0.02 0.00 0.01 0.01 0.20 0.34 0.01 0.00 0.39 0.02 0.01 0.00 0.05 0.05 0.06 0.01 0.01 0.02 0.03 0.05 0.10 0.02 0.02 0.04 0.02 0.02 0.02 0.07 0.01 0.01
0.00 0.00 0.00 0.00 0.01 0.01 0.01 0.01 0.01 0.01 0.01 0.02 0.04 0.06 0.07 0.11 0.11 0.14 0.15 0.13 0.09 0.22 0.17 0.19 0.21 0.18 0.10 0.04 0.04 0.53 0.69 0.52 0.60 0.50 0.62 0.72 0.73 0.63 0.01 0.01 0.01 0.01 0.01 0.00 0.00 0.00 0.00 0.36 0.01 0.01 0.02 0.03 0.04 0.04 0.02 0.02 0.01 0.01 0.01 0.13 0.16 0.01 0.14 0.02 0.02 0.01 0.01 0.03 0.06 0.09 0.06 0.05 0.05 0.04 0.11 0.19 0.01 0.02 0.02 0.02 0.01 0.02 0.02 0.01
0.00 0.00 0.00 0.00 0.00 0.00 0.01 0.01 0.02 0.03 0.04 0.04 0.04 0.03 0.09 0.06 0.08 0.05 0.03 0.02 0.02 0.02 0.02 0.02 0.03 0.02 0.02 0.04 0.03 0.02 0.03 0.06 0.05 0.05 0.02 0.01 0.04 0.59 1.17 1.16 0.01 0.01 0.01 0.01 0.01 0.01 0.01 0.43 0.01 0.02 0.01 0.01 0.03 0.06 0.03 0.03 0.03 0.02 0.02 0.06 0.29 0.08 0.10 0.08 0.02 0.01 0.01 0.02 0.03 0.02 0.05 0.05 0.05 0.04 0.03 0.13 0.11 0.11 0.01 0.02 0.01 0.01 0.01 0.01
