NEW_versions/Iao/Scripts/Results/Iao_50m/MaxFloodMaps/Iao_50m_0.5.asc
NCOLS 111
NROWS 84
XLLCENTER 750508.350000
YLLCENTER 2308429.860000
CELLSIZE 50.000000
NODATA_value -99999.000000
[rows 0 to 37 of 84, columns 0 to 83 of 111]
0.00 0.00 0.00 0.00 0.00 0.00 0.00 0.00 0.00 0.00 0.00 0.00 0.00 0.00 0.00 0.00 0.00 0.00 0.00 0.00 0.00 0.00 0.00 0.00 0.00 0.00 0.00 0.00 0.00 0.00 0.00 0.00 0.00 0.00 0.00 0.00 0.00 0.00 0.00 0.00 0.00 0.00 0.00 0.00 0.00 0.00 0.00 0.00 0.00 0.00 0.00 0.00 0.00 0.00 0.00 0.00 0.00 0.00 0.00 0.00 0.00 0.00 0.00 0.00 0.00 0.00 0.00 0.00 0.00 0.00 0.00 0.00 0.00 0.00 0.00 0.00 0.00 0.00 0.00 0.00 0.00 0.00 0.00 0.00
0.00 0.00 0.00 0.00 0.00 0.00 0.00 0.00 0.00 0.00 0.00 0.00 0.00 0.00 0.00 0.00 0.00 0.00 0.00 0.00 0.00 0.00 0.00 0.00 0.00 0.00 0.00 0.00 0.00 0.00 0.00 0.00 0.00 0.00 0.00 0.00 0.00 0.00 0.00 0.00 0.00 0.00 0.00 0.00 0.00 0.00 0.00 0.00 0.00 0.00 0.00 0.00 0.00 0.00 0.00 0.00 0.01 0.00 0.00 0.00 0.01 0.00 0.00 0.00 0.00 0.00 0.00 0.00 0.00 0.00 0.00 0.00 0.00 0.00 0.00 0.00 0.00 0.00 0.00 0.00 0.00 0.00 0.00 0.00
0.00 0.00 0.00 0.00 0.00 0.00 0.00 0.00 0.00 0.00 0.00 0.00 0.00 0.00 0.00 0.00 0.00 0.00 0.00 0.00 0.00 0.00 0.00 0.00 0.00 0.00 0.00 0.00 0.00 0.00 0.00 0.00 0.00 0.00 0.00 0.00 0.00 0.00 0.00 0.00 0.00 0.00 0.00 0.00 0.00 0.00 0.00 0.00 0.00 0.00 0.00 0.00 0.01 0.01 0.00 0.01 0.01 0.01 0.01 0.01 0.01 0.00 0.00 0.00 0.00 0.00 0.00 0.00 0.00 0.01 0.00 0.00 0.00 0.00 0.00 0.00 0.00 0.00 0.00 0.00 0.00 0.00 0.00 0.00
0.00 0.00 0.00 0.00 0.00 0.00 0.00 0.00 0.00 0.00 0.00 0.00 0.00 0.00 0.00 0.00 0.00 0.00 0.00 0.00 0.00 0.00 0.00 0.00 0.00 0.00 0.00 0.00 0.00 0.00 0.00 0.00 0.00 0.00 0.00 0.00 0.00 0.00 0.00 0.00 0.00 0.00 0.00 0.00 0.00 0.00 0.00 0.00 0.01 0.01 0.01 0.01 0.01 0.01 0.01 0.01 0.01 0.01 0.01 0.01 0.01 0.00 0.00 0.00 0.00 0.00 0.00 0.00 0.01 0.01 0.00 0.01 0.01 0.00 0.00 0.00 0.00 0.00 0.00 0.00 0.00 0.00 0.00 0.00
0.00 0.00 0.00 0.00 0.00 0.00 0.00 0.00 0.00 0.00 0.00 0.00 0.00 0.00 0.00 0.00 0.00 0.00 0.00 0.00 0.00 0.00 0.00 0.00 0.00 0.00 0.00 0.00 0.00 0.00 0.00 0.00 0.00 0.00 0.00 0.00 0.00 0.00 0.00 0.00 0.00 0.00 0.00 0.00 0.00 0.00 0.00 0.01 0.01 0.01 0.01 0.01 0.01 0.01 0.01 0.01 0.01 0.01 0.01 0.01 0.01 0.01 0.00 0.00 0.00 0.00 0.01 0.01 0.01 0.01 0.01 0.01 0.01 0.00 0.01 0.00 0.00 0.00 0.00 0.00 0.00 0.00 0.00 0.00
0.00 0.00 0.00 0.00 0.00 0.00 0.00 0.00 0.00 0.00 0.00 0.00 0.00 0.00 0.00 0.00 0.00 0.00 0.00 0.00 0.00 0.00 0.00 0.00 0.00 0.00 0.00 0.00 0.00 0.00 0.00 0.00 0.00 0.00 0.00 0.00 0.00 0.00 0.00 0.00 0.00 0.00 0.00 0.00 0.00 0.00 0.00 0.01 0.01 0.01 0.01 0.01 0.02 0.01 0.01 0.01 0.01 0.01 0.02 0.01 0.01 0.01 0.01 0.00 0.00 0.00 0.01 0.02 0.02 0.01 0.01 0.01 0.01 0.01 0.01 0.01 0.00 0.00 0.00 0.00 0.00 0.00 0.00 0.00
0.00 0.00 0.00 0.00 0.00 0.00 0.00 0.00 0.00 0.00 0.00 0.00 0.00 0.00 0.00 0.00 0.00 0.00 0.00 0.00 0.00 0.00 0.00 0.00 0.00 0.00 0.00 0.00 0.00 0.00 0.00 0.00 0.00 0.00 0.00 0.00 0.00 0.00 0.00 0.00 0.00 0.00 0.00 0.00 0.00 0.00 0.00 0.01 0.01 0.01 0.01 0.01 0.02 0.02 0.01 0.01 0.01 0.01 0.01 0.01 0.01 0.01 0.01 0.01 0.00 0.00 0.01 0.03 0.01 0.01 0.01 0.01 0.01 0.01 0.01 0.01 0.00 0.01 0.00 0.00 0.00 0.00 0.00 0.01
0.00 0.00 0.00 0.00 0.00 0.00 0.00 0.00 0.00 0.00 0.00 0.00 0.00 0.00 0.00 0.00 0.00 0.00 0.00 0.00 0.00 0.00 0.00 0.00 0.00 0.00 0.00 0.00 0.00 0.00 0.00 0.00 0.00 0.00 0.00 0.00 0.00 0.00 0.00 0.00 0.00 0.00 0.00 0.01 0.01 0.01 0.01 0.00 0.01 0.01 0.01 0.01 0.02 0.02 0.01 0.01 0.01 0.01 0.02 0.02 0.01 0.01 0.01 0.01 0.00 0.00 0.01 0.03 0.01 0.01 0.01 0.01 0.01 0.01 0.01 0.01 0.01 0.01 0.01 0.00 0.00 0.01 0.00 0.00
0.00 0.00 0.00 0.00 0.00 0.00 0.00 0.00 0.00 0.00 0.00 0.00 0.00 0.00 0.00 0.00 0.00 0.00 0.00 0.00 0.00 0.00 0.00 0.00 0.00 0.00 0.00 0.00 0.00 0.00 0.00 0.00 0.00 0.00 0.00 0.00 0.00 0.00 0.00 0.00 0.00 0.01 0.01 0.01 0.01 0.01 0.01 0.01 0.01 0.01 0.01 0.01 0.02 0.02 0.02 0.02 0.02 0.02 0.02 0.02 0.01 0.01 0.01 0.01 0.01 0.00 0.01 0.02 0.01 0.01 0.01 0.01 0.01 0.01 0.02 0.01 0.01 0.01 0.01 0.01 0.00 0.01 0.00 0.00
0.00 0.00 0.00 0.00 0.00 0.00 0.00 0.00 0.00 0.00 0.00 0.00 0.00 0.00 0.00 0.00 0.00 0.00 0.00 0.00 0.00 0.00 0.00 0.00 0.00 0.00 0.00 0.00 0.00 0.00 0.00 0.00 0.00 0.00 0.00 0.01 0.00 0.00 0.00 0.01 0.01 0.01 0.01 0.01 0.01 0.01 0.01 0.01 0.01 0.01 0.01 0.01 0.02 0.02 0.02 0.02 0.02 0.02 0.02 0.02 0.01 0.01 0.01 0.01 0.01 0.00 0.01 0.07 0.01 0.01 0.01 0.01 0.01 0.02 0.02 0.02 0.01 0.01 0.01 0.00 0.01 0.01 0.01 0.01
0.00 0.00 0.00 0.00 0.00 0.00 0.00 0.00 0.00 0.00 0.00 0.00 0.00 0.00 0.00 0.00 0.00 0.00 0.00 0.00 0.00 0.00 0.00 0.00 0.00 0.00 0.00 0.00 0.00 0.00 0.00 0.00 0.00 0.01 0.01 0.01 0.00 0.01 0.00 0.01 0.01 0.01 0.01 0.01 0.01 0.01 0.01 0.01 0.01 0.01 0.01 0.03 0.05 0.02 0.02 0.02 0.02 0.02 0.02 0.03 0.02 0.01 0.01 0.01 0.01 0.00 0.00 0.04 0.02 0.00 0.01 0.01 0.01 0.02 0.02 0.02 0.01 0.01 0.01 0.00 0.01 0.01 0.01 0.01
0.00 0.00 0.00 0.00 0.00 0.00 0.00 0.00 0.00 0.00 0.00 0.00 0.00 0.00 0.00 0.00 0.00 0.00 0.00 0.00 0.00 0.00 0.00 0.00 0.00 0.00 0.00 0.00 0.00 0.00 0.00 0.01 0.01 0.01 0.01 0.01 0.01 0.01 0.00 0.00 0.01 0.01 0.01 0.01 0.01 0.01 0.01 0.01 0.01 0.02 0.02 0.02 0.05 0.07 0.05 0.04 0.03 0.03 0.02 0.04 0.03 0.02 0.01 0.01 0.01 0.01 0.00 0.02 0.03 0.02 0.03 0.01 0.01 0.02 0.02 0.02 0.01 0.01 0.01 0.01 0.01 0.02 0.01 0.01
0.00 0.00 0.00 0.00 0.00 0.00 0.00 0.00 0.00 0.00 0.00 0.00 0.00 0.00 0.00 0.00 0.00 0.00 0.00 0.00 0.00 0.00 0.00 0.00 0.00 0.00 0.01 0.01 0.01 0.00 0.01 0.01 0.01 0.01 0.01 0.01 0.02 0.01 0.01 0.00 0.01 0.01 0.01 0.01 0.01 0.01 0.01 0.01 0.02 0.02 0.04 0.01 0.00 0.00 0.03 0.10 0.04 0.03 0.06 0.05 0.07 0.03 0.02 0.03 0.01 0.01 0.00 0.01 0.01 0.03 0.05 0.05 0.03 0.04 0.02 0.02 0.02 0.01 0.01 0.01 0.00 0.01 0.02 0.01
0.00 0.00 0.00 0.00 0.00 0.00 0.00 0.00 0.00 0.00 0.00 0.00 0.00 0.00 0.00 0.00 0.01 0.00 0.00 0.01 0.00 0.01 0.01 0.01 0.00 0.01 0.01 0.01 0.01 0.00 0.01 0.01 0.01 0.01 0.01 0.01 0.02 0.01 0.01 0.00 0.01 0.01 0.01 0.01 0.01 0.01 0.02 0.02 0.02 0.02 0.03 0.03 0.02 0.00 0.01 0.10 0.12 0.00 0.03 0.08 0.08 0.02 0.00 0.06 0.03 0.01 0.00 0.01 0.02 0.01 0.02 0.03 0.04 0.14 0.15 0.02 0.02 0.01 0.02 0.01 0.01 0.02 0.02 0.01
0.00 0.00 0.00 0.00 0.00 0.00 0.00 0.00 0.00 0.00 0.00 0.00 0.00 0.00 0.01 0.01 0.01 0.01 0.01 0.01 0.01 0.01 0.01 0.01 0.01 0.01 0.01 0.01 0.01 0.01 0.01 0.01 0.01 0.01 0.01 0.01 0.02 0.02 0.01 0.00 0.01 0.01 0.01 0.01 0.01 0.02 0.03 0.03 0.04 0.03 0.03 0.02 0.05 0.00 0.01 0.01 0.12 0.00 0.00 0.04 0.13 0.01 0.00 0.00 0.05 0.01 0.00 0.02 0.01 0.02 0.01 0.02 0.01 0.01 0.15 0.12 0.13 0.01 0.02 0.03 0.01 0.01 0.02 0.01
0.00 0.00 0.00 0.00 0.00 0.00 0.00 0.00 0.00 0.00 0.00 0.00 0.01 0.01 0.01 0.01 0.01 0.01 0.01 0.01 0.01 0.01 0.01 0.01 0.01 0.01 0.01 0.01 0.01 0.01 0.01 0.01 0.01 0.01 0.01 0.02 0.02 0.02 0.01 0.01 0.00 0.01 0.01 0.01 0.01 0.01 0.01 0.03 0.04 0.05 0.07 0.08 0.14 0.06 0.04 0.14 0.12 0.00 0.01 0.02 0.18 0.01 0.00 0.01 0.03 0.06 0.00 0.05 0.01 0.02 0.01 0.03 0.01 0.00 0.00 0.01 0.16 0.02 0.03 0.03 0.02 0.01 0.02 0.01
0.00 0.00 0.00 0.00 0.00 0.00 0.00 0.01 0.00 0.00 0.00 0.01 0.01 0.01 0.01 0.02 0.01 0.01 0.01 0.01 0.01 0.01 0.01 0.01 0.01 0.01 0.01 0.01 0.01 0.01 0.01 0.01 0.01 0.01 0.02 0.02 0.02 0.01 0.01 0.01 0.00 0.01 0.01 0.01 0.01 0.01 0.01 0.01 0.01 0.01 0.01 0.01 0.01 0.07 0.06 0.06 0.12 0.02 0.00 0.02 0.09 0.09 0.08 0.00 0.04 0.03 0.00 0.02 0.04 0.02 0.01 0.02 0.03 0.00 0.01 0.00 0.28 0.04 0.03 0.02 0.02 0.02 0.02 0.01
0.00 0.00 0.00 0.00 0.00 0.00 0.01 0.01 0.01 0.00 0.01 0.01 0.01 0.01 0.01 0.01 0.01 0.01 0.01 0.01 0.01 0.01 0.01 0.02 0.01 0.01 0.01 0.01 0.01 0.01 0.01 0.01 0.02 0.01 0.02 0.02 0.02 0.01 0.01 0.01 0.00 0.01 0.01 0.01 0.01 0.01 0.01 0.00 0.00 0.00 0.00 0.01 0.01 0.01 0.04 0.08 0.21 0.24 0.01 0.00 0.04 0.11 0.37 0.08 0.09 0.06 0.00 0.02 0.06 0.01 0.02 0.01 0.05 0.01 0.01 0.00 0.29 0.03 0.00 0.03 0.02 0.02 0.01 0.01
0.00 0.00 0.00 0.00 0.00 0.01 0.01 0.01 0.01 0.01 0.01 0.01 0.01 0.01 0.01 0.01 0.01 0.02 0.02 0.01 0.01 0.01 0.01 0.02 0.01 0.00 0.01 0.01 0.01 0.01 0.01 0.01 0.03 0.02 0.02 0.02 0.02 0.01 0.01 0.00 0.01 0.01 0.01 0.01 0.01 0.01 0.01 0.01 0.01 0.01 0.01 0.00 0.00 0.01 0.01 0.01 0.02 0.22 0.22 0.00 0.02 0.02 0.02 0.25 0.07 0.09 0.08 0.02 0.05 0.01 0.02 0.02 0.04 0.04 0.01 0.01 0.14 0.01 0.00 0.04 0.02 0.02 0.01 0.01
0.00 0.00 0.00 0.00 0.01 0.00 0.01 0.01 0.01 0.01 0.01 0.01 0.01 0.01 0.01 0.01 0.02 0.02 0.04 0.01 0.01 0.01 0.01 0.02 0.02 0.00 0.01 0.01 0.01 0.01 0.01 0.02 0.06 0.02 0.02 0.02 0.01 0.01 0.01 0.00 0.01 0.01 0.01 0.01 0.01 0.01 0.02 0.02 0.01 0.01 0.01 0.01 0.01 0.00 0.01 0.01 0.01 0.01 0.26 0.26 0.02 0.00 0.02 0.02 0.09 0.07 0.12 0.09 0.07 0.00 0.01 0.02 0.05 0.06 0.02 0.02 0.24 0.00 0.00 0.03 0.08 0.07 0.03 0.01
0.00 0.00 0.00 0.01 0.01 0.00 0.01 0.01 0.01 0.01 0.01 0.01 0.01 0.01 0.01 0.01 0.02 0.03 0.04 0.02 0.01 0.01 0.01 0.01 0.02 0.01 0.01 0.01 0.01 0.01 0.01 0.02 0.05 0.09 0.02 0.01 0.02 0.03 0.01 0.01 0.01 0.01 0.01 0.01 0.01 0.02 0.02 0.04 0.01 0.01 0.01 0.01 0.01 0.01 0.01 0.01 0.01 0.01 0.01 0.25 0.22 0.01 0.00 0.01 0.05 0.10 0.13 0.16 0.25 0.22 0.01 0.01 0.10 0.06 0.03 0.06 0.25 0.01 0.00 0.06 0.06 0.02 0.02 0.02
0.00 0.00 0.01 0.01 0.01 0.01 0.01 0.01 0.01 0.01 0.01 0.01 0.01 0.01 0.02 0.02 0.02 0.02 0.03 0.03 0.01 0.01 0.01 0.01 0.02 0.01 0.01 0.01 0.01 0.01 0.01 0.01 0.02 0.08 0.05 0.01 0.03 0.02 0.01 0.00 0.01 0.03 0.01 0.01 0.00 0.01 0.01 0.06 0.05 0.01 0.01 0.01 0.01 0.01 0.02 0.04 0.00 0.00 0.01 0.01 0.25 0.33 0.01 0.01 0.00 0.01 0.01 0.01 0.01 0.18 0.28 0.01 0.00 0.04 0.02 0.01 0.26 0.19 0.20 0.07 0.03 0.01 0.01 0.01
0.00 0.00 0.00 0.01 0.01 0.01 0.01 0.01 0.01 0.02 0.01 0.01 0.01 0.01 0.00 0.00 0.02 0.03 0.03 0.06 0.01 0.00 0.01 0.02 0.02 0.03 0.01 0.01 0.01 0.01 0.02 0.02 0.02 0.03 0.08 0.04 0.03 0.02 0.01 0.00 0.01 0.04 0.02 0.01 0.00 0.01 0.01 0.01 0.03 0.03 0.02 0.01 0.01 0.01 0.01 0.03 0.05 0.00 0.00 0.01 0.01 0.32 0.24 0.01 0.00 0.01 0.01 0.02 0.01 0.01 0.21 0.22 0.01 0.02 0.02 0.04 0.01 0.01 0.23 0.26 0.02 0.01 0.02 0.01
0.00 0.00 0.00 0.01 0.01 0.01 0.01 0.01 0.01 0.02 0.01 0.01 0.01 0.01 0.01 0.00 0.00 0.02 0.03 0.09 0.05 0.00 0.01 0.03 0.02 0.02 0.01 0.01 0.03 0.03 0.03 0.03 0.02 0.02 0.11 0.02 0.02 0.01 0.01 0.00 0.01 0.03 0.04 0.01 0.00 0.00 0.01 0.01 0.02 0.03 0.08 0.08 0.01 0.01 0.01 0.01 0.05 0.12 0.00 0.00 0.01 0.01 0.35 0.26 0.01 0.00 0.00 0.01 0.03 0.01 0.01 0.29 0.21 0.02 0.01 0.02 0.03 0.00 0.00 0.21 0.03 0.02 0.02 0.02
0.00 0.00 0.00 0.01 0.01 0.01 0.01 0.02 0.02 0.01 0.01 0.01 0.02 0.01 0.01 0.01 0.01 0.01 0.02 0.06 0.22 0.05 0.05 0.05 0.02 0.01 0.01 0.00 0.01 0.01 0.02 0.04 0.09 0.05 0.17 0.03 0.01 0.01 0.01 0.01 0.01 0.02 0.05 0.01 0.00 0.00 0.00 0.00 0.01 0.01 0.01 0.07 0.10 0.00 0.01 0.01 0.01 0.05 0.07 0.07 0.00 0.00 0.01 0.33 0.29 0.01 0.01 0.01 0.01 0.01 0.01 0.01 0.25 0.02 0.01 0.01 0.04 0.04 0.02 0.21 0.05 0.02 0.02 0.02
0.00 0.00 0.01 0.01 0.01 0.01 0.02 0.03 0.03 0.02 0.01 0.01 0.01 0.01 0.02 0.01 0.01 0.00 0.00 0.01 0.01 0.06 0.12 0.17 0.02 0.01 0.01 0.00 0.00 0.01 0.01 0.01 0.01 0.03 0.20 0.17 0.02 0.01 0.01 0.01 0.01 0.02 0.09 0.01 0.01 0.00 0.01 0.01 0.01 0.01 0.01 0.01 0.10 0.01 0.01 0.01 0.01 0.01 0.01 0.11 0.01 0.00 0.00 0.01 0.31 0.40 0.23 0.17 0.15 0.12 0.00 0.00 0.14 0.17 0.01 0.00 0.00 0.00 0.00 0.40 0.01 0.01 0.01 0.01
0.00 0.01 0.01 0.02 0.02 0.02 0.02 0.02 0.03 0.03 0.02 0.02 0.01 0.02 0.04 0.01 0.01 0.01 0.00 0.00 0.01 0.01 0.01 0.17 0.17 0.01 0.01 0.01 0.00 0.01 0.01 0.01 0.01 0.02 0.01 0.35 0.18 0.01 0.01 0.01 0.01 0.08 0.07 0.01 0.01 0.00 0.01 0.01 0.02 0.01 0.01 0.01 0.15 0.01 0.01 0.01 0.01 0.01 0.01 0.06 0.13 0.01 0.00 0.00 0.01 0.01 0.11 0.25 0.25 0.22 0.25 0.24 0.28 0.39 0.55 0.55 0.01 0.00 0.00 0.35 0.40 0.02 0.02 0.01
0.01 0.01 0.01 0.01 0.01 0.02 0.02 0.03 0.04 0.05 0.07 0.06 0.06 0.01 0.02 0.03 0.01 0.01 0.01 0.00 0.00 0.01 0.01 0.01 0.19 0.02 0.01 0.01 0.00 0.01 0.01 0.01 0.02 0.02 0.01 0.02 0.27 0.01 0.00 0.01 0.05 0.06 0.01 0.01 0.01 0.01 0.00 0.00 0.01 0.02 0.03 0.02 0.07 0.07 0.01 0.01 0.01 0.01 0.02 0.01 0.08 0.14 0.01 0.00 0.00 0.01 0.01 0.01 0.01 0.01 0.01 0.01 0.01 0.01 0.01 0.54 0.39 0.01 0.00 0.01 0.34 0.02 0.01 0.01
0.00 0.00 0.00 0.01 0.01 0.01 0.03 0.05 0.04 0.02 0.02 0.06 0.15 0.15 0.17 0.02 0.02 0.01 0.01 0.00 0.00 0.00 0.01 0.01 0.19 0.18 0.01 0.01 0.00 0.00 0.01 0.01 0.02 0.03 0.03 0.01 0.20 0.21 0.01 0.01 0.11 0.02 0.01 0.01 0.01 0.01 0.01 0.00 0.00 0.01 0.01 0.02 0.05 0.09 0.06 0.01 0.01 0.01 0.01 0.01 0.01 0.06 0.06 0.00 0.01 0.00 0.00 0.00 0.01 0.01 0.01 0.01 0.01 0.02 0.01 0.01 0.39 0.47 0.47 0.00 0.34 0.35 0.01 0.01
0.00 0.00 0.00 0.01 0.01 0.01 0.01 0.02 0.02 0.01 0.01 0.01 0.01 0.01 0.13 0.19 0.23 0.01 0.01 0.01 0.01 0.00 0.00 0.00 0.00 0.19 0.01 0.01 0.00 0.01 0.01 0.01 0.00 0.00 0.02 0.02 0.01 0.27 0.01 0.01 0.07 0.02 0.01 0.01 0.02 0.01 0.01 0.01 0.00 0.01 0.01 0.01 0.02 0.15 0.07 0.06 0.01 0.01 0.01 0.01 0.01 0.04 0.15 0.00 0.02 0.01 0.02 0.01 0.00 0.01 0.01 0.02 0.02 0.01 0.01 0.01 0.01 0.01 0.47 0.45 0.00 0.44 0.02 0.00
0.00 0.00 0.00 0.00 0.01 0.01 0.01 0.01 0.01 0.02 0.01 0.01 0.01 0.01 0.01 0.01 0.18 0.21 0.22 0.01 0.01 0.01 0.01 0.01 0.01 0.25 0.01 0.01 0.00 0.01 0.01 0.01 0.01 0.01 0.01 0.03 0.02 0.22 0.01 0.00 0.08 0.02 0.01 0.01 0.03 0.02 0.01 0.01 0.01 0.00 0.01 0.02 0.04 0.05 0.13 0.05 0.01 0.01 0.01 0.02 0.01 0.07 0.04 0.01 0.04 0.03 0.02 0.01 0.01 0.00 0.00 0.01 0.02 0.05 0.02 0.02 0.02 0.01 0.01 0.40 0.59 0.37 0.41 0.01
0.00 0.00 0.00 0.00 0.00 0.01 0.01 0.01 0.01 0.01 0.02 0.01 0.01 0.02 0.01 0.02 0.02 0.02 0.22 0.45 0.23 0.01 0.01 0.01 0.01 0.15 0.07 0.01 0.00 0.01 0.01 0.01 0.01 0.01 0.01 0.01 0.01 0.28 0.23 0.00 0.07 0.01 0.01 0.01 0.03 0.01 0.02 0.01 0.01 0.01 0.00 0.00 0.01 0.03 0.10 0.12 0.01 0.01 0.01 0.02 0.02 0.05 0.08 0.01 0.07 0.02 0.01 0.00 0.02 0.02 0.02 0.00 0.00 0.01 0.01 0.01 0.01 0.01 0.01 0.01 0.01 0.37 0.61 0.60
0.00 0.00 0.00 0.00 0.00 0.00 0.00 0.01 0.01 0.01 0.01 0.01 0.01 0.02 0.03 0.02 0.02 0.01 0.01 0.01 0.19 0.57 0.31 0.00 0.01 0.15 0.15 0.01 0.00 0.01 0.05 0.02 0.01 0.02 0.01 0.01 0.01 0.01 0.22 0.32 0.35 0.01 0.02 0.01 0.03 0.01 0.02 0.01 0.01 0.02 0.00 0.00 0.01 0.03 0.05 0.20 0.01 0.01 0.01 0.02 0.03 0.05 0.12 0.02 0.04 0.00 0.01 0.00 0.01 0.02 0.04 0.04 0.01 0.01 0.00 0.00 0.01 0.02 0.00 0.00 0.01 0.01 0.02 0.56
0.00 0.00 0.00 0.00 0.00 0.00 0.01 0.00 0.00 0.01 0.01 0.01 0.02 0.01 0.01 0.01 0.01 0.01 0.01 0.01 0.01 0.01 0.17 0.26 0.25 0.04 0.12 0.12 0.10 0.00 0.00 0.03 0.01 0.01 0.02 0.02 0.01 0.01 0.00 0.01 0.20 0.26 0.01 0.01 0.04 0.01 0.02 0.02 0.01 0.03 0.01 0.01 0.01 0.00 0.00 0.28 0.13 0.01 0.01 0.01 0.01 0.10 0.07 0.02 0.06 0.01 0.01 0.01 0.01 0.00 0.01 0.03 0.02 0.03 0.01 0.01 0.04 0.02 0.00 0.01 0.01 0.02 0.02 0.02
0.00 0.00 0.00 0.00 0.00 0.01 0.01 0.01 0.01 0.02 0.02 0.02 0.02 0.00 0.00 0.00 0.00 0.00 0.00 0.00 0.01 0.00 0.01 0.01 0.30 0.33 0.37 0.00 0.10 0.00 0.01 0.02 0.02 0.01 0.01 0.02 0.01 0.01 0.01 0.01 0.11 0.33 0.01 0.01 0.06 0.01 0.02 0.03 0.01 0.02 0.04 0.01 0.01 0.00 0.01 0.01 0.18 0.18 0.17 0.01 0.01 0.10 0.11 0.02 0.02 0.05 0.03 0.01 0.01 0.00 0.01 0.02 0.03 0.03 0.04 0.02 0.02 0.03 0.01 0.01 0.02 0.03 0.02 0.01
0.00 0.00 0.00 0.00 0.00 0.01 0.01 0.03 0.03 0.02 0.02 0.03 0.04 0.03 0.03 0.01 0.01 0.01 0.01 0.04 0.08 0.10 0.00 0.00 0.00 0.05 0.25 0.36 0.35 0.35 0.01 0.02 0.02 0.01 0.02 0.03 0.03 0.01 0.01 0.00 0.00 0.33 0.30 0.27 0.27 0.35 0.35 0.36 0.01 0.01 0.02 0.02 0.05 0.00 0.02 0.00 0.00 0.01 0.15 0.27 0.01 0.00 0.30 0.02 0.01 0.00 0.04 0.04 0.05 0.00 0.01 0.02 0.02 0.04 0.08 0.02 0.01 0.03 0.02 0.01 0.02 0.06 0.01 0.01
0.00 0.00 0.00 0.00 0.00 0.01 0.01 0.01 0.01 0.00 0.00 0.02 0.03 0.05 0.05 0.09 0.09 0.11 0.12 0.10 0.07 0.18 0.14 0.15 0.17 0.14 0.08 0.03 0.03 0.41 0.54 0.41 0.47 0.39 0.48 0.56 0.56 0.49 0.01 0.01 0.00 0.00 0.00 0.00 0.00 0.00 0.00 0.28 0.00 0.01 0.01 0.02 0.03 0.03 0.01 0.02 0.01 0.01 0.01 0.10 0.12 0.00 0.10 0.01 0.01 0.01 0.00 0.02 0.04 0.07 0.05 0.03 0.04 0.03 0.09 0.15 0.01 0.02 0.02 0.02 0.01 0.01 0.02 0.01
0.00 0.00 0.00 0.00 0.00 0.00 0.01 0.01 0.01 0.03 0.03 0.03 0.03 0.02 0.07 0.05 0.06 0.04 0.02 0.02 0.02 0.02 0.02 0.02 0.02 0.02 0.02 0.03 0.03 0.02 0.02 0.05 0.04 0.04 0.02 0.01 0.03 0.45 0.90 0.90 0.01 0.01 0.01 0.01 0.01 0.01 0.01 0.33 0.00 0.02 0.01 0.01 0.02 0.04 0.02 0.02 0.02 0.02 0.01 0.05 0.21 0.06 0.07 0.06 0.02 0.01 0.00 0.01 0.02 0.02 0.04 0.04 0.04 0.03 0.03 0.10 0.08 0.09 0.01 0.01 0.01 0.01 0.01 0.01
