NEW_versions/Iao/Scripts/Results/Iao_50m/MaxFloodMaps/Iao_50m_0.5.asc
NCOLS 111
NROWS 84
XLLCENTER 750508.350000
YLLCENTER 2308429.860000
CELLSIZE 50.000000
NODATA_value -99999.000000
[rows 38 to 75 of 84, columns 0 to 83 of 111]
0.00 0.00 0.00 0.00 0.00 0.00 0.00 0.01 0.01 0.01 0.01 0.01 0.02 0.04 0.03 0.02 0.01 0.01 0.01 0.01 0.03 0.02 0.01 0.01 0.01 0.01 0.01 0.01 0.01 0.01 0.04 0.05 0.07 0.07 0.08 0.10 0.07 0.05 0.02 0.89 0.43 0.49 0.75 0.67 0.41 0.53 0.46 0.91 0.76 0.71 0.71 0.01 0.01 0.01 0.02 0.02 0.01 0.01 0.01 0.87 1.36 1.24 0.80 0.82 0.01 0.01 0.01 0.01 0.01 0.01 0.02 0.03 0.05 0.03 0.01 0.01 0.07 0.09 0.05 0.06 0.01 0.01 0.01 0.01
0.00 0.00 0.00 0.00 0.00 0.00 0.00 0.00 0.00 0.01 0.01 0.01 0.01 0.02 0.01 0.01 0.01 0.01 0.01 0.01 0.03 0.00 0.00 0.00 0.01 0.01 0.04 0.08 0.12 0.11 0.07 0.06 0.07 0.01 0.01 0.01 0.01 0.01 0.02 0.01 0.01 0.02 0.01 0.01 0.01 0.02 0.01 0.01 0.01 0.01 0.72 0.78 1.14 1.09 0.85 0.36 0.66 0.66 0.64 0.82 0.00 0.01 0.01 1.13 1.12 1.02 0.01 0.02 0.01 0.00 0.01 0.02 0.04 0.05 0.02 0.01 0.01 0.01 0.05 0.08 0.09 0.04 0.03 0.02
0.00 0.00 0.00 0.00 0.00 0.00 0.00 0.00 0.00 0.01 0.01 0.02 0.01 0.01 0.01 0.01 0.01 0.02 0.03 0.04 0.02 0.03 0.05 0.04 0.06 0.07 0.06 0.05 0.03 0.01 0.01 0.01 0.02 0.01 0.01 0.01 0.01 0.01 0.01 0.01 0.01 0.02 0.01 0.01 0.01 0.01 0.01 0.02 0.02 0.01 0.01 0.01 0.02 0.02 0.09 0.33 0.34 0.01 0.01 0.01 0.00 0.01 0.01 0.01 0.02 1.00 1.08 0.97 0.01 0.01 0.01 0.02 0.03 0.06 0.01 0.01 0.00 0.00 0.00 0.01 0.04 0.05 0.05 0.04
0.00 0.00 0.00 0.00 0.00 0.00 0.00 0.01 0.01 0.01 0.01 0.02 0.00 0.01 0.01 0.01 0.02 0.01 0.01 0.01 0.01 0.02 0.02 0.02 0.01 0.01 0.03 0.02 0.01 0.01 0.01 0.01 0.02 0.01 0.01 0.01 0.00 0.01 0.01 0.01 0.01 0.02 0.01 0.01 0.01 0.01 0.02 0.06 0.01 0.01 0.01 0.01 0.01 0.02 0.01 0.00 0.00 0.01 0.01 0.01 0.01 0.01 0.01 0.02 0.02 0.01 0.01 0.80 0.80 0.56 0.50 0.01 0.01 0.06 0.04 0.01 0.01 0.01 0.01 0.01 0.02 0.04 0.03 0.03
0.00 0.00 0.00 0.00 0.00 0.00 0.01 0.01 0.01 0.01 0.01 0.01 0.00 0.00 0.01 0.01 0.01 0.01 0.01 0.01 0.01 0.01 0.01 0.01 0.01 0.01 0.02 0.01 0.01 0.00 0.01 0.01 0.01 0.01 0.01 0.00 0.00 0.00 0.00 0.01 0.01 0.01 0.01 0.01 0.00 0.01 0.02 0.00 0.00 0.01 0.01 0.01 0.01 0.01 0.01 0.01 0.01 0.01 0.01 0.01 0.03 0.05 0.05 0.03 0.01 0.01 0.01 0.01 0.01 0.58 1.00 0.01 0.01 0.02 0.04 0.02 0.01 0.02 0.49 1.07 0.78 0.66 0.02 1.48
0.00 0.00 0.00 0.00 0.00 0.00 0.00 0.01 0.01 0.01 0.01 0.01 0.01 0.00 0.00 0.01 0.01 0.01 0.01 0.01 0.01 0.01 0.01 0.00 0.01 0.01 0.02 0.00 0.01 0.00 0.00 0.00 0.01 0.00 0.00 0.01 0.01 0.00 0.01 0.00 0.00 0.00 0.00 0.00 0.01 0.00 0.00 0.01 0.00 0.00 0.00 0.00 0.01 0.01 0.01 0.01 0.01 0.01 0.05 0.05 0.04 0.03 0.02 0.01 0.01 0.01 0.01 0.01 0.01 0.01 1.01 1.04 0.02 0.02 0.02 0.02 1.46 1.27 0.67 0.29 0.13 1.23 1.40 1.41
0.00 0.00 0.00 0.00 0.00 0.00 0.00 0.01 0.01 0.01 0.01 0.01 0.01 0.01 0.00 0.00 0.00 0.01 0.01 0.00 0.00 0.00 0.01 0.01 0.01 0.01 0.01 0.00 0.00 0.01 0.01 0.01 0.01 0.01 0.01 0.01 0.01 0.01 0.01 0.01 0.01 0.01 0.01 0.01 0.01 0.01 0.01 0.01 0.01 0.01 0.01 0.01 0.01 0.01 0.03 0.03 0.06 0.04 0.03 0.02 0.01 0.01 0.02 0.03 0.01 0.02 0.04 0.01 0.01 0.02 0.02 1.27 1.13 1.03 0.01 1.58 1.54 0.01 0.00 0.00 0.75 0.76 0.06 0.01
0.00 0.00 0.00 0.00 0.00 0.00 0.00 0.01 0.01 0.01 0.01 0.01 0.02 0.01 0.01 0.01 0.01 0.01 0.01 0.01 0.01 0.01 0.01 0.02 0.01 0.00 0.00 0.01 0.01 0.01 0.02 0.02 0.01 0.01 0.01 0.01 0.01 0.01 0.01 0.01 0.01 0.01 0.01 0.01 0.01 0.01 0.01 0.02 0.02 0.03 0.01 0.01 0.01 0.01 0.01 0.01 0.01 0.02 0.02 0.01 0.01 0.03 0.04 0.04 0.03 0.02 0.03 0.05 0.03 0.02 0.02 0.01 0.01 0.57 1.02 1.60 0.00 0.00 0.01 1.05 1.02 0.02 0.09 0.02
0.00 0.00 0.00 0.00 0.00 0.00 0.00 0.01 0.01 0.01 0.01 0.01 0.02 0.01 0.01 0.01 0.01 0.01 0.01 0.01 0.01 0.02 0.01 0.02 0.01 0.01 0.01 0.01 0.01 0.01 0.01 0.02 0.02 0.01 0.01 0.01 0.02 0.02 0.02 0.33 0.27 0.30 0.34 0.33 0.22 0.24 0.27 0.27 0.31 0.34 0.33 0.01 0.01 0.02 0.01 0.01 0.01 0.00 0.01 0.01 0.01 0.01 0.01 0.02 0.03 0.03 0.00 0.01 0.01 0.01 0.00 0.00 0.00 0.00 0.01 0.00 0.00 0.00 0.73 1.05 0.02 0.03 0.07 0.03
0.00 0.00 0.00 0.00 0.00 0.00 0.00 0.01 0.01 0.01 0.02 0.02 0.02 0.01 0.01 0.01 0.01 0.01 0.01 0.01 0.02 0.03 0.05 0.06 0.06 0.05 0.01 0.01 0.01 0.01 0.02 0.02 0.03 0.02 0.02 0.02 0.28 0.35 0.42 0.50 0.01 0.01 0.02 0.02 0.18 0.13 0.07 0.05 0.02 0.01 0.29 0.29 0.26 0.33 0.33 0.01 0.01 0.01 0.01 0.35 0.36 0.01 0.01 0.48 0.66 0.63 0.64 0.01 0.01 0.01 0.00 0.01 0.01 0.01 0.01 1.30 1.18 0.71 0.72 0.06 0.06 0.04 0.06 0.03
0.00 0.00 0.00 0.00 0.00 0.00 0.01 0.01 0.01 0.02 0.02 0.03 0.06 0.05 0.03 0.02 0.04 0.05 0.01 0.00 0.00 0.00 0.00 0.01 0.04 0.07 0.09 0.08 0.06 0.05 0.03 0.29 0.24 0.28 0.28 0.45 0.35 0.02 0.01 0.02 0.00 0.01 0.01 0.01 0.01 0.01 0.01 0.01 0.01 0.00 0.00 0.00 0.00 0.00 0.33 0.32 0.29 0.64 0.77 0.41 0.68 0.59 0.69 0.89 0.01 0.01 0.78 0.60 0.77 0.73 0.98 0.66 0.67 0.68 0.88 0.77 0.01 0.06 0.05 0.08 0.11 0.03 0.02 0.02
0.00 0.00 0.00 0.00 0.00 0.00 0.00 0.01 0.05 0.13 0.00 0.00 0.01 0.04 0.05 0.03 0.02 0.05 0.10 0.10 0.01 0.01 0.01 0.00 0.00 0.01 0.01 0.00 0.03 0.26 0.52 0.25 0.01 0.01 0.01 0.02 0.01 0.02 0.01 0.01 0.00 0.01 0.01 0.01 0.01 0.00 0.02 0.02 0.01 0.01 0.01 0.01 0.02 0.01 0.00 0.00 0.00 0.38 0.42 0.00 0.01 0.03 0.04 0.02 0.01 0.01 0.01 0.01 0.03 0.01 0.01 0.02 0.04 0.01 0.00 0.24 0.01 0.02 0.01 0.15 0.12 0.03 0.01 0.02
0.00 0.00 0.00 0.00 0.00 0.00 0.00 0.01 0.03 0.12 0.00 0.00 0.01 0.01 0.03 0.03 0.04 0.02 0.01 0.06 0.04 0.04 0.03 0.05 0.01 0.00 0.01 0.23 0.25 0.25 0.01 0.01 0.01 0.00 0.01 0.01 0.01 0.02 0.01 0.01 0.00 0.01 0.01 0.01 0.02 0.03 0.02 0.02 0.03 0.02 0.80 0.66 0.43 0.49 0.49 0.75 0.58 0.57 0.01 0.01 0.01 0.04 0.02 0.04 0.01 0.00 0.01 0.02 0.04 0.01 0.01 0.01 0.02 0.00 0.01 0.28 0.01 0.02 0.01 0.01 0.19 0.05 0.04 0.02
0.00 0.00 0.00 0.00 0.00 0.00 0.00 0.01 0.02 0.03 0.04 0.03 0.02 0.02 0.02 0.04 0.08 0.10 0.12 0.13 0.16 0.14 0.15 0.16 0.16 0.13 0.19 0.34 0.01 0.01 0.01 0.01 0.00 0.00 0.01 0.01 0.01 0.01 0.01 0.01 0.00 0.00 0.00 0.00 0.00 0.00 0.01 0.01 0.02 0.30 0.52 0.03 0.01 0.01 0.02 0.01 0.02 0.03 0.01 0.01 0.01 0.03 0.02 0.02 0.00 0.01 0.01 0.01 0.02 0.01 0.01 0.03 0.01 0.00 0.59 0.56 0.01 0.01 0.01 0.01 0.15 0.04 0.04 0.03
0.00 0.00 0.00 0.01 0.01 0.01 0.01 0.01 0.01 0.02 0.04 0.05 0.06 0.08 0.10 0.15 0.08 0.07 0.05 0.03 0.04 0.08 0.07 0.06 0.08 0.13 0.40 0.01 0.01 0.01 0.00 0.00 0.00 0.01 0.00 0.00 0.00 0.01 0.00 0.00 0.01 0.01 0.01 0.01 0.01 0.01 0.01 0.01 0.26 0.26 0.46 0.03 0.01 0.01 0.01 0.01 0.02 0.02 0.02 0.01 0.01 0.02 0.04 0.01 0.00 0.00 0.01 0.02 0.01 0.01 0.01 0.01 0.00 0.34 0.60 0.01 0.01 0.01 0.01 0.01 0.11 0.07 0.03 0.02
0.00 0.00 0.00 0.01 0.01 0.01 0.01 0.01 0.01 0.01 0.01 0.01 0.01 0.05 0.04 0.01 0.01 0.01 0.01 0.01 0.01 0.01 0.01 0.01 0.01 0.02 0.02 0.01 0.00 0.00 0.00 0.01 0.01 0.01 0.01 0.01 0.01 0.01 0.00 0.01 0.01 0.01 0.01 0.01 0.16 0.22 0.25 0.30 0.25 0.22 0.19 0.05 0.02 0.01 0.01 0.01 0.01 0.01 0.01 0.01 0.01 0.02 0.02 0.01 0.00 0.01 0.01 0.01 0.01 0.01 0.15 0.39 0.46 0.33 0.01 0.01 0.01 0.01 0.01 0.01 0.06 0.16 0.02 0.02
0.00 0.00 0.01 0.01 0.01 0.02 0.02 0.02 0.01 0.01 0.01 0.03 0.05 0.06 0.00 0.01 0.01 0.01 0.01 0.01 0.00 0.00 0.00 0.00 0.01 0.01 0.00 0.00 0.01 0.01 0.01 0.01 0.01 0.02 0.01 0.01 0.01 0.01 0.00 0.00 0.01 0.01 0.01 0.25 0.16 0.07 0.06 0.01 0.01 0.46 0.01 0.08 0.03 0.01 0.01 0.01 0.01 0.01 0.00 0.00 0.01 0.02 0.02 0.00 0.00 0.00 0.00 0.01 0.14 0.16 0.13 0.02 0.37 0.01 0.01 0.01 0.01 0.01 0.01 0.01 0.07 0.05 0.02 0.02
0.00 0.00 0.00 0.01 0.00 0.00 0.00 0.00 0.01 0.02 0.02 0.04 0.01 0.00 0.01 0.01 0.00 0.00 0.00 0.00 0.01 0.01 0.00 0.01 0.00 0.00 0.01 0.01 0.01 0.01 0.01 0.01 0.01 0.03 0.15 0.15 0.00 0.01 0.12 0.12 0.00 0.35 0.22 0.28 0.00 0.01 0.01 0.01 0.02 0.28 0.00 0.05 0.06 0.03 0.01 0.01 0.01 0.01 0.01 0.00 0.01 0.02 0.01 0.00 0.01 0.01 0.11 0.13 0.11 0.08 0.04 0.03 0.36 0.01 0.01 0.01 0.01 0.01 0.01 0.01 0.07 0.03 0.02 0.02
0.00 0.00 0.00 0.00 0.00 0.00 0.00 0.00 0.00 0.01 0.01 0.01 0.01 0.00 0.00 0.00 0.01 0.01 0.01 0.01 0.01 0.02 0.05 0.06 0.00 0.01 0.01 0.01 0.01 0.02 0.13 0.38 0.36 0.15 0.12 0.23 0.26 0.21 0.11 0.24 0.00 0.36 0.01 0.01 0.00 0.01 0.01 0.02 0.02 0.27 0.01 0.00 0.07 0.06 0.01 0.01 0.01 0.01 0.01 0.00 0.01 0.01 0.01 0.01 0.09 0.13 0.13 0.01 0.01 0.03 0.08 0.03 0.24 0.01 0.01 0.01 0.01 0.01 0.01 0.01 0.06 0.04 0.02 0.02
0.00 0.00 0.00 0.00 0.00 0.00 0.00 0.00 0.00 0.00 0.00 0.00 0.00 0.00 0.00 0.01 0.01 0.02 0.03 0.03 0.04 0.09 0.04 0.09 0.10 0.01 0.01 0.01 0.18 0.19 0.19 0.01 0.01 0.01 0.01 0.01 0.01 0.02 0.01 0.25 0.00 0.36 0.01 0.01 0.00 0.01 0.01 0.01 0.01 0.33 0.07 0.00 0.02 0.07 0.07 0.04 0.02 0.01 0.00 0.00 0.01 0.01 0.01 0.01 0.08 0.03 0.02 0.02 0.02 0.02 0.10 0.01 0.19 0.18 0.01 0.00 0.00 0.00 0.00 0.01 0.07 0.06 0.02 0.02
0.00 0.00 0.00 0.00 0.00 0.00 0.00 0.00 0.00 0.00 0.00 0.00 0.00 0.00 0.00 0.00 0.01 0.01 0.01 0.01 0.01 0.01 0.01 0.02 0.12 0.12 0.12 0.13 0.16 0.03 0.01 0.01 0.01 0.01 0.01 0.01 0.01 0.02 0.07 0.31 0.38 0.47 0.01 0.01 0.00 0.01 0.01 0.01 0.01 0.20 0.09 0.01 0.00 0.01 0.03 0.03 0.03 0.02 0.01 0.00 0.00 0.01 0.01 0.09 0.20 0.00 0.01 0.01 0.01 0.03 0.08 0.01 0.01 0.29 0.01 0.01 0.00 0.00 0.00 0.01 0.01 0.09 0.03 0.02
0.00 0.00 0.00 0.00 0.00 0.00 0.00 0.00 0.00 0.00 0.00 0.00 0.00 0.00 0.00 0.00 0.00 0.01 0.01 0.01 0.01 0.01 0.01 0.01 0.01 0.02 0.01 0.01 0.04 0.04 0.01 0.00 0.01 0.00 0.01 0.02 0.02 0.01 0.05 0.04 0.15 0.01 0.01 0.01 0.00 0.00 0.00 0.00 0.00 0.23 0.11 0.21 0.02 0.01 0.01 0.04 0.03 0.02 0.01 0.00 0.00 0.01 0.03 0.19 0.01 0.00 0.01 0.01 0.01 0.08 0.08 0.00 0.01 0.34 0.08 0.02 0.01 0.01 0.00 0.01 0.01 0.04 0.02 0.02
0.00 0.00 0.00 0.00 0.00 0.00 0.00 0.00 0.00 0.00 0.00 0.00 0.00 0.00 0.00 0.00 0.00 0.00 0.00 0.00 0.00 0.00 0.00 0.01 0.01 0.02 0.01 0.01 0.01 0.06 0.01 0.00 0.01 0.01 0.02 0.01 0.01 0.01 0.08 0.00 0.15 0.01 0.00 0.00 0.00 0.01 0.01 0.04 0.04 0.48 0.47 0.13 0.01 0.00 0.00 0.01 0.03 0.01 0.01 0.00 0.00 0.01 0.03 0.10 0.00 0.00 0.00 0.01 0.03 0.09 0.01 0.00 0.01 0.31 0.02 0.04 0.03 0.03 0.02 0.02 0.01 0.02 0.02 0.02
0.00 0.00 0.00 0.00 0.00 0.00 0.00 0.00 0.00 0.00 0.00 0.00 0.00 0.00 0.00 0.00 0.00 0.00 0.00 0.00 0.00 0.00 0.00 0.00 0.01 0.02 0.01 0.01 0.01 0.04 0.01 0.00 0.01 0.01 0.01 0.02 0.07 0.08 0.09 0.00 0.15 0.09 0.01 0.00 0.01 0.01 0.10 0.06 0.13 0.06 0.10 0.30 0.03 0.01 0.00 0.00 0.01 0.01 0.01 0.00 0.01 0.01 0.03 0.08 0.01 0.00 0.00 0.00 0.02 0.09 0.01 0.00 0.00 0.30 0.09 0.01 0.01 0.01 0.02 0.02 0.01 0.01 0.02 0.01
0.00 0.00 0.00 0.00 0.00 0.00 0.00 0.00 0.00 0.00 0.00 0.00 0.00 0.00 0.00 0.00 0.00 0.00 0.00 0.00 0.00 0.00 0.00 0.00 0.01 0.01 0.01 0.01 0.01 0.03 0.03 0.00 0.01 0.01 0.02 0.01 0.06 0.01 0.00 0.01 0.07 0.09 0.01 0.00 0.01 0.12 0.09 0.00 0.01 0.01 0.10 0.18 0.04 0.06 0.05 0.01 0.01 0.01 0.01 0.01 0.01 0.01 0.08 0.07 0.00 0.01 0.01 0.08 0.09 0.05 0.01 0.00 0.14 0.12 0.07 0.05 0.03 0.03 0.02 0.01 0.01 0.01 0.03 0.01
0.00 0.00 0.00 0.00 0.00 0.00 0.00 0.00 0.00 0.00 0.00 0.00 0.00 0.00 0.00 0.00 0.00 0.00 0.00 0.00 0.00 0.00 0.00 0.00 0.00 0.01 0.00 0.00 0.01 0.01 0.07 0.01 0.01 0.01 0.01 0.05 0.04 0.01 0.00 0.00 0.14 0.01 0.00 0.00 0.00 0.12 0.01 0.00 0.01 0.01 0.15 0.12 0.01 0.01 0.05 0.04 0.02 0.01 0.00 0.01 0.01 0.01 0.10 0.01 0.01 0.01 0.05 0.07 0.01 0.01 0.00 0.01 0.14 0.02 0.08 0.02 0.02 0.02 0.02 0.01 0.01 0.01 0.02 0.01
0.00 0.00 0.00 0.00 0.00 0.00 0.00 0.00 0.00 0.00 0.00 0.00 0.00 0.00 0.00 0.00 0.00 0.00 0.00 0.00 0.00 0.00 0.00 0.00 0.00 0.00 0.00 0.00 0.01 0.01 0.02 0.00 0.01 0.02 0.02 0.03 0.01 0.00 0.01 0.11 0.14 0.01 0.00 0.01 0.10 0.11 0.01 0.00 0.01 0.01 0.09 0.21 0.01 0.00 0.00 0.01 0.05 0.01 0.00 0.01 0.02 0.07 0.09 0.00 0.01 0.01 0.06 0.01 0.01 0.01 0.00 0.08 0.12 0.04 0.05 0.02 0.02 0.02 0.02 0.01 0.01 0.01 0.01 0.01
0.00 0.00 0.00 0.00 0.00 0.00 0.00 0.00 0.00 0.00 0.00 0.00 0.00 0.00 0.00 0.00 0.00 0.00 0.00 0.00 0.00 0.00 0.00 0.00 0.00 0.00 0.00 0.00 0.01 0.01 0.02 0.00 0.01 0.01 0.01 0.01 0.00 0.00 0.10 0.11 0.01 0.01 0.00 0.01 0.09 0.01 0.01 0.00 0.01 0.01 0.12 0.15 0.02 0.01 0.00 0.01 0.01 0.01 0.00 0.01 0.03 0.03 0.04 0.01 0.01 0.02 0.04 0.01 0.01 0.01 0.07 0.05 0.07 0.06 0.02 0.02 0.02 0.02 0.02 0.01 0.01 0.01 0.01 0.01
0.00 0.00 0.00 0.00 0.00 0.00 0.00 0.00 0.00 0.00 0.00 0.00 0.00 0.00 0.00 0.00 0.00 0.00 0.00 0.00 0.00 0.00 0.00 0.00 0.00 0.00 0.00 0.00 0.00 0.01 0.00 0.00 0.00 0.00 0.00 0.01 0.02 0.11 0.10 0.01 0.01 0.00 0.01 0.04 0.07 0.01 0.01 0.00 0.00 0.01 0.18 0.09 0.02 0.00 0.00 0.00 0.00 0.00 0.01 0.01 0.03 0.03 0.03 0.01 0.01 0.01 0.01 0.01 0.00 0.02 0.06 0.02 0.01 0.15 0.01 0.02 0.02 0.02 0.01 0.01 0.01 0.01 0.01 0.01
0.00 0.00 0.00 0.00 0.00 0.00 0.00 0.00 0.00 0.00 0.00 0.00 0.00 0.00 0.00 0.00 0.00 0.00 0.00 0.00 0.00 0.00 0.00 0.00 0.00 0.00 0.00 0.00 0.00 0.00 0.00 0.01 0.01 0.04 0.06 0.09 0.03 0.10 0.01 0.01 0.00 0.01 0.06 0.04 0.06 0.01 0.01 0.00 0.00 0.01 0.11 0.10 0.04 0.01 0.01 0.01 0.01 0.00 0.00 0.01 0.04 0.01 0.01 0.01 0.01 0.01 0.00 0.00 0.00 0.04 0.03 0.02 0.01 0.09 0.06 0.02 0.02 0.02 0.01 0.01 0.01 0.01 0.01 0.01
0.00 0.00 0.00 0.00 0.00 0.00 0.00 0.00 0.00 0.00 0.00 0.00 0.00 0.00 0.00 0.00 0.00 0.00 0.00 0.00 0.00 0.00 0.00 0.00 0.00 0.00 0.00 0.00 0.00 0.00 0.01 0.01 0.02 0.11 0.01 0.01 0.05 0.05 0.01 0.00 0.01 0.03 0.06 0.01 0.03 0.01 0.00 0.00 0.00 0.02 0.17 0.05 0.05 0.11 0.05 0.01 0.01 0.01 0.01 0.00 0.09 0.00 0.01 0.01 0.01 0.00 0.00 0.01 0.03 0.05 0.01 0.01 0.01 0.07 0.03 0.02 0.02 0.01 0.01 0.01 0.01 0.01 0.01 0.01
0.00 0.00 0.00 0.00 0.00 0.00 0.00 0.00 0.00 0.00 0.00 0.00 0.00 0.00 0.00 0.00 0.00 0.00 0.00 0.00 0.00 0.00 0.00 0.00 0.00 0.00 0.00 0.00 0.00 0.01 0.01 0.01 0.02 0.03 0.00 0.01 0.02 0.01 0.01 0.00 0.01 0.02 0.02 0.01 0.02 0.01 0.00 0.01 0.02 0.05 0.14 0.02 0.01 0.04 0.04 0.08 0.05 0.01 0.01 0.00 0.09 0.00 0.00 0.01 0.01 0.01 0.01 0.04 0.03 0.02 0.00 0.01 0.01 0.06 0.03 0.02 0.02 0.01 0.01 0.01 0.01 0.01 0.00 0.00
0.00 0.00 0.00 0.00 0.00 0.00 0.00 0.00 0.00 0.00 0.00 0.00 0.00 0.00 0.00 0.00 0.00 0.00 0.00 0.00 0.00 0.00 0.00 0.00 0.00 0.00 0.00 0.00 0.00 0.00 0.01 0.01 0.02 0.01 0.00 0.01 0.01 0.01 0.01 0.01 0.01 0.01 0.02 0.01 0.01 0.00 0.00 0.03 0.02 0.03 0.13 0.02 0.01 0.01 0.01 0.01 0.04 0.04 0.04 0.01 0.09 0.00 0.00 0.00 0.00 0.01 0.01 0.02 0.01 0.01 0.00 0.01 0.01 0.04 0.03 0.02 0.02 0.01 0.01 0.01 0.01 0.01 0.00 0.00
0.00 0.00 0.00 0.00 0.00 0.00 0.00 0.00 0.00 0.00 0.00 0.00 0.00 0.00 0.00 0.00 0.00 0.00 0.00 0.00 0.00 0.00 0.00 0.00 0.00 0.00 0.00 0.00 0.00 0.00 0.00 0.01 0.01 0.01 0.00 0.00 0.01 0.00 0.00 0.01 0.01 0.01 0.01 0.01 0.00 0.00 0.05 0.04 0.03 0.03 0.10 0.03 0.01 0.01 0.01 0.01 0.01 0.01 0.03 0.01 0.08 0.00 0.00 0.00 0.01 0.01 0.01 0.01 0.01 0.00 0.00 0.01 0.01 0.03 0.02 0.02 0.02 0.01 0.01 0.01 0.01 0.01 0.01 0.00
0.00 0.00 0.00 0.00 0.00 0.00 0.00 0.00 0.00 0.00 0.00 0.00 0.00 0.00 0.00 0.00 0.00 0.00 0.00 0.00 0.00 0.00 0.00 0.00 0.00 0.00 0.00 0.00 0.00 0.00 0.00 0.01 0.00 0.01 0.00 0.00 0.00 0.00 0.00 0.00 0.01 0.01 0.01 0.00 0.00 0.01 0.05 0.01 0.01 0.03 0.09 0.02 0.01 0.01 0.01 0.01 0.00 0.01 0.01 0.01 0.08 0.00 0.00 0.00 0.00 0.00 0.00 0.00 0.00 0.00 0.00 0.00 0.01 0.02 0.02 0.02 0.02 0.01 0.01 0.01 0.01 0.01 0.00 0.00
0.00 0.00 0.00 0.00 0.00 0.00 0.00 0.00 0.00 0.00 0.00 0.00 0.00 0.00 0.00 0.00 0.00 0.00 0.00 0.00 0.00 0.00 0.00 0.00 0.00 0.00 0.00 0.00 0.00 0.00 0.00 0.00 0.00 0.00 0.00 0.00 0.00 0.00 0.00 0.00 0.00 0.00 0.00 0.01 0.01 0.03 0.04 0.01 0.01 0.02 0.09 0.04 0.02 0.01 0.01 0.01 0.01 0.00 0.00 0.01 0.07 0.06 0.04 0.00 0.00 0.00 0.00 0.00 0.00 0.00 0.00 0.00 0.01 0.02 0.01 0.01 0.02 0.02 0.01 0.01 0.01 0.00 0.00 0.00
0.00 0.00 0.00 0.00 0.00 0.00 0.00 0.00 0.00 0.00 0.00 0.00 0.00 0.00 0.00 0.00 0.00 0.00 0.00 0.00 0.00 0.00 0.00 0.00 0.00 0.00 0.00 0.00 0.00 0.00 0.00 0.00 0.00 0.00 0.00 0.00 0.00 0.00 0.00 0.00 0.00 0.00 0.01 0.01 0.01 0.02 0.01 0.01 0.01 0.02 0.07 0.04 0.02 0.01 0.01 0.01 0.00 0.00 0.01 0.01 0.01 0.03 0.03 0.00 0.00 0.00 0.00 0.00 0.00 0.00 0.00 0.00 0.00 0.01 0.00 0.01 0.02 0.01 0.01 0.00 0.00 0.00 0.00 0.00
0.00 0.00 0.00 0.00 0.00 0.00 0.00 0.00 0.00 0.00 0.00 0.00 0.00 0.00 0.00 0.00 0.00 0.00 0.00 0.00 0.00 0.00 0.00 0.00 0.00 0.00 0.00 0.00 0.00 0.00 0.00 0.00 0.00 0.00 0.00 0.00 0.00 0.00 0.00 0.00 0.00 0.00 0.00 0.00 0.00 0.01 0.01 0.01 0.01 0.03 0.05 0.03 0.01 0.01 0.01 0.01 0.00 0.00 0.00 0.01 0.01 0.03 0.00 0.00 0.00 0.00 0.00 0.00 0.00 0.00 0.00 0.00 0.00 0.00 0.00 0.00 0.00 0.00 0.00 0.00 0.00 0.00 0.00 0.00
