NEW_versions/Iao/Scripts/Results/Iao_50m/MaxFloodMaps/Iao_50m_0.7.asc
NCOLS 111
NROWS 84
XLLCENTER 750508.350000
YLLCENTER 2308429.860000
CELLSIZE 50.000000
NODATA_value -99999.000000
[rows 38 to 75 of 84, columns 0 to 83 of 111]
0.00 0.00 0.00 0.00 0.00 0.00 0.00 0.01 0.01 0.01 0.01 0.01 0.02 0.05 0.04 0.02 0.02 0.01 0.01 0.01 0.04 0.03 0.02 0.01 0.01 0.01 0.01 0.01 0.01 0.01 0.05 0.06 0.09 0.08 0.11 0.12 0.08 0.06 0.03 1.14 0.56 0.64 0.98 0.87 0.54 0.70 0.60 1.19 1.00 0.94 0.94 0.01 0.01 0.02 0.03 0.02 0.02 0.02 0.01 1.17 1.78 1.61 1.06 1.10 0.02 0.01 0.01 0.02 0.01 0.01 0.02 0.04 0.06 0.04 0.02 0.01 0.09 0.12 0.07 0.08 0.01 0.01 0.01 0.02
0.00 0.00 0.00 0.00 0.00 0.00 0.00 0.00 0.01 0.01 0.01 0.01 0.02 0.02 0.01 0.01 0.01 0.01 0.01 0.01 0.03 0.00 0.00 0.01 0.01 0.01 0.05 0.10 0.15 0.14 0.08 0.08 0.09 0.02 0.01 0.01 0.02 0.01 0.02 0.01 0.02 0.03 0.01 0.02 0.02 0.03 0.01 0.02 0.02 0.01 0.95 1.03 1.48 1.40 1.07 0.46 0.87 0.87 0.85 1.10 0.01 0.01 0.02 1.50 1.49 1.37 0.02 0.02 0.01 0.01 0.02 0.03 0.05 0.06 0.02 0.01 0.01 0.01 0.06 0.11 0.11 0.05 0.04 0.02
0.00 0.00 0.00 0.00 0.00 0.00 0.00 0.00 0.00 0.01 0.02 0.02 0.02 0.01 0.01 0.01 0.01 0.02 0.03 0.05 0.03 0.04 0.06 0.05 0.08 0.09 0.07 0.06 0.04 0.01 0.01 0.02 0.03 0.01 0.01 0.01 0.01 0.01 0.02 0.01 0.02 0.03 0.01 0.01 0.01 0.01 0.01 0.02 0.02 0.02 0.01 0.02 0.02 0.02 0.17 0.46 0.47 0.01 0.02 0.01 0.01 0.01 0.01 0.02 0.02 1.35 1.44 1.30 0.02 0.01 0.01 0.02 0.04 0.07 0.02 0.01 0.01 0.01 0.01 0.01 0.06 0.07 0.07 0.05
0.00 0.00 0.00 0.00 0.00 0.00 0.01 0.01 0.01 0.02 0.01 0.03 0.01 0.01 0.01 0.01 0.02 0.01 0.01 0.02 0.02 0.02 0.03 0.02 0.01 0.01 0.03 0.03 0.02 0.01 0.01 0.01 0.03 0.01 0.01 0.01 0.01 0.01 0.01 0.01 0.01 0.02 0.01 0.01 0.01 0.01 0.02 0.08 0.01 0.01 0.02 0.02 0.02 0.02 0.01 0.00 0.00 0.01 0.01 0.01 0.01 0.01 0.01 0.02 0.02 0.01 0.02 1.08 1.06 0.75 0.68 0.01 0.02 0.08 0.05 0.01 0.01 0.01 0.01 0.01 0.03 0.05 0.04 0.04
0.00 0.00 0.00 0.00 0.00 0.00 0.01 0.01 0.01 0.01 0.01 0.02 0.00 0.01 0.01 0.01 0.01 0.01 0.01 0.01 0.01 0.02 0.01 0.01 0.01 0.01 0.03 0.01 0.02 0.01 0.01 0.01 0.02 0.01 0.01 0.00 0.00 0.00 0.00 0.01 0.01 0.01 0.01 0.01 0.01 0.01 0.02 0.01 0.00 0.01 0.01 0.01 0.01 0.01 0.01 0.01 0.01 0.01 0.01 0.01 0.04 0.06 0.06 0.04 0.02 0.01 0.01 0.01 0.01 0.78 1.35 0.01 0.01 0.03 0.06 0.03 0.02 0.02 0.66 1.43 1.05 0.90 0.02 2.10
0.00 0.00 0.00 0.00 0.00 0.00 0.00 0.01 0.01 0.01 0.01 0.01 0.01 0.00 0.01 0.01 0.01 0.01 0.01 0.01 0.01 0.01 0.01 0.01 0.01 0.01 0.02 0.01 0.01 0.00 0.00 0.01 0.01 0.00 0.00 0.01 0.01 0.01 0.01 0.01 0.00 0.00 0.01 0.01 0.01 0.01 0.01 0.01 0.01 0.01 0.01 0.01 0.01 0.01 0.01 0.01 0.02 0.02 0.06 0.06 0.05 0.03 0.03 0.02 0.02 0.02 0.01 0.01 0.01 0.01 1.36 1.40 0.02 0.03 0.02 0.02 1.92 1.65 0.89 0.40 0.17 1.72 1.96 1.98
0.00 0.00 0.00 0.00 0.00 0.00 0.00 0.01 0.01 0.01 0.01 0.01 0.02 0.01 0.00 0.00 0.01 0.01 0.01 0.00 0.00 0.00 0.01 0.01 0.01 0.02 0.01 0.00 0.00 0.01 0.01 0.01 0.01 0.01 0.01 0.02 0.01 0.01 0.01 0.01 0.01 0.01 0.01 0.01 0.01 0.01 0.01 0.02 0.01 0.01 0.01 0.01 0.01 0.01 0.03 0.04 0.07 0.05 0.04 0.02 0.01 0.01 0.02 0.03 0.02 0.03 0.05 0.01 0.01 0.02 0.02 1.69 1.49 1.35 0.01 2.10 2.04 0.01 0.00 0.01 1.07 1.10 0.07 0.02
0.00 0.00 0.00 0.00 0.00 0.00 0.00 0.01 0.01 0.01 0.01 0.02 0.02 0.01 0.01 0.01 0.01 0.01 0.01 0.01 0.01 0.01 0.01 0.02 0.01 0.01 0.01 0.01 0.01 0.01 0.02 0.02 0.01 0.01 0.01 0.02 0.02 0.02 0.01 0.01 0.01 0.01 0.01 0.01 0.01 0.01 0.01 0.02 0.03 0.04 0.01 0.01 0.02 0.02 0.01 0.02 0.01 0.03 0.02 0.02 0.02 0.04 0.05 0.05 0.04 0.02 0.04 0.07 0.04 0.03 0.03 0.01 0.01 0.77 1.40 2.13 0.01 0.00 0.01 1.50 1.44 0.02 0.11 0.03
0.00 0.00 0.00 0.00 0.00 0.00 0.00 0.01 0.01 0.01 0.02 0.02 0.02 0.01 0.01 0.01 0.01 0.01 0.01 0.02 0.02 0.02 0.02 0.03 0.02 0.01 0.01 0.01 0.01 0.01 0.01 0.02 0.02 0.01 0.02 0.02 0.02 0.02 0.02 0.44 0.36 0.41 0.47 0.44 0.30 0.33 0.37 0.38 0.43 0.47 0.47 0.01 0.01 0.02 0.01 0.01 0.01 0.01 0.01 0.01 0.01 0.01 0.01 0.02 0.04 0.04 0.00 0.01 0.01 0.01 0.00 0.01 0.00 0.01 0.01 0.00 0.00 0.01 1.06 1.51 0.03 0.04 0.09 0.04
0.00 0.00 0.00 0.00 0.00 0.00 0.00 0.01 0.01 0.02 0.02 0.03 0.02 0.02 0.01 0.01 0.01 0.01 0.01 0.02 0.03 0.04 0.06 0.08 0.07 0.06 0.01 0.01 0.01 0.01 0.02 0.03 0.04 0.02 0.03 0.02 0.37 0.46 0.56 0.66 0.01 0.02 0.02 0.02 0.25 0.18 0.11 0.07 0.02 0.01 0.41 0.41 0.37 0.46 0.46 0.01 0.02 0.01 0.01 0.49 0.50 0.01 0.01 0.67 0.92 0.88 0.90 0.01 0.01 0.01 0.00 0.01 0.01 0.01 0.01 1.81 1.62 1.02 1.03 0.08 0.07 0.05 0.07 0.03
0.00 0.00 0.00 0.00 0.00 0.00 0.01 0.01 0.01 0.02 0.03 0.03 0.08 0.07 0.04 0.02 0.05 0.06 0.02 0.00 0.00 0.00 0.00 0.01 0.05 0.09 0.11 0.10 0.08 0.06 0.04 0.39 0.32 0.38 0.38 0.59 0.47 0.02 0.01 0.02 0.01 0.01 0.01 0.01 0.01 0.01 0.01 0.01 0.01 0.01 0.01 0.01 0.01 0.00 0.46 0.45 0.41 0.89 1.06 0.57 0.94 0.83 0.97 1.21 0.01 0.01 1.09 0.85 1.08 1.03 1.35 0.93 0.95 0.97 1.23 1.10 0.01 0.08 0.06 0.11 0.14 0.04 0.02 0.03
0.00 0.00 0.00 0.00 0.00 0.00 0.01 0.01 0.06 0.16 0.00 0.00 0.01 0.05 0.07 0.04 0.03 0.06 0.12 0.13 0.01 0.01 0.01 0.01 0.01 0.01 0.01 0.01 0.04 0.34 0.67 0.33 0.01 0.01 0.01 0.02 0.01 0.02 0.01 0.02 0.01 0.01 0.01 0.01 0.01 0.01 0.02 0.02 0.02 0.01 0.01 0.01 0.02 0.01 0.00 0.00 0.01 0.52 0.58 0.01 0.01 0.04 0.05 0.03 0.01 0.01 0.01 0.01 0.04 0.01 0.01 0.02 0.05 0.01 0.01 0.32 0.01 0.02 0.01 0.19 0.16 0.04 0.01 0.02
0.00 0.00 0.00 0.00 0.00 0.00 0.00 0.02 0.03 0.15 0.00 0.01 0.01 0.01 0.04 0.04 0.04 0.02 0.02 0.07 0.06 0.05 0.04 0.07 0.01 0.01 0.01 0.30 0.32 0.33 0.01 0.01 0.01 0.01 0.01 0.02 0.01 0.02 0.01 0.01 0.00 0.01 0.01 0.02 0.02 0.03 0.02 0.03 0.03 0.02 1.06 0.89 0.59 0.67 0.67 1.01 0.79 0.78 0.02 0.01 0.01 0.05 0.02 0.04 0.01 0.01 0.01 0.02 0.05 0.01 0.01 0.02 0.02 0.01 0.01 0.37 0.01 0.02 0.01 0.01 0.24 0.07 0.05 0.03
0.00 0.00 0.00 0.00 0.00 0.00 0.00 0.01 0.02 0.04 0.05 0.04 0.03 0.02 0.03 0.05 0.10 0.13 0.16 0.17 0.21 0.17 0.19 0.20 0.21 0.16 0.25 0.44 0.01 0.01 0.01 0.01 0.01 0.01 0.01 0.01 0.01 0.02 0.01 0.01 0.01 0.01 0.01 0.01 0.01 0.01 0.01 0.02 0.03 0.42 0.70 0.04 0.02 0.01 0.02 0.01 0.02 0.04 0.02 0.01 0.01 0.04 0.03 0.03 0.01 0.01 0.01 0.02 0.02 0.01 0.01 0.04 0.01 0.00 0.78 0.73 0.01 0.02 0.01 0.01 0.20 0.06 0.05 0.04
0.00 0.00 0.00 0.01 0.01 0.01 0.01 0.01 0.02 0.03 0.06 0.07 0.07 0.10 0.13 0.19 0.10 0.09 0.06 0.04 0.05 0.11 0.09 0.07 0.11 0.18 0.50 0.01 0.01 0.01 0.01 0.00 0.01 0.01 0.01 0.00 0.00 0.01 0.00 0.00 0.01 0.01 0.01 0.01 0.01 0.01 0.01 0.02 0.35 0.36 0.62 0.04 0.01 0.01 0.01 0.01 0.03 0.03 0.02 0.01 0.01 0.02 0.04 0.01 0.01 0.01 0.01 0.02 0.01 0.01 0.01 0.01 0.01 0.44 0.78 0.01 0.01 0.01 0.01 0.01 0.13 0.09 0.04 0.03
0.00 0.00 0.01 0.01 0.01 0.01 0.01 0.02 0.01 0.01 0.01 0.01 0.01 0.06 0.05 0.01 0.02 0.02 0.01 0.01 0.01 0.01 0.01 0.01 0.02 0.02 0.02 0.01 0.01 0.00 0.01 0.01 0.01 0.02 0.01 0.01 0.01 0.01 0.00 0.01 0.01 0.01 0.02 0.01 0.22 0.30 0.34 0.41 0.34 0.29 0.26 0.07 0.03 0.01 0.01 0.01 0.01 0.01 0.01 0.01 0.01 0.02 0.03 0.01 0.00 0.01 0.01 0.01 0.01 0.01 0.21 0.53 0.60 0.44 0.02 0.02 0.01 0.01 0.01 0.01 0.08 0.21 0.03 0.03
0.00 0.00 0.01 0.02 0.02 0.02 0.02 0.02 0.01 0.01 0.01 0.04 0.06 0.07 0.01 0.01 0.01 0.01 0.01 0.01 0.01 0.00 0.00 0.01 0.01 0.01 0.00 0.00 0.01 0.01 0.01 0.01 0.01 0.03 0.01 0.01 0.01 0.02 0.01 0.01 0.01 0.01 0.01 0.34 0.21 0.10 0.08 0.02 0.01 0.59 0.01 0.10 0.04 0.02 0.01 0.01 0.01 0.01 0.01 0.01 0.01 0.02 0.03 0.01 0.01 0.01 0.01 0.01 0.18 0.21 0.18 0.02 0.48 0.01 0.01 0.01 0.01 0.01 0.01 0.01 0.09 0.06 0.03 0.03
0.00 0.00 0.00 0.01 0.00 0.00 0.00 0.00 0.01 0.02 0.03 0.06 0.01 0.00 0.01 0.01 0.00 0.00 0.00 0.01 0.01 0.01 0.00 0.01 0.00 0.00 0.01 0.01 0.01 0.02 0.01 0.01 0.02 0.04 0.19 0.20 0.01 0.01 0.16 0.16 0.00 0.47 0.29 0.37 0.01 0.01 0.01 0.01 0.03 0.36 0.00 0.06 0.07 0.04 0.01 0.01 0.01 0.01 0.01 0.00 0.01 0.03 0.01 0.00 0.01 0.01 0.15 0.18 0.14 0.11 0.05 0.04 0.47 0.01 0.01 0.01 0.01 0.01 0.01 0.01 0.08 0.04 0.03 0.02
0.00 0.00 0.00 0.00 0.00 0.00 0.00 0.00 0.00 0.01 0.01 0.01 0.01 0.00 0.01 0.01 0.01 0.01 0.01 0.01 0.01 0.02 0.06 0.07 0.01 0.01 0.01 0.01 0.02 0.02 0.17 0.48 0.45 0.20 0.15 0.30 0.34 0.27 0.15 0.32 0.00 0.48 0.02 0.01 0.01 0.01 0.01 0.02 0.02 0.35 0.01 0.01 0.09 0.07 0.01 0.01 0.01 0.01 0.01 0.00 0.01 0.01 0.01 0.02 0.12 0.17 0.17 0.01 0.02 0.03 0.10 0.04 0.31 0.01 0.01 0.01 0.01 0.01 0.01 0.01 0.08 0.06 0.03 0.03
0.00 0.00 0.00 0.00 0.00 0.00 0.00 0.00 0.00 0.00 0.00 0.00 0.00 0.00 0.00 0.01 0.02 0.03 0.03 0.03 0.05 0.11 0.05 0.12 0.12 0.01 0.02 0.01 0.22 0.24 0.25 0.01 0.01 0.01 0.01 0.01 0.01 0.02 0.01 0.33 0.00 0.48 0.02 0.01 0.00 0.01 0.01 0.01 0.01 0.43 0.10 0.00 0.03 0.09 0.09 0.05 0.03 0.01 0.01 0.00 0.01 0.01 0.02 0.02 0.11 0.04 0.02 0.02 0.02 0.03 0.12 0.01 0.24 0.23 0.01 0.00 0.00 0.01 0.00 0.01 0.09 0.08 0.03 0.02
0.00 0.00 0.00 0.00 0.00 0.00 0.00 0.00 0.00 0.00 0.00 0.00 0.00 0.00 0.00 0.00 0.01 0.01 0.01 0.01 0.02 0.01 0.01 0.02 0.15 0.16 0.16 0.16 0.20 0.04 0.01 0.01 0.01 0.01 0.01 0.01 0.02 0.02 0.08 0.41 0.51 0.62 0.01 0.01 0.00 0.01 0.01 0.01 0.01 0.25 0.13 0.01 0.00 0.02 0.04 0.04 0.04 0.02 0.01 0.01 0.01 0.01 0.01 0.11 0.26 0.01 0.01 0.02 0.01 0.03 0.10 0.01 0.01 0.37 0.01 0.01 0.01 0.00 0.00 0.01 0.02 0.12 0.03 0.02
0.00 0.00 0.00 0.00 0.00 0.00 0.00 0.00 0.00 0.00 0.00 0.00 0.00 0.00 0.00 0.00 0.00 0.01 0.01 0.01 0.01 0.01 0.01 0.01 0.02 0.02 0.02 0.01 0.05 0.04 0.01 0.01 0.01 0.01 0.01 0.03 0.02 0.01 0.07 0.05 0.20 0.01 0.01 0.01 0.00 0.00 0.01 0.01 0.01 0.29 0.15 0.27 0.02 0.01 0.01 0.05 0.04 0.03 0.02 0.01 0.00 0.01 0.04 0.25 0.01 0.01 0.01 0.01 0.01 0.10 0.10 0.01 0.01 0.43 0.10 0.02 0.01 0.01 0.00 0.01 0.02 0.05 0.03 0.02
0.00 0.00 0.00 0.00 0.00 0.00 0.00 0.00 0.00 0.00 0.00 0.00 0.00 0.00 0.00 0.00 0.00 0.00 0.00 0.00 0.00 0.01 0.01 0.01 0.01 0.03 0.01 0.01 0.02 0.07 0.01 0.00 0.01 0.02 0.03 0.01 0.01 0.01 0.10 0.01 0.20 0.01 0.01 0.00 0.01 0.01 0.01 0.06 0.05 0.59 0.58 0.16 0.02 0.01 0.00 0.01 0.03 0.02 0.01 0.01 0.01 0.01 0.04 0.13 0.01 0.00 0.01 0.01 0.04 0.12 0.01 0.01 0.01 0.40 0.03 0.05 0.04 0.04 0.03 0.02 0.02 0.02 0.03 0.02
0.00 0.00 0.00 0.00 0.00 0.00 0.00 0.00 0.00 0.00 0.00 0.00 0.00 0.00 0.00 0.00 0.00 0.00 0.00 0.00 0.00 0.00 0.00 0.00 0.01 0.02 0.01 0.01 0.01 0.05 0.02 0.00 0.01 0.01 0.01 0.03 0.09 0.10 0.12 0.00 0.19 0.12 0.01 0.00 0.01 0.01 0.12 0.07 0.17 0.08 0.12 0.38 0.03 0.01 0.01 0.00 0.02 0.01 0.01 0.01 0.01 0.01 0.04 0.10 0.02 0.00 0.00 0.01 0.03 0.11 0.01 0.00 0.01 0.39 0.12 0.01 0.01 0.02 0.02 0.02 0.01 0.02 0.02 0.02
0.00 0.00 0.00 0.00 0.00 0.00 0.00 0.00 0.00 0.00 0.00 0.00 0.00 0.00 0.00 0.00 0.00 0.00 0.00 0.00 0.00 0.00 0.00 0.00 0.01 0.01 0.01 0.01 0.01 0.03 0.03 0.00 0.01 0.01 0.03 0.02 0.08 0.01 0.01 0.01 0.09 0.12 0.01 0.01 0.01 0.16 0.12 0.01 0.01 0.01 0.13 0.23 0.05 0.08 0.07 0.01 0.01 0.01 0.01 0.01 0.01 0.01 0.10 0.09 0.01 0.01 0.01 0.10 0.11 0.07 0.01 0.00 0.18 0.15 0.09 0.06 0.04 0.03 0.02 0.02 0.02 0.02 0.03 0.01
0.00 0.00 0.00 0.00 0.00 0.00 0.00 0.00 0.00 0.00 0.00 0.00 0.00 0.00 0.00 0.00 0.00 0.00 0.00 0.00 0.00 0.00 0.00 0.00 0.00 0.01 0.00 0.01 0.01 0.02 0.09 0.01 0.01 0.01 0.02 0.06 0.05 0.01 0.00 0.00 0.18 0.01 0.01 0.00 0.01 0.15 0.01 0.00 0.01 0.01 0.19 0.15 0.01 0.01 0.06 0.06 0.03 0.01 0.00 0.01 0.01 0.01 0.13 0.01 0.01 0.02 0.06 0.09 0.01 0.01 0.00 0.01 0.18 0.03 0.10 0.02 0.03 0.02 0.02 0.02 0.01 0.01 0.02 0.01
0.00 0.00 0.00 0.00 0.00 0.00 0.00 0.00 0.00 0.00 0.00 0.00 0.00 0.00 0.00 0.00 0.00 0.00 0.00 0.00 0.00 0.00 0.00 0.00 0.00 0.00 0.00 0.01 0.01 0.01 0.03 0.00 0.01 0.02 0.02 0.04 0.01 0.00 0.01 0.14 0.17 0.01 0.00 0.01 0.12 0.14 0.01 0.00 0.01 0.01 0.12 0.27 0.01 0.01 0.01 0.01 0.07 0.01 0.01 0.01 0.02 0.09 0.12 0.01 0.01 0.01 0.07 0.01 0.01 0.01 0.01 0.10 0.16 0.05 0.07 0.03 0.03 0.02 0.02 0.02 0.02 0.01 0.01 0.01
0.00 0.00 0.00 0.00 0.00 0.00 0.00 0.00 0.00 0.00 0.00 0.00 0.00 0.00 0.00 0.00 0.00 0.00 0.00 0.00 0.00 0.00 0.00 0.00 0.00 0.00 0.00 0.00 0.01 0.01 0.02 0.00 0.01 0.01 0.01 0.01 0.00 0.00 0.13 0.14 0.01 0.01 0.00 0.01 0.12 0.02 0.01 0.00 0.01 0.01 0.16 0.19 0.03 0.01 0.01 0.01 0.01 0.01 0.01 0.01 0.04 0.04 0.05 0.01 0.01 0.03 0.05 0.01 0.01 0.01 0.09 0.06 0.09 0.08 0.03 0.02 0.02 0.02 0.02 0.02 0.02 0.01 0.01 0.01
0.00 0.00 0.00 0.00 0.00 0.00 0.00 0.00 0.00 0.00 0.00 0.00 0.00 0.00 0.00 0.00 0.00 0.00 0.00 0.00 0.00 0.00 0.00 0.00 0.00 0.00 0.00 0.00 0.00 0.01 0.01 0.00 0.00 0.01 0.01 0.01 0.03 0.14 0.12 0.01 0.01 0.00 0.01 0.05 0.09 0.01 0.01 0.00 0.01 0.01 0.22 0.11 0.03 0.01 0.01 0.01 0.00 0.01 0.01 0.01 0.04 0.04 0.03 0.01 0.01 0.01 0.01 0.01 0.00 0.03 0.08 0.02 0.01 0.19 0.01 0.02 0.02 0.02 0.02 0.02 0.01 0.01 0.01 0.01
0.00 0.00 0.00 0.00 0.00 0.00 0.00 0.00 0.00 0.00 0.00 0.00 0.00 0.00 0.00 0.00 0.00 0.00 0.00 0.00 0.00 0.00 0.00 0.00 0.00 0.00 0.00 0.00 0.00 0.01 0.01 0.01 0.01 0.05 0.08 0.11 0.04 0.13 0.01 0.01 0.00 0.01 0.07 0.05 0.07 0.01 0.01 0.00 0.01 0.01 0.14 0.13 0.06 0.01 0.01 0.01 0.01 0.00 0.00 0.01 0.05 0.02 0.02 0.01 0.01 0.01 0.00 0.00 0.00 0.04 0.03 0.03 0.01 0.11 0.08 0.03 0.02 0.02 0.02 0.02 0.01 0.01 0.01 0.01
0.00 0.00 0.00 0.00 0.00 0.00 0.00 0.00 0.00 0.00 0.00 0.00 0.00 0.00 0.00 0.00 0.00 0.00 0.00 0.00 0.00 0.00 0.00 0.00 0.00 0.00 0.00 0.00 0.00 0.00 0.01 0.01 0.03 0.14 0.01 0.01 0.06 0.07 0.01 0.01 0.01 0.03 0.08 0.01 0.03 0.01 0.01 0.00 0.01 0.02 0.22 0.06 0.06 0.14 0.06 0.02 0.01 0.01 0.01 0.00 0.12 0.00 0.01 0.01 0.01 0.00 0.00 0.01 0.04 0.07 0.01 0.01 0.01 0.09 0.04 0.03 0.02 0.02 0.02 0.01 0.01 0.01 0.01 0.01
0.00 0.00 0.00 0.00 0.00 0.00 0.00 0.00 0.00 0.00 0.00 0.00 0.00 0.00 0.00 0.00 0.00 0.00 0.00 0.00 0.00 0.00 0.00 0.00 0.00 0.00 0.00 0.00 0.00 0.01 0.01 0.02 0.03 0.03 0.01 0.01 0.03 0.01 0.01 0.01 0.01 0.03 0.03 0.01 0.02 0.01 0.00 0.01 0.02 0.07 0.18 0.02 0.01 0.05 0.05 0.10 0.06 0.01 0.01 0.00 0.11 0.00 0.00 0.01 0.01 0.01 0.02 0.05 0.04 0.03 0.00 0.01 0.01 0.07 0.04 0.03 0.02 0.02 0.01 0.01 0.01 0.01 0.01 0.00
0.00 0.00 0.00 0.00 0.00 0.00 0.00 0.00 0.00 0.00 0.00 0.00 0.00 0.00 0.00 0.00 0.00 0.00 0.00 0.00 0.00 0.00 0.00 0.00 0.00 0.00 0.00 0.00 0.00 0.01 0.01 0.01 0.02 0.02 0.01 0.01 0.01 0.01 0.01 0.01 0.01 0.02 0.02 0.01 0.01 0.01 0.01 0.03 0.03 0.03 0.16 0.03 0.02 0.02 0.01 0.01 0.05 0.05 0.05 0.01 0.11 0.00 0.00 0.01 0.00 0.01 0.01 0.02 0.01 0.01 0.00 0.01 0.01 0.05 0.04 0.03 0.02 0.02 0.02 0.01 0.01 0.01 0.00 0.01
0.00 0.00 0.00 0.00 0.00 0.00 0.00 0.00 0.00 0.00 0.00 0.00 0.00 0.00 0.00 0.00 0.00 0.00 0.00 0.00 0.00 0.00 0.00 0.00 0.00 0.00 0.00 0.00 0.00 0.00 0.00 0.01 0.01 0.01 0.00 0.00 0.01 0.00 0.00 0.01 0.01 0.01 0.02 0.01 0.01 0.00 0.07 0.04 0.03 0.04 0.13 0.03 0.02 0.02 0.01 0.01 0.01 0.02 0.04 0.01 0.10 0.01 0.00 0.00 0.01 0.01 0.01 0.01 0.01 0.00 0.00 0.01 0.01 0.04 0.03 0.03 0.02 0.02 0.01 0.01 0.01 0.01 0.01 0.00
0.00 0.00 0.00 0.00 0.00 0.00 0.00 0.00 0.00 0.00 0.00 0.00 0.00 0.00 0.00 0.00 0.00 0.00 0.00 0.00 0.00 0.00 0.00 0.00 0.00 0.00 0.00 0.00 0.00 0.00 0.00 0.01 0.01 0.01 0.00 0.00 0.00 0.00 0.00 0.01 0.01 0.01 0.01 0.00 0.01 0.01 0.06 0.01 0.01 0.04 0.11 0.03 0.02 0.01 0.01 0.01 0.01 0.01 0.01 0.01 0.10 0.00 0.00 0.00 0.00 0.00 0.00 0.00 0.00 0.00 0.00 0.00 0.01 0.03 0.02 0.02 0.02 0.02 0.01 0.01 0.01 0.01 0.00 0.00
0.00 0.00 0.00 0.00 0.00 0.00 0.00 0.00 0.00 0.00 0.00 0.00 0.00 0.00 0.00 0.00 0.00 0.00 0.00 0.00 0.00 0.00 0.00 0.00 0.00 0.00 0.00 0.00 0.00 0.00 0.00 0.00 0.00 0.00 0.00 0.00 0.00 0.00 0.00 0.00 0.00 0.00 0.00 0.01 0.02 0.04 0.04 0.01 0.01 0.03 0.11 0.05 0.02 0.01 0.01 0.01 0.01 0.00 0.01 0.01 0.09 0.08 0.05 0.00 0.00 0.00 0.00 0.00 0.00 0.00 0.00 0.00 0.01 0.02 0.01 0.02 0.02 0.02 0.01 0.02 0.01 0.00 0.00 0.00
0.00 0.00 0.00 0.00 0.00 0.00 0.00 0.00 0.00 0.00 0.00 0.00 0.00 0.00 0.00 0.00 0.00 0.00 0.00 0.00 0.00 0.00 0.00 0.00 0.00 0.00 0.00 0.00 0.00 0.00 0.00 0.00 0.00 0.00 0.00 0.00 0.00 0.00 0.00 0.00 0.00 0.00 0.01 0.01 0.01 0.03 0.01 0.01 0.01 0.03 0.09 0.05 0.02 0.02 0.01 0.01 0.01 0.00 0.01 0.01 0.01 0.03 0.04 0.00 0.00 0.00 0.00 0.00 0.00 0.00 0.00 0.00 0.00 0.01 0.01 0.01 0.02 0.02 0.02 0.00 0.00 0.00 0.00 0.00
0.00 0.00 0.00 0.00 0.00 0.00 0.00 0.00 0.00 0.00 0.00 0.00 0.00 0.00 0.00 0.00 0.00 0.00 0.00 0.00 0.00 0.00 0.00 0.00 0.00 0.00 0.00 0.00 0.00 0.00 0.00 0.00 0.00 0.00 0.00 0.00 0.00 0.00 0.00 0.00 0.00 0.00 0.00 0.00 0.01 0.01 0.01 0.01 0.02 0.04 0.06 0.04 0.02 0.01 0.01 0.01 0.01 0.00 0.00 0.01 0.02 0.04 0.00 0.00 0.00 0.00 0.00 0.00 0.00 0.00 0.00 0.00 0.00 0.00 0.00 0.00 0.00 0.00 0.00 0.00 0.00 0.00 0.00 0.00
