NEW_versions/Scripts/Results/Iao_50m/MaxFloodMaps/Iao_50m_0.9.asc
NCOLS 111
NROWS 84
XLLCENTER 750508.350000
YLLCENTER 2308429.860000
CELLSIZE 50.000000
NODATA_value -99999.000000
[rows 0 to 37 of 84, columns 0 to 83 of 111]
0.00 0.00 0.00 0.00 0.00 0.00 0.00 0.00 0.00 0.00 0.00 0.00 0.00 0.00 0.00 0.00 0.00 0.00 0.00 0.00 0.00 0.00 0.00 0.00 0.00 0.00 0.00 0.00 0.00 0.00 0.00 0.00 0.00 0.00 0.00 0.00 0.00 0.00 0.00 0.00 0.00 0.00 0.00 0.00 0.00 0.00 0.00 0.00 0.00 0.00 0.00 0.00 0.00 0.00 0.00 0.00 0.00 0.00 0.00 0.00 0.00 0.00 0.00 0.00 0.00 0.00 0.00 0.00 0.00 0.00 0.00 0.00 0.00 0.00 0.00 0.00 0.00 0.00 0.00 0.00 0.00 0.00 0.00 0.00
0.00 0.00 0.00 0.00 0.00 0.00 0.00 0.00 0.00 0.00 0.00 0.00 0.00 0.00 0.00 0.00 0.00 0.00 0.00 0.00 0.00 0.00 0.00 0.00 0.00 0.00 0.00 0.00 0.00 0.00 0.00 0.00 0.00 0.00 0.00 0.00 0.00 0.00 0.00 0.00 0.00 0.00 0.00 0.00 0.00 0.00 0.00 0.00 0.00 0.00 0.00 0.00 0.01 0.01 0.00 0.01 0.01 0.00 0.01 0.00 0.01 0.00 0.00 0.00 0.00 0.00 0.00 0.00 0.00 0.00 0.00 0.00 0.00 0.00 0.00 0.00 0.00 0.00 0.00 0.00 0.00 0.00 0.00 0.00
0.00 0.00 0.00 0.00 0.00 0.00 0.00 0.00 0.00 0.00 0.00 0.00 0.00 0.00 0.00 0.00 0.00 0.00 0.00 0.00 0.00 0.00 0.00 0.00 0.00 0.00 0.00 0.00 0.00 0.00 0.00 0.00 0.00 0.00 0.00 0.00 0.00 0.00 0.00 0.00 0.00 0.00 0.00 0.00 0.00 0.00 0.00 0.00 0.01 0.01 0.01 0.01 0.01 0.01 0.00 0.01 0.01 0.01 0.01 0.01 0.01 0.01 0.00 0.00 0.00 0.00 0.00 0.00 0.01 0.01 0.00 0.00 0.00 0.00 0.00 0.00 0.00 0.00 0.00 0.00 0.00 0.00 0.00 0.00
0.00 0.00 0.00 0.00 0.00 0.00 0.00 0.00 0.00 0.00 0.00 0.00 0.00 0.00 0.00 0.00 0.00 0.00 0.00 0.00 0.00 0.00 0.00 0.00 0.00 0.00 0.00 0.00 0.00 0.00 0.00 0.00 0.00 0.00 0.00 0.00 0.00 0.00 0.00 0.00 0.00 0.00 0.00 0.00 0.00 0.00 0.00 0.01 0.01 0.01 0.01 0.01 0.01 0.02 0.01 0.01 0.01 0.02 0.01 0.01 0.01 0.01 0.00 0.00 0.00 0.00 0.01 0.01 0.01 0.02 0.00 0.01 0.01 0.00 0.00 0.00 0.00 0.00 0.00 0.00 0.00 0.00 0.00 0.00
0.00 0.00 0.00 0.00 0.00 0.00 0.00 0.00 0.00 0.00 0.00 0.00 0.00 0.00 0.00 0.00 0.00 0.00 0.00 0.00 0.00 0.00 0.00 0.00 0.00 0.00 0.00 0.00 0.00 0.00 0.00 0.00 0.00 0.00 0.00 0.00 0.00 0.00 0.00 0.00 0.00 0.00 0.00 0.00 0.00 0.00 0.01 0.01 0.01 0.01 0.01 0.01 0.01 0.02 0.02 0.01 0.01 0.02 0.02 0.01 0.01 0.01 0.01 0.00 0.01 0.01 0.01 0.01 0.02 0.01 0.01 0.01 0.01 0.01 0.01 0.00 0.00 0.00 0.00 0.00 0.00 0.00 0.00 0.00
0.00 0.00 0.00 0.00 0.00 0.00 0.00 0.00 0.00 0.00 0.00 0.00 0.00 0.00 0.00 0.00 0.00 0.00 0.00 0.00 0.00 0.00 0.00 0.00 0.00 0.00 0.00 0.00 0.00 0.00 0.00 0.00 0.00 0.00 0.00 0.00 0.00 0.00 0.00 0.00 0.00 0.00 0.00 0.00 0.00 0.00 0.01 0.01 0.01 0.01 0.01 0.01 0.02 0.02 0.01 0.01 0.01 0.02 0.02 0.02 0.01 0.01 0.01 0.01 0.01 0.01 0.01 0.02 0.02 0.01 0.01 0.01 0.01 0.01 0.02 0.01 0.00 0.00 0.00 0.00 0.00 0.00 0.00 0.01
0.00 0.00 0.00 0.00 0.00 0.00 0.00 0.00 0.00 0.00 0.00 0.00 0.00 0.00 0.00 0.00 0.00 0.00 0.00 0.00 0.00 0.00 0.00 0.00 0.00 0.00 0.00 0.00 0.00 0.00 0.00 0.00 0.00 0.00 0.00 0.00 0.00 0.00 0.00 0.00 0.00 0.00 0.00 0.01 0.01 0.01 0.01 0.01 0.01 0.01 0.01 0.02 0.03 0.02 0.02 0.02 0.02 0.02 0.02 0.02 0.02 0.01 0.01 0.01 0.01 0.01 0.01 0.04 0.02 0.01 0.01 0.01 0.01 0.01 0.02 0.01 0.00 0.01 0.01 0.00 0.00 0.00 0.01 0.01
0.00 0.00 0.00 0.00 0.00 0.00 0.00 0.00 0.00 0.00 0.00 0.00 0.00 0.00 0.00 0.00 0.00 0.00 0.00 0.00 0.00 0.00 0.00 0.00 0.00 0.00 0.00 0.00 0.00 0.00 0.00 0.00 0.00 0.00 0.00 0.00 0.00 0.00 0.00 0.00 0.00 0.01 0.01 0.01 0.01 0.01 0.02 0.01 0.01 0.01 0.01 0.02 0.03 0.02 0.02 0.02 0.02 0.02 0.02 0.02 0.02 0.01 0.01 0.01 0.01 0.01 0.01 0.05 0.02 0.01 0.01 0.01 0.01 0.02 0.02 0.01 0.01 0.01 0.01 0.01 0.00 0.01 0.01 0.01
0.00 0.00 0.00 0.00 0.00 0.00 0.00 0.00 0.00 0.00 0.00 0.00 0.00 0.00 0.00 0.00 0.00 0.00 0.00 0.00 0.00 0.00 0.00 0.00 0.00 0.00 0.00 0.00 0.00 0.00 0.00 0.00 0.00 0.00 0.00 0.00 0.00 0.00 0.00 0.00 0.01 0.01 0.01 0.01 0.01 0.01 0.02 0.01 0.01 0.01 0.01 0.02 0.02 0.03 0.02 0.02 0.02 0.02 0.03 0.03 0.02 0.02 0.01 0.01 0.01 0.01 0.01 0.03 0.01 0.01 0.01 0.01 0.01 0.02 0.03 0.02 0.01 0.02 0.01 0.01 0.01 0.01 0.01 0.01
0.00 0.00 0.00 0.00 0.00 0.00 0.00 0.00 0.00 0.00 0.00 0.00 0.00 0.00 0.00 0.00 0.00 0.00 0.00 0.00 0.00 0.00 0.00 0.00 0.00 0.00 0.00 0.00 0.00 0.00 0.00 0.00 0.00 0.00 0.01 0.01 0.00 0.01 0.01 0.01 0.01 0.01 0.01 0.01 0.01 0.02 0.02 0.01 0.01 0.01 0.02 0.02 0.03 0.03 0.03 0.02 0.02 0.03 0.03 0.03 0.02 0.02 0.01 0.01 0.01 0.01 0.01 0.10 0.01 0.01 0.01 0.01 0.02 0.02 0.03 0.02 0.02 0.02 0.01 0.01 0.01 0.02 0.01 0.01
0.00 0.00 0.00 0.00 0.00 0.00 0.00 0.00 0.00 0.00 0.00 0.00 0.00 0.00 0.00 0.00 0.00 0.00 0.00 0.00 0.00 0.00 0.00 0.00 0.00 0.00 0.00 0.00 0.00 0.00 0.00 0.01 0.01 0.01 0.01 0.01 0.01 0.01 0.01 0.01 0.01 0.01 0.01 0.01 0.01 0.02 0.02 0.01 0.02 0.02 0.02 0.04 0.07 0.03 0.03 0.03 0.03 0.03 0.03 0.04 0.02 0.02 0.01 0.01 0.01 0.01 0.01 0.07 0.04 0.01 0.01 0.01 0.02 0.03 0.03 0.02 0.02 0.02 0.01 0.01 0.01 0.02 0.02 0.01
0.00 0.00 0.00 0.00 0.00 0.00 0.00 0.00 0.00 0.00 0.00 0.00 0.00 0.00 0.00 0.00 0.00 0.00 0.00 0.00 0.00 0.00 0.00 0.00 0.00 0.00 0.00 0.00 0.00 0.00 0.01 0.01 0.01 0.01 0.01 0.01 0.02 0.01 0.01 0.01 0.01 0.02 0.02 0.02 0.02 0.02 0.02 0.02 0.02 0.02 0.02 0.02 0.07 0.10 0.07 0.06 0.04 0.04 0.04 0.06 0.04 0.03 0.02 0.01 0.01 0.01 0.01 0.03 0.04 0.03 0.04 0.01 0.02 0.04 0.03 0.02 0.02 0.02 0.01 0.01 0.01 0.03 0.02 0.01
0.00 0.00 0.00 0.00 0.00 0.00 0.00 0.00 0.00 0.00 0.00 0.00 0.00 0.00 0.00 0.00 0.00 0.00 0.00 0.00 0.00 0.00 0.00 0.00 0.00 0.01 0.01 0.01 0.01 0.01 0.01 0.01 0.01 0.01 0.01 0.02 0.03 0.01 0.01 0.00 0.01 0.01 0.02 0.02 0.02 0.02 0.02 0.02 0.03 0.04 0.07 0.01 0.01 0.01 0.04 0.15 0.05 0.04 0.08 0.07 0.11 0.04 0.03 0.05 0.02 0.01 0.01 0.02 0.02 0.05 0.08 0.07 0.05 0.06 0.03 0.02 0.02 0.02 0.01 0.01 0.01 0.02 0.02 0.01
0.00 0.00 0.00 0.00 0.00 0.00 0.00 0.00 0.00 0.00 0.00 0.00 0.00 0.00 0.01 0.01 0.01 0.01 0.01 0.01 0.01 0.01 0.01 0.01 0.01 0.01 0.01 0.02 0.01 0.00 0.01 0.01 0.01 0.01 0.01 0.02 0.03 0.02 0.01 0.01 0.01 0.01 0.01 0.02 0.02 0.02 0.03 0.03 0.03 0.03 0.04 0.04 0.03 0.00 0.02 0.15 0.18 0.00 0.04 0.11 0.12 0.02 0.00 0.09 0.05 0.01 0.00 0.02 0.02 0.01 0.03 0.04 0.06 0.21 0.22 0.03 0.03 0.02 0.03 0.02 0.01 0.03 0.03 0.01
0.00 0.00 0.00 0.00 0.00 0.00 0.00 0.00 0.00 0.00 0.00 0.01 0.01 0.01 0.01 0.01 0.01 0.01 0.01 0.02 0.01 0.01 0.01 0.02 0.01 0.01 0.01 0.01 0.01 0.01 0.01 0.01 0.01 0.01 0.01 0.02 0.03 0.03 0.01 0.01 0.01 0.01 0.01 0.01 0.02 0.02 0.04 0.04 0.06 0.05 0.04 0.03 0.07 0.00 0.01 0.02 0.18 0.00 0.01 0.05 0.19 0.01 0.00 0.01 0.08 0.01 0.01 0.03 0.02 0.03 0.02 0.03 0.01 0.01 0.22 0.18 0.20 0.02 0.03 0.05 0.02 0.02 0.03 0.01
0.00 0.00 0.00 0.00 0.00 0.00 0.00 0.00 0.00 0.00 0.00 0.01 0.01 0.01 0.01 0.01 0.01 0.01 0.01 0.02 0.01 0.01 0.01 0.01 0.01 0.01 0.01 0.01 0.01 0.01 0.01 0.01 0.01 0.01 0.02 0.02 0.04 0.02 0.01 0.01 0.01 0.01 0.01 0.01 0.01 0.02 0.02 0.04 0.06 0.08 0.11 0.12 0.20 0.09 0.06 0.20 0.18 0.01 0.01 0.04 0.27 0.02 0.00 0.01 0.04 0.08 0.01 0.08 0.02 0.03 0.01 0.04 0.02 0.00 0.00 0.01 0.23 0.03 0.05 0.04 0.02 0.02 0.02 0.02
0.00 0.00 0.00 0.00 0.00 0.00 0.00 0.01 0.01 0.01 0.01 0.01 0.01 0.01 0.01 0.02 0.01 0.01 0.01 0.01 0.01 0.01 0.01 0.02 0.02 0.01 0.01 0.01 0.01 0.01 0.01 0.01 0.01 0.02 0.03 0.03 0.03 0.02 0.01 0.01 0.01 0.01 0.01 0.01 0.01 0.01 0.01 0.01 0.01 0.01 0.01 0.01 0.01 0.11 0.09 0.09 0.18 0.03 0.01 0.03 0.14 0.14 0.13 0.01 0.07 0.04 0.01 0.04 0.06 0.02 0.01 0.04 0.05 0.01 0.01 0.01 0.43 0.05 0.04 0.03 0.03 0.03 0.02 0.01
0.00 0.00 0.00 0.00 0.00 0.00 0.01 0.01 0.01 0.01 0.01 0.01 0.01 0.01 0.01 0.02 0.02 0.01 0.02 0.01 0.01 0.01 0.02 0.02 0.02 0.01 0.01 0.01 0.02 0.02 0.01 0.02 0.03 0.02 0.03 0.03 0.03 0.02 0.01 0.01 0.01 0.01 0.01 0.01 0.01 0.01 0.01 0.01 0.01 0.01 0.01 0.01 0.01 0.01 0.06 0.12 0.31 0.36 0.01 0.00 0.06 0.17 0.49 0.11 0.13 0.09 0.01 0.03 0.09 0.01 0.03 0.02 0.07 0.01 0.01 0.01 0.43 0.04 0.00 0.04 0.03 0.02 0.02 0.01
0.00 0.00 0.00 0.00 0.00 0.01 0.01 0.01 0.01 0.01 0.01 0.01 0.01 0.01 0.01 0.02 0.02 0.03 0.03 0.02 0.01 0.01 0.02 0.03 0.01 0.01 0.01 0.01 0.01 0.02 0.02 0.02 0.04 0.03 0.03 0.03 0.03 0.02 0.01 0.01 0.01 0.01 0.01 0.01 0.01 0.01 0.01 0.01 0.01 0.01 0.01 0.01 0.01 0.01 0.01 0.02 0.02 0.33 0.33 0.01 0.03 0.03 0.05 0.37 0.11 0.14 0.12 0.03 0.07 0.01 0.03 0.03 0.05 0.06 0.02 0.01 0.22 0.01 0.00 0.06 0.03 0.03 0.02 0.01
0.00 0.00 0.00 0.00 0.01 0.01 0.01 0.01 0.02 0.01 0.01 0.02 0.02 0.02 0.02 0.02 0.03 0.03 0.06 0.02 0.01 0.01 0.01 0.02 0.03 0.01 0.01 0.01 0.02 0.02 0.02 0.03 0.09 0.04 0.03 0.03 0.02 0.02 0.01 0.01 0.02 0.02 0.01 0.01 0.02 0.02 0.02 0.03 0.01 0.01 0.01 0.01 0.01 0.01 0.01 0.01 0.01 0.02 0.39 0.39 0.02 0.00 0.04 0.03 0.13 0.11 0.18 0.14 0.10 0.01 0.02 0.03 0.08 0.09 0.03 0.02 0.36 0.01 0.01 0.05 0.11 0.10 0.04 0.02
0.00 0.00 0.00 0.01 0.01 0.01 0.01 0.02 0.02 0.02 0.01 0.01 0.02 0.02 0.02 0.02 0.03 0.04 0.06 0.03 0.02 0.01 0.01 0.02 0.03 0.02 0.02 0.02 0.02 0.02 0.02 0.03 0.07 0.14 0.03 0.02 0.02 0.05 0.01 0.01 0.01 0.02 0.02 0.01 0.01 0.03 0.04 0.06 0.01 0.01 0.01 0.02 0.01 0.01 0.01 0.01 0.01 0.01 0.02 0.38 0.33 0.01 0.01 0.01 0.07 0.15 0.19 0.25 0.38 0.33 0.01 0.02 0.15 0.09 0.04 0.09 0.39 0.01 0.01 0.09 0.10 0.02 0.03 0.03
0.00 0.00 0.01 0.02 0.01 0.01 0.01 0.02 0.02 0.02 0.02 0.01 0.01 0.02 0.03 0.03 0.03 0.03 0.04 0.04 0.02 0.01 0.01 0.02 0.03 0.02 0.01 0.01 0.02 0.02 0.02 0.02 0.03 0.12 0.08 0.01 0.04 0.04 0.01 0.01 0.01 0.04 0.02 0.01 0.01 0.01 0.02 0.09 0.08 0.02 0.02 0.02 0.02 0.02 0.03 0.05 0.01 0.01 0.01 0.01 0.38 0.49 0.01 0.01 0.01 0.01 0.02 0.01 0.02 0.28 0.44 0.01 0.01 0.06 0.04 0.02 0.39 0.29 0.30 0.11 0.04 0.02 0.02 0.02
0.00 0.00 0.00 0.01 0.01 0.01 0.01 0.02 0.02 0.02 0.02 0.01 0.01 0.01 0.01 0.00 0.03 0.05 0.05 0.08 0.01 0.01 0.01 0.02 0.04 0.04 0.02 0.02 0.02 0.02 0.02 0.03 0.02 0.04 0.12 0.07 0.04 0.03 0.01 0.01 0.01 0.05 0.02 0.01 0.00 0.01 0.01 0.02 0.04 0.05 0.04 0.02 0.02 0.02 0.01 0.05 0.07 0.01 0.01 0.01 0.02 0.48 0.37 0.01 0.01 0.02 0.02 0.02 0.01 0.01 0.33 0.34 0.02 0.03 0.04 0.05 0.01 0.01 0.35 0.40 0.03 0.02 0.03 0.02
0.00 0.00 0.00 0.01 0.01 0.01 0.01 0.01 0.02 0.03 0.02 0.01 0.01 0.01 0.02 0.00 0.01 0.03 0.04 0.14 0.07 0.01 0.01 0.04 0.03 0.04 0.01 0.02 0.04 0.05 0.04 0.04 0.03 0.04 0.17 0.03 0.03 0.02 0.01 0.01 0.01 0.04 0.06 0.01 0.01 0.01 0.01 0.01 0.04 0.05 0.11 0.12 0.02 0.01 0.02 0.01 0.08 0.18 0.01 0.01 0.01 0.01 0.52 0.39 0.01 0.01 0.01 0.02 0.04 0.02 0.01 0.45 0.33 0.02 0.02 0.03 0.05 0.00 0.01 0.33 0.05 0.03 0.03 0.02
0.00 0.00 0.00 0.01 0.01 0.02 0.02 0.03 0.02 0.02 0.02 0.02 0.03 0.01 0.01 0.01 0.01 0.01 0.03 0.10 0.33 0.08 0.08 0.08 0.03 0.02 0.01 0.00 0.01 0.01 0.04 0.07 0.13 0.08 0.25 0.04 0.02 0.02 0.01 0.01 0.01 0.03 0.08 0.01 0.01 0.00 0.00 0.01 0.01 0.01 0.01 0.11 0.16 0.01 0.02 0.02 0.01 0.07 0.10 0.11 0.00 0.01 0.02 0.50 0.44 0.01 0.01 0.02 0.01 0.01 0.01 0.02 0.40 0.03 0.01 0.01 0.06 0.06 0.03 0.32 0.08 0.03 0.03 0.03
0.00 0.01 0.01 0.01 0.01 0.02 0.03 0.04 0.04 0.02 0.02 0.02 0.02 0.02 0.03 0.01 0.01 0.01 0.00 0.01 0.01 0.09 0.19 0.25 0.03 0.02 0.01 0.01 0.01 0.01 0.01 0.01 0.01 0.04 0.30 0.26 0.02 0.02 0.01 0.01 0.01 0.03 0.13 0.01 0.01 0.00 0.01 0.01 0.01 0.01 0.01 0.01 0.15 0.01 0.01 0.02 0.02 0.01 0.01 0.17 0.01 0.01 0.01 0.01 0.47 0.61 0.35 0.27 0.23 0.19 0.01 0.01 0.23 0.27 0.01 0.01 0.00 0.01 0.01 0.61 0.01 0.02 0.02 0.02
0.00 0.01 0.02 0.02 0.03 0.03 0.03 0.04 0.05 0.04 0.03 0.03 0.02 0.02 0.06 0.02 0.01 0.01 0.00 0.01 0.01 0.01 0.01 0.25 0.26 0.02 0.01 0.01 0.00 0.01 0.01 0.01 0.01 0.02 0.02 0.52 0.27 0.01 0.01 0.01 0.01 0.12 0.10 0.01 0.01 0.01 0.01 0.02 0.03 0.02 0.01 0.02 0.22 0.02 0.01 0.01 0.02 0.02 0.02 0.09 0.19 0.01 0.01 0.00 0.01 0.02 0.17 0.39 0.38 0.34 0.39 0.38 0.44 0.62 0.87 0.87 0.01 0.01 0.01 0.54 0.62 0.02 0.03 0.02
0.01 0.01 0.01 0.01 0.01 0.03 0.03 0.04 0.06 0.08 0.10 0.09 0.09 0.01 0.03 0.05 0.01 0.01 0.01 0.01 0.01 0.01 0.01 0.01 0.28 0.02 0.01 0.01 0.01 0.01 0.02 0.02 0.02 0.03 0.02 0.02 0.40 0.01 0.01 0.01 0.08 0.10 0.01 0.01 0.01 0.02 0.01 0.01 0.01 0.03 0.05 0.04 0.10 0.11 0.01 0.01 0.02 0.02 0.03 0.02 0.13 0.22 0.01 0.01 0.01 0.01 0.01 0.02 0.01 0.02 0.01 0.01 0.02 0.02 0.02 0.85 0.62 0.01 0.01 0.01 0.53 0.02 0.02 0.01
0.00 0.01 0.01 0.01 0.01 0.01 0.05 0.07 0.06 0.03 0.02 0.08 0.22 0.23 0.25 0.02 0.03 0.01 0.01 0.01 0.01 0.00 0.01 0.01 0.28 0.28 0.01 0.01 0.01 0.01 0.01 0.02 0.03 0.05 0.04 0.02 0.30 0.32 0.01 0.01 0.16 0.04 0.01 0.01 0.02 0.02 0.01 0.01 0.01 0.01 0.01 0.02 0.08 0.13 0.08 0.01 0.01 0.02 0.02 0.02 0.01 0.09 0.09 0.01 0.02 0.00 0.01 0.00 0.01 0.01 0.01 0.01 0.01 0.03 0.02 0.02 0.62 0.75 0.75 0.00 0.53 0.54 0.02 0.01
0.00 0.00 0.01 0.01 0.01 0.01 0.01 0.03 0.03 0.01 0.01 0.01 0.01 0.02 0.19 0.29 0.34 0.02 0.02 0.01 0.01 0.01 0.01 0.01 0.01 0.28 0.01 0.01 0.01 0.01 0.01 0.01 0.01 0.01 0.03 0.03 0.02 0.40 0.01 0.01 0.11 0.03 0.01 0.01 0.03 0.02 0.01 0.01 0.01 0.01 0.01 0.02 0.04 0.22 0.10 0.09 0.01 0.02 0.02 0.02 0.02 0.06 0.24 0.01 0.02 0.01 0.02 0.01 0.00 0.01 0.02 0.03 0.03 0.02 0.02 0.02 0.02 0.02 0.76 0.73 0.01 0.68 0.02 0.01
0.00 0.00 0.00 0.01 0.01 0.01 0.01 0.01 0.02 0.02 0.02 0.01 0.02 0.02 0.01 0.02 0.27 0.32 0.32 0.01 0.01 0.01 0.01 0.01 0.01 0.37 0.02 0.01 0.01 0.01 0.01 0.01 0.01 0.01 0.02 0.04 0.04 0.34 0.01 0.01 0.12 0.03 0.02 0.01 0.04 0.02 0.02 0.01 0.01 0.01 0.01 0.03 0.05 0.08 0.19 0.07 0.02 0.01 0.01 0.03 0.02 0.11 0.07 0.01 0.05 0.04 0.04 0.01 0.01 0.00 0.01 0.01 0.04 0.07 0.04 0.03 0.02 0.02 0.02 0.64 0.94 0.60 0.67 0.01
0.00 0.00 0.00 0.00 0.01 0.01 0.01 0.01 0.02 0.02 0.02 0.02 0.02 0.02 0.01 0.02 0.02 0.03 0.33 0.66 0.34 0.01 0.01 0.01 0.01 0.23 0.10 0.01 0.00 0.01 0.02 0.01 0.01 0.02 0.02 0.01 0.02 0.42 0.34 0.01 0.11 0.02 0.02 0.01 0.05 0.02 0.03 0.01 0.01 0.01 0.00 0.01 0.01 0.04 0.15 0.18 0.02 0.01 0.02 0.04 0.03 0.08 0.13 0.01 0.10 0.03 0.01 0.01 0.02 0.03 0.02 0.00 0.01 0.01 0.01 0.01 0.01 0.01 0.01 0.01 0.02 0.61 0.98 0.98
0.00 0.00 0.00 0.00 0.00 0.01 0.00 0.01 0.01 0.01 0.01 0.01 0.02 0.03 0.04 0.03 0.03 0.02 0.02 0.01 0.29 0.82 0.47 0.01 0.01 0.22 0.23 0.01 0.01 0.01 0.07 0.03 0.02 0.03 0.02 0.02 0.02 0.01 0.33 0.48 0.53 0.01 0.02 0.01 0.05 0.01 0.03 0.01 0.01 0.03 0.01 0.01 0.01 0.04 0.08 0.31 0.01 0.01 0.01 0.03 0.05 0.08 0.20 0.04 0.06 0.01 0.01 0.01 0.01 0.03 0.06 0.06 0.01 0.01 0.00 0.01 0.01 0.03 0.01 0.01 0.01 0.02 0.03 0.91
0.00 0.00 0.00 0.00 0.00 0.01 0.01 0.01 0.01 0.01 0.01 0.01 0.03 0.02 0.02 0.01 0.01 0.01 0.02 0.02 0.01 0.01 0.26 0.40 0.37 0.05 0.18 0.19 0.15 0.01 0.01 0.04 0.01 0.02 0.03 0.03 0.01 0.01 0.01 0.01 0.30 0.40 0.01 0.02 0.05 0.01 0.03 0.03 0.01 0.04 0.01 0.02 0.01 0.00 0.01 0.42 0.20 0.01 0.02 0.01 0.01 0.16 0.12 0.03 0.09 0.01 0.01 0.01 0.01 0.01 0.01 0.04 0.04 0.04 0.02 0.02 0.06 0.03 0.01 0.01 0.01 0.03 0.04 0.02
0.00 0.00 0.00 0.00 0.00 0.01 0.02 0.01 0.01 0.03 0.03 0.04 0.03 0.00 0.00 0.00 0.00 0.01 0.01 0.01 0.01 0.01 0.01 0.01 0.46 0.50 0.57 0.00 0.16 0.01 0.01 0.03 0.02 0.02 0.02 0.03 0.01 0.01 0.01 0.02 0.17 0.49 0.01 0.02 0.09 0.01 0.03 0.04 0.01 0.03 0.06 0.01 0.02 0.01 0.01 0.01 0.27 0.27 0.26 0.01 0.01 0.17 0.17 0.04 0.03 0.08 0.05 0.01 0.02 0.01 0.01 0.03 0.04 0.04 0.06 0.03 0.03 0.04 0.01 0.01 0.02 0.05 0.02 0.01
0.00 0.00 0.00 0.00 0.01 0.01 0.02 0.04 0.05 0.03 0.02 0.05 0.06 0.05 0.04 0.02 0.01 0.01 0.01 0.07 0.12 0.15 0.00 0.00 0.01 0.08 0.37 0.54 0.54 0.54 0.01 0.03 0.02 0.02 0.02 0.04 0.05 0.01 0.01 0.01 0.01 0.50 0.45 0.41 0.41 0.53 0.54 0.55 0.01 0.02 0.03 0.03 0.07 0.01 0.03 0.00 0.01 0.02 0.23 0.41 0.01 0.00 0.46 0.03 0.02 0.01 0.06 0.06 0.07 0.01 0.01 0.03 0.03 0.06 0.12 0.03 0.02 0.04 0.03 0.02 0.02 0.09 0.01 0.01
0.00 0.00 0.00 0.00 0.01 0.01 0.01 0.01 0.02 0.01 0.01 0.02 0.05 0.08 0.08 0.13 0.14 0.17 0.18 0.15 0.11 0.27 0.20 0.22 0.25 0.21 0.11 0.05 0.05 0.63 0.82 0.62 0.71 0.60 0.74 0.85 0.86 0.76 0.01 0.01 0.01 0.01 0.01 0.01 0.00 0.00 0.01 0.42 0.01 0.02 0.02 0.03 0.04 0.04 0.02 0.02 0.01 0.01 0.01 0.15 0.19 0.01 0.17 0.02 0.02 0.01 0.01 0.03 0.07 0.11 0.07 0.05 0.05 0.04 0.13 0.22 0.02 0.03 0.03 0.03 0.02 0.02 0.02 0.02
0.00 0.00 0.00 0.00 0.00 0.01 0.01 0.01 0.02 0.04 0.05 0.05 0.05 0.03 0.10 0.07 0.09 0.05 0.03 0.03 0.03 0.03 0.03 0.02 0.03 0.03 0.03 0.05 0.04 0.03 0.03 0.07 0.06 0.06 0.03 0.01 0.05 0.71 1.40 1.38 0.01 0.01 0.01 0.02 0.01 0.01 0.01 0.51 0.01 0.02 0.01 0.02 0.03 0.07 0.04 0.04 0.03 0.02 0.02 0.07 0.36 0.10 0.12 0.09 0.02 0.01 0.01 0.02 0.03 0.03 0.06 0.06 0.06 0.05 0.04 0.15 0.13 0.14 0.02 0.02 0.01 0.01 0.01 0.01
