NEW_versions/Scripts/Results/Iao_50m/MaxFloodMaps/Iao_50m_1.4.asc
NCOLS 111
NROWS 84
XLLCENTER 750508.350000
YLLCENTER 2308429.860000
CELLSIZE 50.000000
NODATA_value -99999.000000
[rows 38 to 75 of 84, columns 0 to 83 of 111]
0.00 0.00 0.00 0.00 0.00 0.01 0.01 0.01 0.02 0.02 0.02 0.02 0.03 0.09 0.06 0.03 0.03 0.02 0.01 0.01 0.06 0.04 0.03 0.02 0.02 0.01 0.01 0.01 0.01 0.01 0.08 0.10 0.14 0.13 0.17 0.19 0.13 0.09 0.04 1.73 0.89 1.03 1.55 1.37 0.87 1.12 0.98 1.90 1.60 1.51 1.52 0.02 0.02 0.03 0.04 0.04 0.03 0.03 0.02 1.97 2.80 2.51 1.75 1.84 0.03 0.02 0.02 0.02 0.02 0.01 0.03 0.07 0.10 0.06 0.03 0.02 0.14 0.19 0.11 0.13 0.01 0.01 0.02 0.03
0.00 0.00 0.00 0.00 0.00 0.00 0.00 0.01 0.01 0.02 0.02 0.02 0.03 0.04 0.02 0.01 0.02 0.01 0.01 0.01 0.05 0.01 0.01 0.01 0.01 0.01 0.07 0.16 0.23 0.23 0.13 0.12 0.14 0.03 0.01 0.02 0.03 0.02 0.03 0.02 0.02 0.04 0.02 0.02 0.03 0.04 0.02 0.03 0.03 0.02 1.54 1.70 2.34 2.16 1.59 0.70 1.42 1.42 1.40 1.81 0.01 0.01 0.03 2.48 2.44 2.26 0.03 0.03 0.02 0.01 0.03 0.05 0.09 0.10 0.03 0.01 0.02 0.02 0.10 0.17 0.18 0.08 0.06 0.04
0.00 0.00 0.00 0.00 0.00 0.00 0.01 0.01 0.01 0.02 0.03 0.04 0.03 0.02 0.02 0.02 0.02 0.03 0.05 0.07 0.05 0.06 0.10 0.08 0.13 0.15 0.12 0.09 0.06 0.02 0.02 0.02 0.05 0.02 0.01 0.02 0.02 0.02 0.03 0.01 0.02 0.05 0.01 0.02 0.02 0.02 0.02 0.04 0.04 0.03 0.02 0.03 0.03 0.03 0.41 0.81 0.83 0.02 0.02 0.01 0.01 0.01 0.01 0.03 0.04 2.24 2.36 2.13 0.03 0.02 0.02 0.03 0.07 0.12 0.02 0.02 0.01 0.01 0.01 0.01 0.10 0.11 0.11 0.08
0.00 0.00 0.00 0.00 0.00 0.00 0.01 0.01 0.02 0.02 0.02 0.04 0.01 0.01 0.01 0.02 0.03 0.02 0.02 0.02 0.03 0.03 0.04 0.03 0.02 0.02 0.05 0.05 0.03 0.01 0.02 0.02 0.04 0.02 0.01 0.02 0.01 0.01 0.01 0.02 0.02 0.03 0.01 0.02 0.02 0.01 0.03 0.12 0.01 0.02 0.02 0.02 0.02 0.03 0.01 0.01 0.01 0.01 0.01 0.01 0.01 0.01 0.01 0.03 0.03 0.02 0.03 1.79 1.75 1.26 1.16 0.01 0.03 0.12 0.08 0.01 0.01 0.01 0.01 0.01 0.05 0.08 0.07 0.07
0.00 0.00 0.00 0.00 0.00 0.00 0.02 0.02 0.02 0.01 0.01 0.03 0.01 0.01 0.01 0.02 0.02 0.02 0.02 0.02 0.02 0.03 0.02 0.02 0.01 0.02 0.05 0.01 0.03 0.01 0.01 0.02 0.02 0.02 0.01 0.01 0.01 0.01 0.01 0.01 0.01 0.01 0.01 0.01 0.01 0.02 0.04 0.01 0.01 0.01 0.01 0.02 0.02 0.02 0.01 0.02 0.02 0.01 0.01 0.01 0.06 0.10 0.10 0.06 0.03 0.02 0.02 0.02 0.02 1.34 2.25 0.02 0.02 0.04 0.09 0.04 0.03 0.03 1.12 2.32 1.76 1.55 0.04 3.71
0.00 0.00 0.00 0.00 0.00 0.00 0.00 0.02 0.02 0.02 0.02 0.01 0.01 0.01 0.01 0.01 0.01 0.01 0.01 0.01 0.01 0.01 0.01 0.01 0.01 0.02 0.03 0.01 0.01 0.01 0.01 0.01 0.01 0.01 0.01 0.02 0.01 0.01 0.01 0.01 0.01 0.01 0.01 0.01 0.01 0.01 0.01 0.02 0.01 0.01 0.01 0.01 0.01 0.02 0.02 0.02 0.03 0.03 0.09 0.10 0.08 0.05 0.05 0.02 0.02 0.02 0.02 0.01 0.01 0.02 2.27 2.37 0.04 0.04 0.04 0.04 3.03 2.58 1.46 0.69 0.31 2.98 3.38 3.45
0.00 0.00 0.00 0.00 0.00 0.00 0.00 0.01 0.02 0.02 0.02 0.02 0.02 0.01 0.01 0.01 0.01 0.01 0.01 0.01 0.01 0.01 0.01 0.01 0.01 0.03 0.01 0.01 0.01 0.01 0.01 0.01 0.01 0.01 0.02 0.02 0.02 0.02 0.02 0.02 0.01 0.01 0.01 0.01 0.02 0.02 0.02 0.02 0.02 0.01 0.02 0.02 0.01 0.02 0.05 0.07 0.11 0.08 0.07 0.03 0.02 0.02 0.04 0.05 0.03 0.05 0.09 0.01 0.01 0.03 0.04 2.74 2.42 2.15 0.02 3.40 3.26 0.01 0.01 0.01 1.86 1.95 0.12 0.03
0.00 0.00 0.00 0.00 0.00 0.00 0.00 0.01 0.02 0.02 0.02 0.02 0.03 0.02 0.02 0.01 0.01 0.02 0.02 0.02 0.02 0.02 0.02 0.03 0.01 0.01 0.01 0.01 0.01 0.02 0.03 0.03 0.01 0.02 0.02 0.03 0.03 0.03 0.02 0.02 0.02 0.02 0.01 0.02 0.02 0.02 0.02 0.03 0.04 0.06 0.01 0.02 0.03 0.02 0.02 0.03 0.02 0.05 0.03 0.03 0.03 0.06 0.08 0.07 0.06 0.04 0.07 0.11 0.07 0.05 0.04 0.02 0.02 1.31 2.45 3.48 0.01 0.01 0.01 2.57 2.43 0.03 0.18 0.05
0.00 0.00 0.00 0.00 0.00 0.00 0.00 0.01 0.02 0.02 0.02 0.03 0.04 0.02 0.02 0.02 0.02 0.02 0.02 0.03 0.03 0.03 0.03 0.04 0.03 0.02 0.01 0.02 0.02 0.02 0.02 0.03 0.03 0.02 0.03 0.03 0.04 0.03 0.03 0.72 0.59 0.67 0.77 0.73 0.50 0.55 0.61 0.64 0.73 0.79 0.79 0.02 0.02 0.03 0.01 0.01 0.02 0.01 0.02 0.02 0.02 0.02 0.01 0.04 0.06 0.06 0.01 0.01 0.01 0.01 0.01 0.01 0.01 0.01 0.01 0.01 0.01 0.01 1.85 2.60 0.05 0.06 0.15 0.06
0.00 0.00 0.00 0.00 0.00 0.00 0.00 0.02 0.02 0.03 0.03 0.04 0.04 0.03 0.02 0.02 0.02 0.02 0.02 0.02 0.04 0.06 0.09 0.12 0.12 0.09 0.01 0.02 0.02 0.02 0.03 0.04 0.06 0.04 0.04 0.04 0.61 0.76 0.93 1.07 0.01 0.02 0.04 0.04 0.43 0.30 0.18 0.12 0.04 0.02 0.69 0.70 0.62 0.79 0.79 0.01 0.03 0.01 0.02 0.83 0.88 0.01 0.01 1.14 1.56 1.51 1.54 0.01 0.02 0.02 0.01 0.01 0.02 0.01 0.02 2.97 2.64 1.75 1.79 0.13 0.12 0.07 0.11 0.05
0.00 0.00 0.00 0.00 0.00 0.00 0.01 0.02 0.02 0.03 0.04 0.05 0.12 0.11 0.06 0.03 0.07 0.10 0.03 0.01 0.01 0.01 0.01 0.01 0.08 0.15 0.17 0.16 0.12 0.10 0.07 0.62 0.51 0.61 0.61 0.95 0.76 0.04 0.01 0.04 0.01 0.02 0.02 0.01 0.01 0.02 0.01 0.01 0.01 0.01 0.01 0.01 0.01 0.01 0.79 0.77 0.71 1.51 1.73 0.96 1.58 1.40 1.65 1.98 0.01 0.02 1.85 1.46 1.85 1.79 2.22 1.60 1.65 1.69 2.12 1.92 0.01 0.13 0.09 0.17 0.23 0.06 0.04 0.05
0.00 0.00 0.00 0.00 0.00 0.00 0.01 0.02 0.10 0.25 0.01 0.01 0.01 0.08 0.11 0.07 0.04 0.10 0.19 0.20 0.01 0.01 0.02 0.01 0.01 0.01 0.01 0.01 0.06 0.55 1.03 0.53 0.02 0.01 0.02 0.04 0.02 0.03 0.01 0.03 0.01 0.01 0.01 0.01 0.01 0.01 0.03 0.04 0.03 0.01 0.01 0.02 0.04 0.01 0.01 0.01 0.01 0.88 1.00 0.01 0.02 0.06 0.08 0.05 0.01 0.01 0.01 0.01 0.07 0.01 0.02 0.07 0.13 0.01 0.01 0.52 0.01 0.03 0.01 0.30 0.25 0.06 0.02 0.04
0.00 0.00 0.00 0.00 0.00 0.00 0.01 0.03 0.05 0.23 0.01 0.01 0.01 0.01 0.06 0.06 0.07 0.04 0.03 0.12 0.09 0.08 0.07 0.11 0.01 0.01 0.01 0.47 0.52 0.53 0.02 0.02 0.01 0.01 0.01 0.03 0.01 0.03 0.01 0.02 0.01 0.01 0.01 0.03 0.04 0.05 0.04 0.05 0.05 0.04 1.70 1.42 0.96 1.10 1.12 1.63 1.29 1.27 0.02 0.01 0.02 0.07 0.03 0.07 0.01 0.01 0.02 0.04 0.08 0.01 0.02 0.06 0.06 0.01 0.02 0.59 0.02 0.03 0.01 0.02 0.38 0.10 0.08 0.04
0.00 0.00 0.00 0.00 0.00 0.01 0.01 0.02 0.04 0.07 0.07 0.06 0.04 0.04 0.05 0.07 0.16 0.20 0.25 0.27 0.33 0.28 0.30 0.31 0.33 0.26 0.40 0.70 0.02 0.02 0.02 0.01 0.01 0.01 0.01 0.01 0.01 0.02 0.01 0.01 0.01 0.01 0.01 0.01 0.01 0.01 0.02 0.03 0.04 0.69 1.16 0.06 0.03 0.02 0.04 0.01 0.03 0.07 0.03 0.02 0.02 0.06 0.05 0.04 0.01 0.01 0.02 0.03 0.04 0.01 0.01 0.15 0.01 0.01 1.21 1.12 0.02 0.03 0.02 0.02 0.31 0.09 0.09 0.06
0.00 0.00 0.01 0.01 0.02 0.02 0.02 0.02 0.03 0.05 0.09 0.11 0.11 0.16 0.21 0.30 0.15 0.14 0.09 0.07 0.08 0.17 0.14 0.12 0.18 0.28 0.75 0.02 0.02 0.01 0.01 0.01 0.01 0.02 0.01 0.01 0.01 0.01 0.01 0.01 0.01 0.01 0.02 0.01 0.02 0.01 0.02 0.03 0.58 0.59 1.02 0.07 0.02 0.02 0.02 0.02 0.04 0.04 0.03 0.02 0.02 0.03 0.07 0.02 0.01 0.01 0.02 0.04 0.02 0.01 0.01 0.10 0.01 0.70 1.23 0.02 0.02 0.02 0.02 0.02 0.21 0.15 0.06 0.05
0.00 0.00 0.01 0.01 0.01 0.01 0.02 0.02 0.02 0.02 0.02 0.02 0.01 0.10 0.08 0.01 0.03 0.02 0.02 0.02 0.02 0.01 0.01 0.01 0.03 0.03 0.03 0.01 0.01 0.01 0.01 0.01 0.01 0.03 0.01 0.01 0.01 0.02 0.01 0.01 0.01 0.02 0.02 0.02 0.36 0.49 0.56 0.67 0.56 0.47 0.42 0.11 0.04 0.02 0.01 0.02 0.02 0.02 0.02 0.01 0.02 0.03 0.05 0.01 0.01 0.02 0.02 0.01 0.01 0.02 0.34 0.84 0.94 0.69 0.03 0.02 0.02 0.01 0.02 0.02 0.12 0.33 0.05 0.04
0.00 0.00 0.02 0.03 0.03 0.03 0.04 0.03 0.02 0.02 0.02 0.06 0.09 0.11 0.01 0.02 0.02 0.02 0.01 0.01 0.01 0.01 0.01 0.01 0.02 0.01 0.01 0.01 0.01 0.02 0.01 0.02 0.02 0.04 0.02 0.01 0.01 0.02 0.01 0.01 0.01 0.01 0.02 0.55 0.35 0.16 0.14 0.03 0.02 0.92 0.01 0.16 0.07 0.03 0.02 0.02 0.01 0.01 0.01 0.01 0.01 0.04 0.04 0.01 0.01 0.01 0.01 0.02 0.30 0.34 0.29 0.03 0.76 0.02 0.02 0.02 0.02 0.01 0.02 0.02 0.14 0.09 0.04 0.04
0.00 0.00 0.01 0.01 0.00 0.00 0.00 0.00 0.02 0.03 0.05 0.09 0.02 0.01 0.01 0.02 0.01 0.01 0.01 0.01 0.01 0.02 0.01 0.01 0.01 0.01 0.01 0.02 0.02 0.02 0.02 0.02 0.03 0.06 0.31 0.32 0.01 0.02 0.25 0.26 0.01 0.75 0.47 0.60 0.01 0.02 0.02 0.01 0.04 0.58 0.01 0.09 0.11 0.06 0.02 0.02 0.01 0.01 0.02 0.01 0.01 0.04 0.01 0.01 0.01 0.02 0.24 0.29 0.24 0.17 0.07 0.06 0.74 0.02 0.02 0.02 0.02 0.01 0.01 0.02 0.13 0.06 0.04 0.04
0.00 0.00 0.00 0.00 0.00 0.00 0.00 0.00 0.00 0.01 0.01 0.01 0.01 0.00 0.01 0.01 0.01 0.01 0.01 0.02 0.02 0.03 0.10 0.11 0.01 0.01 0.01 0.02 0.02 0.03 0.26 0.75 0.69 0.31 0.24 0.48 0.53 0.43 0.24 0.52 0.01 0.77 0.03 0.01 0.01 0.01 0.02 0.04 0.04 0.56 0.01 0.01 0.15 0.11 0.02 0.01 0.01 0.01 0.01 0.01 0.01 0.02 0.01 0.03 0.19 0.27 0.28 0.02 0.03 0.06 0.15 0.07 0.49 0.01 0.01 0.02 0.01 0.01 0.01 0.01 0.12 0.09 0.04 0.04
0.00 0.00 0.00 0.00 0.00 0.00 0.00 0.00 0.00 0.00 0.00 0.00 0.00 0.00 0.00 0.01 0.03 0.05 0.05 0.05 0.07 0.18 0.08 0.19 0.19 0.01 0.02 0.02 0.35 0.38 0.39 0.02 0.01 0.01 0.02 0.02 0.02 0.03 0.01 0.53 0.01 0.77 0.03 0.01 0.01 0.01 0.02 0.02 0.02 0.67 0.18 0.01 0.05 0.14 0.14 0.07 0.04 0.01 0.01 0.01 0.01 0.02 0.03 0.02 0.18 0.07 0.03 0.04 0.04 0.05 0.19 0.01 0.38 0.37 0.01 0.01 0.01 0.01 0.01 0.02 0.15 0.12 0.05 0.04
0.00 0.00 0.00 0.00 0.00 0.00 0.00 0.00 0.00 0.00 0.00 0.00 0.00 0.00 0.00 0.00 0.01 0.01 0.02 0.02 0.03 0.02 0.02 0.03 0.23 0.25 0.25 0.26 0.31 0.06 0.02 0.01 0.01 0.01 0.01 0.01 0.02 0.03 0.13 0.66 0.82 0.99 0.02 0.02 0.01 0.01 0.01 0.01 0.02 0.39 0.23 0.01 0.01 0.03 0.07 0.07 0.06 0.03 0.01 0.01 0.01 0.01 0.01 0.18 0.41 0.01 0.01 0.02 0.01 0.05 0.16 0.01 0.02 0.58 0.02 0.01 0.01 0.01 0.01 0.02 0.03 0.19 0.05 0.04
0.00 0.00 0.00 0.00 0.00 0.00 0.00 0.00 0.00 0.00 0.00 0.00 0.00 0.00 0.00 0.00 0.01 0.01 0.01 0.01 0.01 0.01 0.02 0.02 0.03 0.03 0.03 0.02 0.08 0.07 0.02 0.01 0.01 0.01 0.01 0.05 0.03 0.02 0.11 0.08 0.32 0.01 0.01 0.01 0.01 0.01 0.01 0.01 0.01 0.44 0.27 0.43 0.04 0.01 0.01 0.08 0.06 0.04 0.03 0.01 0.01 0.02 0.06 0.39 0.01 0.01 0.01 0.01 0.01 0.15 0.15 0.01 0.01 0.68 0.16 0.03 0.02 0.01 0.01 0.02 0.03 0.08 0.05 0.04
0.00 0.00 0.00 0.00 0.00 0.00 0.00 0.00 0.00 0.00 0.00 0.00 0.00 0.00 0.00 0.00 0.00 0.00 0.00 0.00 0.00 0.01 0.01 0.01 0.02 0.04 0.01 0.02 0.03 0.11 0.02 0.01 0.01 0.02 0.04 0.02 0.01 0.02 0.16 0.01 0.31 0.01 0.01 0.01 0.01 0.02 0.02 0.09 0.08 0.84 0.83 0.26 0.03 0.01 0.01 0.01 0.05 0.03 0.02 0.01 0.01 0.02 0.07 0.21 0.01 0.01 0.01 0.02 0.07 0.19 0.02 0.01 0.01 0.63 0.04 0.07 0.07 0.06 0.05 0.03 0.03 0.04 0.04 0.04
0.00 0.00 0.00 0.00 0.00 0.00 0.00 0.00 0.00 0.00 0.00 0.00 0.00 0.00 0.00 0.00 0.00 0.00 0.00 0.00 0.00 0.00 0.00 0.01 0.01 0.03 0.01 0.02 0.02 0.08 0.03 0.01 0.01 0.01 0.01 0.04 0.15 0.16 0.18 0.01 0.30 0.18 0.02 0.01 0.02 0.01 0.20 0.12 0.26 0.13 0.20 0.59 0.05 0.02 0.01 0.01 0.03 0.02 0.02 0.01 0.01 0.02 0.07 0.16 0.02 0.00 0.01 0.01 0.05 0.18 0.02 0.01 0.01 0.61 0.19 0.01 0.01 0.02 0.04 0.03 0.02 0.03 0.04 0.03
0.00 0.00 0.00 0.00 0.00 0.00 0.00 0.00 0.00 0.00 0.00 0.00 0.00 0.00 0.00 0.00 0.00 0.00 0.00 0.00 0.00 0.00 0.00 0.00 0.01 0.02 0.01 0.01 0.02 0.05 0.05 0.01 0.01 0.02 0.04 0.03 0.12 0.02 0.01 0.02 0.15 0.19 0.02 0.01 0.02 0.24 0.19 0.01 0.02 0.02 0.20 0.36 0.07 0.13 0.11 0.02 0.01 0.01 0.01 0.01 0.02 0.02 0.17 0.15 0.01 0.01 0.01 0.16 0.17 0.10 0.01 0.01 0.28 0.24 0.15 0.09 0.07 0.05 0.03 0.03 0.02 0.02 0.05 0.02
0.00 0.00 0.00 0.00 0.00 0.00 0.00 0.00 0.00 0.00 0.00 0.00 0.00 0.00 0.00 0.00 0.00 0.00 0.00 0.00 0.00 0.00 0.00 0.00 0.00 0.01 0.01 0.01 0.01 0.03 0.13 0.01 0.01 0.02 0.02 0.09 0.07 0.01 0.01 0.01 0.28 0.02 0.01 0.01 0.01 0.23 0.02 0.01 0.01 0.02 0.30 0.23 0.01 0.01 0.10 0.09 0.04 0.01 0.01 0.02 0.02 0.02 0.22 0.02 0.01 0.03 0.09 0.15 0.02 0.02 0.01 0.01 0.28 0.04 0.16 0.04 0.04 0.04 0.03 0.03 0.02 0.01 0.03 0.02
0.00 0.00 0.00 0.00 0.00 0.00 0.00 0.00 0.00 0.00 0.00 0.00 0.00 0.00 0.00 0.00 0.00 0.00 0.00 0.00 0.00 0.00 0.00 0.00 0.00 0.00 0.00 0.01 0.01 0.02 0.04 0.01 0.01 0.03 0.03 0.06 0.01 0.01 0.01 0.23 0.28 0.01 0.01 0.01 0.20 0.23 0.02 0.01 0.01 0.02 0.19 0.43 0.01 0.01 0.01 0.02 0.11 0.02 0.01 0.01 0.04 0.14 0.20 0.01 0.02 0.02 0.12 0.02 0.02 0.01 0.01 0.16 0.24 0.07 0.11 0.05 0.04 0.03 0.03 0.03 0.02 0.02 0.02 0.01
0.00 0.00 0.00 0.00 0.00 0.00 0.00 0.00 0.00 0.00 0.00 0.00 0.00 0.00 0.00 0.00 0.00 0.00 0.00 0.00 0.00 0.00 0.00 0.00 0.00 0.00 0.00 0.01 0.01 0.02 0.03 0.01 0.01 0.02 0.02 0.02 0.01 0.01 0.20 0.22 0.01 0.01 0.01 0.01 0.19 0.03 0.02 0.01 0.01 0.01 0.25 0.30 0.04 0.02 0.01 0.02 0.02 0.01 0.01 0.02 0.06 0.06 0.08 0.01 0.02 0.05 0.07 0.01 0.01 0.02 0.14 0.10 0.14 0.12 0.04 0.04 0.04 0.03 0.03 0.03 0.03 0.02 0.02 0.01
0.00 0.00 0.00 0.00 0.00 0.00 0.00 0.00 0.00 0.00 0.00 0.00 0.00 0.00 0.00 0.00 0.00 0.00 0.00 0.00 0.00 0.00 0.00 0.00 0.00 0.00 0.00 0.00 0.01 0.02 0.01 0.01 0.01 0.01 0.01 0.01 0.04 0.22 0.19 0.02 0.01 0.01 0.01 0.08 0.14 0.02 0.02 0.01 0.01 0.01 0.35 0.17 0.05 0.01 0.01 0.01 0.01 0.01 0.01 0.02 0.06 0.06 0.05 0.02 0.02 0.02 0.02 0.01 0.01 0.05 0.13 0.04 0.01 0.30 0.02 0.03 0.04 0.03 0.03 0.03 0.02 0.02 0.01 0.01
0.00 0.00 0.00 0.00 0.00 0.00 0.00 0.00 0.00 0.00 0.00 0.00 0.00 0.00 0.00 0.00 0.00 0.00 0.00 0.00 0.00 0.00 0.00 0.00 0.00 0.00 0.00 0.00 0.00 0.01 0.01 0.01 0.01 0.08 0.12 0.18 0.07 0.20 0.02 0.01 0.01 0.01 0.11 0.08 0.11 0.02 0.01 0.01 0.01 0.01 0.23 0.21 0.09 0.02 0.01 0.01 0.01 0.01 0.01 0.01 0.08 0.03 0.02 0.02 0.02 0.01 0.01 0.00 0.01 0.07 0.05 0.05 0.01 0.17 0.12 0.04 0.03 0.03 0.03 0.02 0.02 0.02 0.01 0.01
0.00 0.00 0.00 0.00 0.00 0.00 0.00 0.00 0.00 0.00 0.00 0.00 0.00 0.00 0.00 0.00 0.00 0.00 0.00 0.00 0.00 0.00 0.00 0.00 0.00 0.00 0.00 0.00 0.00 0.01 0.01 0.02 0.04 0.22 0.01 0.01 0.10 0.11 0.01 0.01 0.01 0.05 0.12 0.01 0.05 0.02 0.01 0.01 0.01 0.04 0.34 0.09 0.09 0.22 0.10 0.02 0.02 0.01 0.01 0.01 0.19 0.00 0.02 0.01 0.01 0.01 0.01 0.01 0.07 0.11 0.01 0.02 0.02 0.15 0.06 0.04 0.03 0.03 0.02 0.02 0.01 0.01 0.01 0.01
0.00 0.00 0.00 0.00 0.00 0.00 0.00 0.00 0.00 0.00 0.00 0.00 0.00 0.00 0.00 0.00 0.00 0.00 0.00 0.00 0.00 0.00 0.00 0.00 0.00 0.00 0.00 0.00 0.00 0.01 0.02 0.03 0.05 0.05 0.01 0.02 0.04 0.02 0.01 0.01 0.02 0.05 0.05 0.01 0.03 0.01 0.01 0.01 0.04 0.10 0.28 0.04 0.02 0.08 0.08 0.15 0.09 0.02 0.01 0.01 0.18 0.01 0.01 0.01 0.01 0.02 0.02 0.08 0.06 0.05 0.01 0.01 0.02 0.11 0.06 0.04 0.03 0.03 0.02 0.02 0.01 0.01 0.01 0.01
0.00 0.00 0.00 0.00 0.00 0.00 0.00 0.00 0.00 0.00 0.00 0.00 0.00 0.00 0.00 0.00 0.00 0.00 0.00 0.00 0.00 0.00 0.00 0.00 0.00 0.00 0.00 0.00 0.00 0.01 0.01 0.01 0.03 0.02 0.01 0.01 0.02 0.01 0.01 0.01 0.02 0.03 0.03 0.01 0.02 0.01 0.01 0.05 0.05 0.05 0.26 0.04 0.02 0.03 0.02 0.01 0.08 0.07 0.08 0.01 0.17 0.01 0.01 0.01 0.01 0.01 0.02 0.04 0.01 0.02 0.01 0.01 0.02 0.08 0.06 0.04 0.04 0.03 0.02 0.02 0.01 0.01 0.01 0.01
0.00 0.00 0.00 0.00 0.00 0.00 0.00 0.00 0.00 0.00 0.00 0.00 0.00 0.00 0.00 0.00 0.00 0.00 0.00 0.00 0.00 0.00 0.00 0.00 0.00 0.00 0.00 0.00 0.00 0.00 0.01 0.01 0.02 0.02 0.01 0.01 0.01 0.01 0.01 0.01 0.02 0.02 0.02 0.01 0.01 0.01 0.11 0.07 0.05 0.07 0.21 0.05 0.03 0.02 0.02 0.01 0.01 0.02 0.06 0.01 0.16 0.01 0.01 0.00 0.01 0.02 0.01 0.01 0.02 0.01 0.00 0.01 0.02 0.06 0.04 0.04 0.04 0.03 0.02 0.01 0.01 0.01 0.01 0.00
0.00 0.00 0.00 0.00 0.00 0.00 0.00 0.00 0.00 0.00 0.00 0.00 0.00 0.00 0.00 0.00 0.00 0.00 0.00 0.00 0.00 0.00 0.00 0.00 0.00 0.00 0.00 0.00 0.00 0.00 0.00 0.01 0.01 0.01 0.00 0.00 0.00 0.00 0.00 0.01 0.01 0.01 0.01 0.01 0.01 0.01 0.10 0.01 0.02 0.06 0.18 0.05 0.02 0.02 0.02 0.01 0.01 0.01 0.02 0.01 0.15 0.01 0.01 0.00 0.00 0.00 0.00 0.00 0.00 0.00 0.00 0.01 0.02 0.04 0.04 0.04 0.04 0.03 0.02 0.02 0.01 0.01 0.00 0.00
0.00 0.00 0.00 0.00 0.00 0.00 0.00 0.00 0.00 0.00 0.00 0.00 0.00 0.00 0.00 0.00 0.00 0.00 0.00 0.00 0.00 0.00 0.00 0.00 0.00 0.00 0.00 0.00 0.00 0.00 0.00 0.00 0.00 0.00 0.00 0.00 0.00 0.00 0.00 0.00 0.00 0.00 0.01 0.01 0.02 0.06 0.07 0.01 0.02 0.04 0.17 0.07 0.04 0.02 0.01 0.01 0.01 0.01 0.01 0.02 0.14 0.12 0.08 0.00 0.00 0.00 0.00 0.00 0.00 0.00 0.00 0.01 0.01 0.03 0.02 0.02 0.04 0.03 0.02 0.02 0.01 0.00 0.00 0.00
0.00 0.00 0.00 0.00 0.00 0.00 0.00 0.00 0.00 0.00 0.00 0.00 0.00 0.00 0.00 0.00 0.00 0.00 0.00 0.00 0.00 0.00 0.00 0.00 0.00 0.00 0.00 0.00 0.00 0.00 0.00 0.00 0.00 0.00 0.00 0.00 0.00 0.00 0.00 0.00 0.00 0.00 0.01 0.02 0.02 0.04 0.02 0.01 0.02 0.05 0.14 0.08 0.03 0.03 0.02 0.02 0.01 0.01 0.01 0.02 0.01 0.05 0.06 0.00 0.00 0.00 0.00 0.00 0.00 0.00 0.00 0.00 0.01 0.01 0.01 0.01 0.04 0.03 0.02 0.00 0.00 0.00 0.00 0.00
0.00 0.00 0.00 0.00 0.00 0.00 0.00 0.00 0.00 0.00 0.00 0.00 0.00 0.00 0.00 0.00 0.00 0.00 0.00 0.00 0.00 0.00 0.00 0.00 0.00 0.00 0.00 0.00 0.00 0.00 0.00 0.00 0.00 0.00 0.00 0.00 0.00 0.00 0.00 0.00 0.00 0.00 0.00 0.00 0.01 0.01 0.01 0.02 0.03 0.06 0.10 0.07 0.03 0.02 0.01 0.01 0.01 0.00 0.01 0.01 0.03 0.07 0.01 0.00 0.00 0.00 0.00 0.00 0.00 0.00 0.00 0.00 0.00 0.00 0.00 0.00 0.00 0.00 0.00 0.00 0.00 0.00 0.00 0.00
