NEW_versions/Scripts/Results/Iao_50m/MaxFloodMaps/Iao_50m_0.9.asc
NCOLS 111
NROWS 84
XLLCENTER 750508.350000
YLLCENTER 2308429.860000
CELLSIZE 50.000000
NODATA_value -99999.000000
[rows 38 to 75 of 84, columns 0 to 83 of 111]
0.00 0.00 0.00 0.00 0.00 0.01 0.01 0.01 0.01 0.01 0.02 0.02 0.02 0.06 0.04 0.02 0.02 0.01 0.01 0.01 0.05 0.03 0.02 0.02 0.02 0.01 0.01 0.01 0.01 0.01 0.06 0.07 0.11 0.10 0.13 0.15 0.10 0.07 0.03 1.33 0.67 0.77 1.17 1.03 0.65 0.84 0.72 1.43 1.20 1.13 1.13 0.01 0.02 0.02 0.03 0.03 0.02 0.02 0.02 1.43 2.12 1.91 1.29 1.34 0.02 0.01 0.01 0.02 0.01 0.01 0.02 0.05 0.07 0.04 0.02 0.01 0.10 0.14 0.08 0.10 0.01 0.01 0.02 0.02
0.00 0.00 0.00 0.00 0.00 0.00 0.00 0.00 0.01 0.01 0.02 0.02 0.02 0.03 0.02 0.01 0.01 0.01 0.01 0.01 0.04 0.00 0.01 0.01 0.01 0.01 0.05 0.12 0.17 0.17 0.10 0.09 0.11 0.02 0.01 0.02 0.02 0.02 0.02 0.02 0.02 0.03 0.02 0.02 0.02 0.03 0.01 0.02 0.02 0.02 1.14 1.25 1.77 1.66 1.25 0.54 1.05 1.05 1.03 1.33 0.01 0.01 0.02 1.83 1.80 1.66 0.02 0.02 0.01 0.01 0.02 0.04 0.06 0.07 0.02 0.01 0.01 0.01 0.08 0.13 0.14 0.06 0.04 0.03
0.00 0.00 0.00 0.00 0.00 0.00 0.01 0.01 0.01 0.01 0.02 0.03 0.02 0.01 0.01 0.01 0.01 0.03 0.04 0.05 0.04 0.04 0.08 0.06 0.10 0.11 0.09 0.07 0.04 0.02 0.01 0.02 0.04 0.02 0.01 0.02 0.01 0.01 0.02 0.01 0.02 0.03 0.01 0.01 0.01 0.02 0.01 0.03 0.03 0.02 0.02 0.02 0.02 0.03 0.25 0.58 0.59 0.01 0.02 0.01 0.01 0.01 0.01 0.02 0.03 1.64 1.75 1.57 0.02 0.01 0.01 0.02 0.05 0.09 0.02 0.02 0.01 0.01 0.01 0.01 0.07 0.08 0.08 0.06
0.00 0.00 0.00 0.00 0.00 0.00 0.01 0.01 0.01 0.02 0.02 0.03 0.01 0.01 0.01 0.02 0.02 0.02 0.02 0.02 0.02 0.03 0.03 0.02 0.02 0.02 0.04 0.04 0.02 0.01 0.01 0.01 0.03 0.01 0.01 0.01 0.01 0.01 0.01 0.01 0.02 0.02 0.01 0.01 0.02 0.01 0.03 0.09 0.01 0.01 0.02 0.02 0.02 0.03 0.01 0.00 0.01 0.01 0.01 0.01 0.01 0.01 0.01 0.02 0.02 0.02 0.02 1.31 1.29 0.92 0.83 0.01 0.02 0.09 0.06 0.01 0.01 0.01 0.01 0.01 0.04 0.06 0.05 0.05
0.00 0.00 0.00 0.00 0.00 0.00 0.01 0.01 0.01 0.01 0.01 0.02 0.00 0.01 0.01 0.01 0.01 0.01 0.01 0.01 0.02 0.02 0.01 0.02 0.01 0.01 0.04 0.01 0.02 0.01 0.01 0.01 0.02 0.01 0.01 0.00 0.00 0.01 0.00 0.01 0.01 0.01 0.01 0.01 0.01 0.01 0.03 0.01 0.00 0.01 0.01 0.01 0.01 0.01 0.01 0.01 0.01 0.01 0.01 0.01 0.05 0.07 0.08 0.05 0.02 0.02 0.01 0.01 0.01 0.96 1.64 0.01 0.01 0.03 0.07 0.03 0.02 0.02 0.81 1.72 1.28 1.11 0.03 2.62
0.00 0.00 0.00 0.00 0.00 0.00 0.00 0.01 0.02 0.01 0.01 0.01 0.01 0.00 0.01 0.01 0.01 0.01 0.01 0.01 0.01 0.01 0.01 0.01 0.01 0.02 0.02 0.01 0.01 0.00 0.01 0.01 0.01 0.00 0.01 0.01 0.01 0.01 0.01 0.01 0.01 0.01 0.01 0.01 0.01 0.01 0.01 0.01 0.01 0.01 0.01 0.01 0.01 0.01 0.02 0.02 0.02 0.02 0.07 0.07 0.06 0.04 0.04 0.02 0.02 0.02 0.01 0.01 0.01 0.02 1.65 1.72 0.03 0.03 0.03 0.03 2.29 1.96 1.08 0.49 0.22 2.13 2.42 2.46
0.00 0.00 0.00 0.00 0.00 0.00 0.00 0.01 0.01 0.01 0.02 0.01 0.02 0.01 0.01 0.01 0.01 0.01 0.01 0.01 0.01 0.01 0.01 0.01 0.01 0.02 0.01 0.00 0.01 0.01 0.01 0.01 0.01 0.01 0.01 0.02 0.02 0.01 0.01 0.01 0.01 0.01 0.01 0.01 0.01 0.02 0.01 0.02 0.02 0.01 0.01 0.01 0.01 0.01 0.04 0.05 0.08 0.06 0.05 0.02 0.02 0.02 0.03 0.04 0.02 0.04 0.06 0.01 0.01 0.02 0.03 2.04 1.80 1.62 0.02 2.53 2.45 0.01 0.00 0.01 1.33 1.38 0.09 0.02
0.00 0.00 0.00 0.00 0.00 0.00 0.00 0.01 0.01 0.02 0.02 0.02 0.03 0.01 0.01 0.01 0.01 0.01 0.02 0.01 0.01 0.01 0.02 0.02 0.01 0.01 0.01 0.01 0.01 0.01 0.02 0.03 0.01 0.01 0.02 0.02 0.02 0.02 0.02 0.02 0.01 0.01 0.01 0.01 0.02 0.02 0.02 0.02 0.03 0.04 0.01 0.02 0.02 0.02 0.01 0.02 0.01 0.04 0.02 0.02 0.02 0.04 0.06 0.06 0.05 0.03 0.05 0.08 0.05 0.04 0.03 0.02 0.02 0.94 1.73 2.58 0.01 0.00 0.01 1.86 1.78 0.03 0.13 0.04
0.00 0.00 0.00 0.00 0.00 0.00 0.00 0.01 0.01 0.02 0.02 0.02 0.03 0.02 0.02 0.01 0.01 0.01 0.01 0.02 0.02 0.02 0.02 0.03 0.02 0.01 0.01 0.01 0.01 0.01 0.02 0.03 0.02 0.01 0.02 0.02 0.03 0.02 0.02 0.53 0.44 0.49 0.57 0.54 0.37 0.40 0.45 0.46 0.53 0.57 0.57 0.01 0.02 0.03 0.01 0.01 0.01 0.01 0.01 0.02 0.02 0.01 0.01 0.03 0.04 0.04 0.01 0.01 0.01 0.01 0.01 0.01 0.01 0.01 0.01 0.01 0.00 0.01 1.32 1.88 0.03 0.04 0.11 0.04
0.00 0.00 0.00 0.00 0.00 0.00 0.00 0.01 0.02 0.02 0.02 0.03 0.03 0.02 0.01 0.02 0.02 0.01 0.01 0.02 0.03 0.04 0.07 0.09 0.09 0.07 0.01 0.01 0.02 0.02 0.02 0.03 0.04 0.03 0.03 0.03 0.45 0.56 0.68 0.80 0.01 0.02 0.03 0.03 0.31 0.22 0.13 0.08 0.03 0.02 0.50 0.51 0.45 0.57 0.57 0.01 0.02 0.01 0.01 0.60 0.63 0.01 0.01 0.82 1.13 1.09 1.11 0.01 0.02 0.01 0.01 0.01 0.01 0.01 0.02 2.21 1.97 1.26 1.29 0.10 0.09 0.05 0.08 0.04
0.00 0.00 0.00 0.00 0.00 0.00 0.01 0.01 0.02 0.02 0.03 0.04 0.09 0.08 0.04 0.02 0.05 0.07 0.02 0.00 0.00 0.01 0.01 0.01 0.06 0.11 0.13 0.12 0.09 0.08 0.05 0.47 0.38 0.45 0.45 0.71 0.57 0.03 0.01 0.03 0.01 0.01 0.02 0.01 0.01 0.01 0.01 0.01 0.01 0.01 0.01 0.01 0.01 0.01 0.57 0.55 0.51 1.10 1.28 0.70 1.15 1.02 1.19 1.47 0.01 0.01 1.35 1.05 1.33 1.28 1.64 1.15 1.18 1.20 1.53 1.37 0.01 0.10 0.07 0.13 0.17 0.04 0.03 0.04
0.00 0.00 0.00 0.00 0.00 0.00 0.01 0.02 0.07 0.19 0.00 0.00 0.01 0.06 0.08 0.05 0.03 0.07 0.15 0.15 0.01 0.01 0.01 0.01 0.01 0.01 0.01 0.01 0.04 0.41 0.79 0.40 0.01 0.01 0.01 0.03 0.02 0.02 0.01 0.02 0.01 0.01 0.01 0.01 0.01 0.01 0.02 0.03 0.02 0.01 0.01 0.01 0.03 0.01 0.00 0.01 0.01 0.64 0.71 0.01 0.01 0.05 0.06 0.04 0.01 0.01 0.01 0.01 0.05 0.01 0.01 0.03 0.06 0.01 0.01 0.39 0.01 0.02 0.01 0.22 0.19 0.04 0.01 0.03
0.00 0.00 0.00 0.00 0.00 0.00 0.00 0.02 0.04 0.17 0.00 0.01 0.01 0.01 0.04 0.05 0.05 0.03 0.02 0.09 0.07 0.06 0.05 0.08 0.01 0.01 0.01 0.35 0.39 0.39 0.02 0.01 0.01 0.01 0.01 0.02 0.01 0.03 0.01 0.01 0.01 0.01 0.01 0.02 0.03 0.04 0.03 0.04 0.04 0.03 1.28 1.07 0.71 0.81 0.82 1.22 0.95 0.94 0.02 0.01 0.01 0.06 0.02 0.05 0.01 0.01 0.01 0.03 0.06 0.01 0.01 0.02 0.03 0.01 0.01 0.45 0.01 0.02 0.01 0.02 0.29 0.08 0.06 0.03
0.00 0.00 0.00 0.00 0.00 0.01 0.01 0.01 0.03 0.05 0.05 0.04 0.03 0.03 0.04 0.05 0.12 0.15 0.19 0.20 0.25 0.21 0.22 0.24 0.25 0.19 0.30 0.53 0.01 0.01 0.01 0.01 0.01 0.01 0.01 0.01 0.01 0.02 0.01 0.01 0.01 0.01 0.01 0.01 0.01 0.01 0.01 0.02 0.03 0.51 0.85 0.05 0.02 0.01 0.03 0.01 0.02 0.05 0.02 0.01 0.01 0.04 0.04 0.03 0.01 0.01 0.01 0.02 0.03 0.01 0.01 0.05 0.01 0.01 0.93 0.86 0.02 0.02 0.01 0.01 0.23 0.07 0.06 0.04
0.00 0.00 0.00 0.01 0.01 0.02 0.02 0.02 0.02 0.03 0.07 0.08 0.08 0.12 0.16 0.22 0.12 0.10 0.07 0.05 0.06 0.13 0.10 0.09 0.13 0.21 0.59 0.02 0.01 0.01 0.01 0.00 0.01 0.01 0.01 0.00 0.01 0.01 0.00 0.01 0.01 0.01 0.01 0.01 0.01 0.01 0.01 0.02 0.43 0.43 0.75 0.05 0.01 0.01 0.01 0.02 0.03 0.03 0.02 0.02 0.01 0.02 0.05 0.01 0.01 0.01 0.01 0.03 0.01 0.01 0.01 0.03 0.01 0.53 0.94 0.02 0.02 0.02 0.01 0.01 0.16 0.11 0.05 0.04
0.00 0.00 0.01 0.01 0.01 0.01 0.01 0.02 0.02 0.02 0.02 0.01 0.01 0.07 0.06 0.01 0.02 0.02 0.01 0.01 0.01 0.01 0.01 0.01 0.02 0.02 0.02 0.01 0.01 0.00 0.01 0.01 0.01 0.02 0.01 0.01 0.01 0.01 0.01 0.01 0.01 0.01 0.02 0.01 0.27 0.37 0.42 0.50 0.41 0.35 0.31 0.08 0.03 0.01 0.01 0.01 0.01 0.01 0.02 0.01 0.01 0.02 0.04 0.01 0.01 0.01 0.01 0.01 0.01 0.01 0.25 0.64 0.72 0.52 0.02 0.02 0.02 0.01 0.01 0.01 0.09 0.25 0.04 0.03
0.00 0.00 0.01 0.02 0.02 0.02 0.03 0.03 0.02 0.01 0.01 0.05 0.07 0.08 0.01 0.02 0.01 0.01 0.01 0.01 0.01 0.01 0.01 0.01 0.02 0.01 0.00 0.01 0.01 0.01 0.01 0.01 0.01 0.03 0.01 0.01 0.01 0.02 0.01 0.01 0.01 0.01 0.01 0.41 0.26 0.12 0.10 0.02 0.01 0.70 0.01 0.12 0.05 0.02 0.01 0.01 0.01 0.01 0.01 0.01 0.01 0.03 0.03 0.01 0.01 0.01 0.01 0.01 0.22 0.25 0.21 0.02 0.57 0.02 0.02 0.02 0.02 0.01 0.01 0.01 0.10 0.07 0.03 0.03
0.00 0.00 0.01 0.01 0.00 0.00 0.00 0.00 0.02 0.02 0.04 0.07 0.01 0.01 0.01 0.01 0.01 0.00 0.01 0.01 0.01 0.01 0.01 0.01 0.01 0.00 0.01 0.01 0.01 0.02 0.01 0.02 0.02 0.04 0.23 0.24 0.01 0.01 0.19 0.20 0.01 0.56 0.35 0.45 0.01 0.01 0.01 0.01 0.03 0.43 0.01 0.07 0.09 0.05 0.01 0.01 0.01 0.01 0.01 0.00 0.01 0.03 0.01 0.01 0.01 0.01 0.18 0.22 0.17 0.13 0.05 0.05 0.55 0.01 0.02 0.02 0.01 0.01 0.01 0.01 0.10 0.05 0.03 0.03
0.00 0.00 0.00 0.00 0.00 0.00 0.00 0.00 0.00 0.01 0.01 0.01 0.01 0.00 0.01 0.01 0.01 0.01 0.01 0.01 0.01 0.02 0.07 0.08 0.01 0.01 0.01 0.01 0.02 0.02 0.20 0.57 0.53 0.23 0.18 0.36 0.40 0.32 0.18 0.39 0.00 0.57 0.02 0.01 0.01 0.01 0.01 0.03 0.03 0.42 0.01 0.01 0.11 0.08 0.02 0.01 0.01 0.01 0.01 0.00 0.01 0.01 0.01 0.02 0.14 0.20 0.21 0.01 0.02 0.04 0.12 0.05 0.36 0.01 0.01 0.01 0.01 0.01 0.01 0.01 0.09 0.07 0.03 0.03
0.00 0.00 0.00 0.00 0.00 0.00 0.00 0.00 0.00 0.00 0.00 0.00 0.00 0.00 0.00 0.01 0.02 0.03 0.04 0.04 0.05 0.13 0.06 0.14 0.15 0.01 0.02 0.02 0.27 0.29 0.29 0.01 0.01 0.01 0.01 0.01 0.02 0.02 0.01 0.39 0.00 0.57 0.02 0.01 0.01 0.01 0.01 0.01 0.01 0.51 0.12 0.00 0.03 0.11 0.10 0.06 0.03 0.01 0.01 0.01 0.01 0.01 0.02 0.02 0.13 0.05 0.02 0.03 0.03 0.03 0.15 0.01 0.28 0.27 0.01 0.01 0.01 0.01 0.01 0.01 0.11 0.09 0.04 0.03
0.00 0.00 0.00 0.00 0.00 0.00 0.00 0.00 0.00 0.00 0.00 0.00 0.00 0.00 0.00 0.00 0.01 0.01 0.01 0.02 0.02 0.01 0.02 0.02 0.17 0.19 0.18 0.19 0.23 0.05 0.01 0.01 0.01 0.01 0.01 0.01 0.02 0.02 0.10 0.49 0.61 0.74 0.01 0.01 0.01 0.01 0.01 0.01 0.01 0.30 0.16 0.01 0.00 0.02 0.05 0.05 0.05 0.03 0.01 0.01 0.01 0.01 0.01 0.13 0.31 0.01 0.01 0.02 0.01 0.04 0.12 0.01 0.01 0.44 0.01 0.01 0.01 0.01 0.00 0.02 0.02 0.14 0.04 0.03
0.00 0.00 0.00 0.00 0.00 0.00 0.00 0.00 0.00 0.00 0.00 0.00 0.00 0.00 0.00 0.00 0.01 0.01 0.01 0.01 0.01 0.01 0.02 0.01 0.02 0.02 0.02 0.02 0.06 0.05 0.01 0.01 0.01 0.01 0.01 0.04 0.03 0.01 0.08 0.06 0.24 0.01 0.01 0.01 0.00 0.01 0.01 0.01 0.01 0.34 0.18 0.32 0.03 0.01 0.01 0.06 0.04 0.03 0.02 0.01 0.01 0.01 0.05 0.30 0.01 0.01 0.01 0.01 0.01 0.11 0.11 0.01 0.01 0.51 0.12 0.03 0.02 0.01 0.00 0.02 0.02 0.06 0.04 0.03
0.00 0.00 0.00 0.00 0.00 0.00 0.00 0.00 0.00 0.00 0.00 0.00 0.00 0.00 0.00 0.00 0.00 0.00 0.00 0.00 0.00 0.01 0.01 0.01 0.01 0.03 0.01 0.01 0.02 0.08 0.02 0.01 0.01 0.02 0.03 0.02 0.01 0.01 0.12 0.01 0.23 0.01 0.01 0.00 0.01 0.02 0.01 0.07 0.06 0.68 0.67 0.19 0.02 0.01 0.01 0.01 0.04 0.02 0.01 0.01 0.01 0.01 0.05 0.16 0.01 0.01 0.01 0.02 0.05 0.14 0.02 0.01 0.01 0.47 0.03 0.06 0.05 0.05 0.04 0.03 0.02 0.03 0.03 0.03
0.00 0.00 0.00 0.00 0.00 0.00 0.00 0.00 0.00 0.00 0.00 0.00 0.00 0.00 0.00 0.00 0.00 0.00 0.00 0.00 0.00 0.00 0.00 0.01 0.01 0.03 0.01 0.02 0.02 0.06 0.02 0.00 0.01 0.01 0.01 0.03 0.11 0.12 0.14 0.00 0.23 0.14 0.02 0.01 0.01 0.01 0.15 0.09 0.20 0.10 0.15 0.44 0.04 0.01 0.01 0.00 0.02 0.02 0.01 0.01 0.01 0.01 0.05 0.12 0.02 0.00 0.01 0.01 0.03 0.13 0.01 0.01 0.01 0.46 0.14 0.01 0.01 0.02 0.03 0.02 0.02 0.02 0.03 0.02
0.00 0.00 0.00 0.00 0.00 0.00 0.00 0.00 0.00 0.00 0.00 0.00 0.00 0.00 0.00 0.00 0.00 0.00 0.00 0.00 0.00 0.00 0.00 0.00 0.01 0.01 0.01 0.01 0.01 0.04 0.04 0.00 0.01 0.02 0.03 0.02 0.09 0.01 0.01 0.01 0.11 0.14 0.01 0.01 0.01 0.18 0.14 0.01 0.01 0.01 0.15 0.27 0.05 0.10 0.08 0.01 0.01 0.01 0.01 0.01 0.02 0.02 0.12 0.11 0.01 0.01 0.01 0.12 0.13 0.08 0.01 0.00 0.21 0.18 0.11 0.07 0.05 0.04 0.02 0.02 0.02 0.02 0.04 0.02
0.00 0.00 0.00 0.00 0.00 0.00 0.00 0.00 0.00 0.00 0.00 0.00 0.00 0.00 0.00 0.00 0.00 0.00 0.00 0.00 0.00 0.00 0.00 0.00 0.00 0.01 0.01 0.01 0.01 0.02 0.10 0.01 0.01 0.01 0.02 0.07 0.06 0.01 0.00 0.01 0.21 0.01 0.01 0.00 0.01 0.18 0.02 0.01 0.01 0.02 0.22 0.17 0.01 0.01 0.07 0.07 0.03 0.01 0.01 0.01 0.01 0.01 0.16 0.01 0.01 0.02 0.07 0.11 0.02 0.01 0.01 0.01 0.21 0.03 0.12 0.03 0.03 0.03 0.02 0.02 0.01 0.01 0.02 0.01
0.00 0.00 0.00 0.00 0.00 0.00 0.00 0.00 0.00 0.00 0.00 0.00 0.00 0.00 0.00 0.00 0.00 0.00 0.00 0.00 0.00 0.00 0.00 0.00 0.00 0.00 0.00 0.01 0.01 0.02 0.03 0.01 0.01 0.02 0.02 0.04 0.01 0.01 0.01 0.17 0.21 0.01 0.00 0.01 0.15 0.17 0.01 0.01 0.01 0.01 0.14 0.32 0.01 0.01 0.01 0.02 0.08 0.01 0.01 0.01 0.03 0.10 0.15 0.01 0.01 0.01 0.09 0.02 0.02 0.01 0.01 0.12 0.18 0.05 0.08 0.04 0.03 0.03 0.02 0.02 0.02 0.01 0.01 0.01
0.00 0.00 0.00 0.00 0.00 0.00 0.00 0.00 0.00 0.00 0.00 0.00 0.00 0.00 0.00 0.00 0.00 0.00 0.00 0.00 0.00 0.00 0.00 0.00 0.00 0.00 0.00 0.00 0.01 0.02 0.02 0.01 0.01 0.01 0.01 0.02 0.00 0.01 0.15 0.17 0.01 0.01 0.00 0.01 0.14 0.02 0.01 0.01 0.01 0.01 0.19 0.23 0.03 0.02 0.01 0.02 0.01 0.01 0.01 0.01 0.04 0.05 0.06 0.01 0.01 0.03 0.05 0.01 0.01 0.01 0.11 0.07 0.10 0.09 0.03 0.03 0.03 0.02 0.02 0.02 0.02 0.02 0.01 0.01
0.00 0.00 0.00 0.00 0.00 0.00 0.00 0.00 0.00 0.00 0.00 0.00 0.00 0.00 0.00 0.00 0.00 0.00 0.00 0.00 0.00 0.00 0.00 0.00 0.00 0.00 0.00 0.00 0.01 0.02 0.01 0.01 0.01 0.01 0.01 0.01 0.03 0.17 0.15 0.01 0.01 0.00 0.01 0.06 0.11 0.02 0.01 0.01 0.01 0.01 0.27 0.13 0.04 0.01 0.01 0.01 0.01 0.01 0.01 0.01 0.05 0.04 0.04 0.01 0.01 0.02 0.01 0.01 0.00 0.03 0.10 0.03 0.01 0.23 0.02 0.03 0.03 0.02 0.02 0.02 0.02 0.01 0.01 0.01
0.00 0.00 0.00 0.00 0.00 0.00 0.00 0.00 0.00 0.00 0.00 0.00 0.00 0.00 0.00 0.00 0.00 0.00 0.00 0.00 0.00 0.00 0.00 0.00 0.00 0.00 0.00 0.00 0.00 0.01 0.01 0.01 0.01 0.06 0.09 0.13 0.05 0.15 0.02 0.01 0.01 0.01 0.08 0.06 0.09 0.01 0.01 0.00 0.01 0.01 0.17 0.16 0.07 0.02 0.01 0.01 0.01 0.01 0.01 0.01 0.06 0.02 0.02 0.01 0.01 0.01 0.00 0.00 0.01 0.05 0.04 0.03 0.01 0.13 0.09 0.03 0.03 0.02 0.02 0.02 0.01 0.01 0.01 0.01
0.00 0.00 0.00 0.00 0.00 0.00 0.00 0.00 0.00 0.00 0.00 0.00 0.00 0.00 0.00 0.00 0.00 0.00 0.00 0.00 0.00 0.00 0.00 0.00 0.00 0.00 0.00 0.00 0.00 0.01 0.01 0.01 0.03 0.16 0.01 0.01 0.07 0.08 0.01 0.01 0.01 0.04 0.09 0.01 0.04 0.01 0.01 0.01 0.01 0.03 0.26 0.07 0.07 0.17 0.07 0.02 0.01 0.01 0.01 0.00 0.14 0.00 0.01 0.01 0.01 0.00 0.00 0.01 0.05 0.08 0.01 0.01 0.01 0.11 0.04 0.03 0.02 0.02 0.02 0.02 0.01 0.01 0.01 0.01
0.00 0.00 0.00 0.00 0.00 0.00 0.00 0.00 0.00 0.00 0.00 0.00 0.00 0.00 0.00 0.00 0.00 0.00 0.00 0.00 0.00 0.00 0.00 0.00 0.00 0.00 0.00 0.00 0.00 0.01 0.02 0.02 0.04 0.04 0.01 0.01 0.03 0.02 0.01 0.01 0.01 0.04 0.03 0.01 0.03 0.01 0.00 0.01 0.03 0.08 0.21 0.03 0.01 0.06 0.06 0.11 0.07 0.01 0.01 0.00 0.14 0.00 0.00 0.01 0.01 0.01 0.02 0.06 0.04 0.03 0.01 0.01 0.02 0.09 0.04 0.03 0.03 0.02 0.02 0.01 0.01 0.01 0.01 0.00
0.00 0.00 0.00 0.00 0.00 0.00 0.00 0.00 0.00 0.00 0.00 0.00 0.00 0.00 0.00 0.00 0.00 0.00 0.00 0.00 0.00 0.00 0.00 0.00 0.00 0.00 0.00 0.00 0.00 0.01 0.01 0.01 0.03 0.02 0.01 0.01 0.01 0.01 0.01 0.01 0.01 0.02 0.03 0.01 0.02 0.01 0.01 0.04 0.04 0.04 0.20 0.03 0.02 0.02 0.02 0.01 0.06 0.06 0.06 0.01 0.13 0.01 0.00 0.01 0.01 0.01 0.01 0.03 0.01 0.01 0.00 0.01 0.02 0.06 0.04 0.03 0.03 0.02 0.02 0.01 0.01 0.01 0.01 0.01
0.00 0.00 0.00 0.00 0.00 0.00 0.00 0.00 0.00 0.00 0.00 0.00 0.00 0.00 0.00 0.00 0.00 0.00 0.00 0.00 0.00 0.00 0.00 0.00 0.00 0.00 0.00 0.00 0.00 0.00 0.01 0.01 0.02 0.01 0.01 0.01 0.01 0.01 0.01 0.01 0.01 0.02 0.02 0.01 0.01 0.01 0.08 0.05 0.04 0.05 0.16 0.04 0.02 0.02 0.01 0.01 0.01 0.02 0.05 0.01 0.12 0.01 0.00 0.00 0.01 0.01 0.01 0.01 0.01 0.01 0.00 0.01 0.01 0.04 0.03 0.03 0.03 0.02 0.02 0.01 0.01 0.01 0.01 0.00
0.00 0.00 0.00 0.00 0.00 0.00 0.00 0.00 0.00 0.00 0.00 0.00 0.00 0.00 0.00 0.00 0.00 0.00 0.00 0.00 0.00 0.00 0.00 0.00 0.00 0.00 0.00 0.00 0.00 0.00 0.00 0.01 0.01 0.01 0.00 0.00 0.00 0.00 0.00 0.01 0.01 0.01 0.01 0.01 0.01 0.01 0.07 0.01 0.01 0.04 0.13 0.04 0.02 0.02 0.01 0.01 0.01 0.01 0.02 0.01 0.12 0.01 0.01 0.00 0.00 0.00 0.00 0.00 0.00 0.00 0.00 0.01 0.01 0.03 0.03 0.03 0.03 0.02 0.01 0.01 0.01 0.01 0.00 0.00
0.00 0.00 0.00 0.00 0.00 0.00 0.00 0.00 0.00 0.00 0.00 0.00 0.00 0.00 0.00 0.00 0.00 0.00 0.00 0.00 0.00 0.00 0.00 0.00 0.00 0.00 0.00 0.00 0.00 0.00 0.00 0.00 0.00 0.00 0.00 0.00 0.00 0.00 0.00 0.00 0.00 0.00 0.00 0.01 0.02 0.05 0.05 0.01 0.01 0.03 0.13 0.05 0.03 0.02 0.01 0.01 0.01 0.00 0.01 0.01 0.11 0.09 0.06 0.00 0.00 0.00 0.00 0.00 0.00 0.00 0.00 0.00 0.01 0.02 0.01 0.02 0.03 0.02 0.02 0.02 0.01 0.00 0.00 0.00
0.00 0.00 0.00 0.00 0.00 0.00 0.00 0.00 0.00 0.00 0.00 0.00 0.00 0.00 0.00 0.00 0.00 0.00 0.00 0.00 0.00 0.00 0.00 0.00 0.00 0.00 0.00 0.00 0.00 0.00 0.00 0.00 0.00 0.00 0.00 0.00 0.00 0.00 0.00 0.00 0.00 0.00 0.01 0.02 0.02 0.03 0.01 0.01 0.01 0.04 0.11 0.06 0.03 0.02 0.02 0.01 0.01 0.00 0.01 0.01 0.01 0.04 0.05 0.00 0.00 0.00 0.00 0.00 0.00 0.00 0.00 0.00 0.01 0.01 0.01 0.01 0.03 0.02 0.02 0.00 0.00 0.00 0.00 0.00
0.00 0.00 0.00 0.00 0.00 0.00 0.00 0.00 0.00 0.00 0.00 0.00 0.00 0.00 0.00 0.00 0.00 0.00 0.00 0.00 0.00 0.00 0.00 0.00 0.00 0.00 0.00 0.00 0.00 0.00 0.00 0.00 0.00 0.00 0.00 0.00 0.00 0.00 0.00 0.00 0.00 0.00 0.00 0.00 0.01 0.01 0.01 0.01 0.02 0.04 0.07 0.05 0.02 0.01 0.01 0.01 0.01 0.00 0.01 0.01 0.02 0.05 0.00 0.00 0.00 0.00 0.00 0.00 0.00 0.00 0.00 0.00 0.00 0.00 0.00 0.00 0.00 0.00 0.00 0.00 0.00 0.00 0.00 0.00
