NEW_versions/Scripts/Results/Iao_50m/MaxFloodMaps/Iao_50m_1.1.asc
NCOLS 111
NROWS 84
XLLCENTER 750508.350000
YLLCENTER 2308429.860000
CELLSIZE 50.000000
NODATA_value -99999.000000
[rows 0 to 37 of 84, columns 0 to 83 of 111]
0.00 0.00 0.00 0.00 0.00 0.00 0.00 0.00 0.00 0.00 0.00 0.00 0.00 0.00 0.00 0.00 0.00 0.00 0.00 0.00 0.00 0.00 0.00 0.00 0.00 0.00 0.00 0.00 0.00 0.00 0.00 0.00 0.00 0.00 0.00 0.00 0.00 0.00 0.00 0.00 0.00 0.00 0.00 0.00 0.00 0.00 0.00 0.00 0.00 0.00 0.00 0.00 0.00 0.00 0.00 0.00 0.00 0.00 0.00 0.00 0.00 0.00 0.00 0.00 0.00 0.00 0.00 0.00 0.00 0.00 0.00 0.00 0.00 0.00 0.00 0.00 0.00 0.00 0.00 0.00 0.00 0.00 0.00 0.00
0.00 0.00 0.00 0.00 0.00 0.00 0.00 0.00 0.00 0.00 0.00 0.00 0.00 0.00 0.00 0.00 0.00 0.00 0.00 0.00 0.00 0.00 0.00 0.00 0.00 0.00 0.00 0.00 0.00 0.00 0.00 0.00 0.00 0.00 0.00 0.00 0.00 0.00 0.00 0.00 0.00 0.00 0.00 0.00 0.00 0.00 0.00 0.00 0.00 0.00 0.00 0.00 0.01 0.01 0.00 0.01 0.01 0.01 0.01 0.01 0.01 0.00 0.00 0.00 0.00 0.00 0.00 0.00 0.00 0.00 0.00 0.00 0.00 0.00 0.00 0.00 0.00 0.00 0.00 0.00 0.00 0.00 0.00 0.00
0.00 0.00 0.00 0.00 0.00 0.00 0.00 0.00 0.00 0.00 0.00 0.00 0.00 0.00 0.00 0.00 0.00 0.00 0.00 0.00 0.00 0.00 0.00 0.00 0.00 0.00 0.00 0.00 0.00 0.00 0.00 0.00 0.00 0.00 0.00 0.00 0.00 0.00 0.00 0.00 0.00 0.00 0.00 0.00 0.00 0.00 0.00 0.00 0.01 0.01 0.01 0.01 0.02 0.01 0.01 0.01 0.01 0.01 0.01 0.01 0.01 0.01 0.00 0.00 0.00 0.00 0.00 0.00 0.01 0.01 0.00 0.00 0.00 0.00 0.00 0.00 0.00 0.00 0.00 0.00 0.00 0.00 0.00 0.00
0.00 0.00 0.00 0.00 0.00 0.00 0.00 0.00 0.00 0.00 0.00 0.00 0.00 0.00 0.00 0.00 0.00 0.00 0.00 0.00 0.00 0.00 0.00 0.00 0.00 0.00 0.00 0.00 0.00 0.00 0.00 0.00 0.00 0.00 0.00 0.00 0.00 0.00 0.00 0.00 0.00 0.00 0.00 0.00 0.00 0.00 0.00 0.01 0.01 0.01 0.01 0.01 0.01 0.02 0.01 0.01 0.01 0.02 0.02 0.01 0.01 0.01 0.01 0.00 0.00 0.00 0.01 0.01 0.01 0.02 0.01 0.01 0.01 0.00 0.00 0.00 0.00 0.00 0.00 0.00 0.00 0.00 0.00 0.00
0.00 0.00 0.00 0.00 0.00 0.00 0.00 0.00 0.00 0.00 0.00 0.00 0.00 0.00 0.00 0.00 0.00 0.00 0.00 0.00 0.00 0.00 0.00 0.00 0.00 0.00 0.00 0.00 0.00 0.00 0.00 0.00 0.00 0.00 0.00 0.00 0.00 0.00 0.00 0.00 0.00 0.00 0.00 0.00 0.00 0.00 0.01 0.01 0.01 0.01 0.01 0.02 0.02 0.02 0.02 0.01 0.01 0.02 0.02 0.01 0.01 0.01 0.01 0.00 0.01 0.01 0.01 0.01 0.02 0.02 0.01 0.01 0.01 0.01 0.01 0.00 0.00 0.00 0.00 0.00 0.00 0.00 0.00 0.00
0.00 0.00 0.00 0.00 0.00 0.00 0.00 0.00 0.00 0.00 0.00 0.00 0.00 0.00 0.00 0.00 0.00 0.00 0.00 0.00 0.00 0.00 0.00 0.00 0.00 0.00 0.00 0.00 0.00 0.00 0.00 0.00 0.00 0.00 0.00 0.00 0.00 0.00 0.00 0.00 0.00 0.00 0.00 0.00 0.00 0.00 0.01 0.01 0.01 0.01 0.02 0.02 0.03 0.02 0.02 0.01 0.01 0.02 0.03 0.02 0.02 0.01 0.01 0.01 0.01 0.01 0.01 0.03 0.03 0.02 0.01 0.01 0.01 0.01 0.02 0.01 0.00 0.00 0.00 0.00 0.00 0.00 0.00 0.01
0.00 0.00 0.00 0.00 0.00 0.00 0.00 0.00 0.00 0.00 0.00 0.00 0.00 0.00 0.00 0.00 0.00 0.00 0.00 0.00 0.00 0.00 0.00 0.00 0.00 0.00 0.00 0.00 0.00 0.00 0.00 0.00 0.00 0.00 0.00 0.00 0.00 0.00 0.00 0.00 0.00 0.00 0.00 0.01 0.01 0.01 0.01 0.01 0.01 0.01 0.02 0.02 0.03 0.03 0.02 0.02 0.02 0.02 0.02 0.03 0.02 0.01 0.01 0.01 0.01 0.01 0.01 0.04 0.02 0.02 0.01 0.01 0.01 0.02 0.02 0.01 0.01 0.01 0.01 0.00 0.00 0.00 0.01 0.01
0.00 0.00 0.00 0.00 0.00 0.00 0.00 0.00 0.00 0.00 0.00 0.00 0.00 0.00 0.00 0.00 0.00 0.00 0.00 0.00 0.00 0.00 0.00 0.00 0.00 0.00 0.00 0.00 0.00 0.00 0.00 0.00 0.00 0.00 0.00 0.00 0.00 0.00 0.00 0.00 0.01 0.01 0.01 0.01 0.01 0.01 0.02 0.01 0.01 0.01 0.02 0.02 0.03 0.03 0.02 0.02 0.02 0.02 0.03 0.03 0.02 0.02 0.01 0.01 0.01 0.01 0.01 0.05 0.02 0.01 0.01 0.01 0.01 0.02 0.02 0.01 0.01 0.02 0.01 0.01 0.00 0.01 0.01 0.01
0.00 0.00 0.00 0.00 0.00 0.00 0.00 0.00 0.00 0.00 0.00 0.00 0.00 0.00 0.00 0.00 0.00 0.00 0.00 0.00 0.00 0.00 0.00 0.00 0.00 0.00 0.00 0.00 0.00 0.00 0.00 0.00 0.00 0.00 0.00 0.00 0.00 0.00 0.00 0.01 0.01 0.01 0.01 0.01 0.02 0.01 0.02 0.01 0.01 0.01 0.02 0.02 0.03 0.03 0.03 0.03 0.03 0.03 0.03 0.03 0.02 0.02 0.01 0.01 0.01 0.01 0.01 0.04 0.01 0.01 0.01 0.01 0.01 0.02 0.03 0.02 0.02 0.02 0.01 0.01 0.01 0.01 0.01 0.01
0.00 0.00 0.00 0.00 0.00 0.00 0.00 0.00 0.00 0.00 0.00 0.00 0.00 0.00 0.00 0.00 0.00 0.00 0.00 0.00 0.00 0.00 0.00 0.00 0.00 0.00 0.00 0.00 0.00 0.00 0.00 0.00 0.00 0.00 0.01 0.01 0.01 0.01 0.01 0.01 0.01 0.01 0.01 0.01 0.02 0.02 0.02 0.02 0.01 0.01 0.02 0.02 0.03 0.03 0.03 0.03 0.03 0.03 0.04 0.04 0.02 0.02 0.01 0.01 0.01 0.01 0.01 0.12 0.01 0.01 0.01 0.02 0.02 0.03 0.03 0.03 0.02 0.02 0.01 0.01 0.01 0.02 0.01 0.01
0.00 0.00 0.00 0.00 0.00 0.00 0.00 0.00 0.00 0.00 0.00 0.00 0.00 0.00 0.00 0.00 0.00 0.00 0.00 0.00 0.00 0.00 0.00 0.00 0.00 0.00 0.00 0.00 0.00 0.00 0.00 0.01 0.01 0.01 0.01 0.02 0.01 0.02 0.01 0.01 0.01 0.01 0.02 0.02 0.02 0.02 0.02 0.02 0.02 0.02 0.02 0.05 0.08 0.03 0.03 0.03 0.03 0.03 0.04 0.05 0.03 0.02 0.02 0.01 0.01 0.01 0.01 0.08 0.04 0.01 0.02 0.02 0.02 0.03 0.03 0.03 0.02 0.02 0.01 0.01 0.01 0.02 0.03 0.01
0.00 0.00 0.00 0.00 0.00 0.00 0.00 0.00 0.00 0.00 0.00 0.00 0.00 0.00 0.00 0.00 0.00 0.00 0.00 0.00 0.00 0.00 0.00 0.00 0.00 0.00 0.00 0.00 0.00 0.00 0.01 0.01 0.01 0.01 0.01 0.02 0.02 0.02 0.01 0.01 0.01 0.02 0.02 0.02 0.02 0.02 0.02 0.02 0.02 0.03 0.03 0.03 0.08 0.12 0.08 0.06 0.05 0.05 0.04 0.07 0.05 0.03 0.02 0.01 0.01 0.01 0.01 0.03 0.05 0.04 0.04 0.02 0.02 0.04 0.04 0.03 0.02 0.02 0.01 0.01 0.01 0.04 0.02 0.01
0.00 0.00 0.00 0.00 0.00 0.00 0.00 0.00 0.00 0.00 0.00 0.00 0.00 0.00 0.00 0.00 0.00 0.00 0.00 0.00 0.00 0.00 0.00 0.00 0.00 0.01 0.01 0.01 0.01 0.01 0.01 0.01 0.02 0.01 0.01 0.02 0.03 0.02 0.01 0.01 0.01 0.01 0.02 0.02 0.02 0.02 0.02 0.02 0.03 0.04 0.08 0.01 0.01 0.01 0.04 0.17 0.06 0.04 0.10 0.08 0.12 0.05 0.04 0.06 0.02 0.01 0.01 0.02 0.02 0.06 0.09 0.08 0.05 0.07 0.03 0.03 0.03 0.02 0.02 0.01 0.01 0.02 0.03 0.01
0.00 0.00 0.00 0.00 0.00 0.00 0.00 0.00 0.00 0.00 0.00 0.00 0.00 0.00 0.01 0.01 0.01 0.01 0.01 0.01 0.01 0.01 0.01 0.01 0.01 0.01 0.01 0.02 0.01 0.01 0.01 0.01 0.01 0.01 0.01 0.02 0.03 0.02 0.01 0.01 0.01 0.01 0.01 0.02 0.02 0.02 0.03 0.03 0.03 0.03 0.04 0.04 0.04 0.00 0.02 0.17 0.20 0.00 0.04 0.13 0.13 0.03 0.01 0.10 0.05 0.01 0.00 0.02 0.03 0.01 0.03 0.05 0.07 0.24 0.25 0.03 0.03 0.02 0.03 0.02 0.01 0.03 0.03 0.02
0.00 0.00 0.00 0.00 0.00 0.00 0.00 0.00 0.00 0.00 0.00 0.01 0.01 0.01 0.01 0.01 0.02 0.01 0.01 0.02 0.01 0.01 0.01 0.02 0.01 0.01 0.01 0.01 0.01 0.01 0.01 0.01 0.01 0.01 0.02 0.02 0.04 0.03 0.01 0.01 0.01 0.01 0.01 0.01 0.02 0.03 0.05 0.05 0.06 0.06 0.05 0.04 0.08 0.00 0.01 0.02 0.21 0.01 0.01 0.06 0.22 0.02 0.00 0.01 0.09 0.01 0.01 0.04 0.02 0.03 0.02 0.04 0.01 0.01 0.25 0.21 0.23 0.02 0.03 0.06 0.02 0.02 0.03 0.02
0.00 0.00 0.00 0.00 0.00 0.00 0.00 0.00 0.00 0.00 0.01 0.01 0.01 0.01 0.01 0.02 0.02 0.01 0.01 0.02 0.01 0.01 0.01 0.02 0.01 0.01 0.02 0.01 0.01 0.01 0.01 0.01 0.01 0.01 0.02 0.03 0.04 0.03 0.01 0.01 0.01 0.01 0.01 0.01 0.01 0.02 0.03 0.05 0.07 0.09 0.12 0.14 0.23 0.10 0.07 0.23 0.20 0.01 0.01 0.04 0.30 0.02 0.01 0.01 0.05 0.10 0.01 0.09 0.02 0.03 0.01 0.05 0.03 0.00 0.01 0.01 0.27 0.03 0.05 0.05 0.03 0.02 0.03 0.02
0.00 0.00 0.00 0.00 0.00 0.00 0.00 0.01 0.01 0.01 0.01 0.01 0.01 0.01 0.01 0.03 0.01 0.01 0.01 0.02 0.01 0.01 0.01 0.02 0.02 0.01 0.01 0.02 0.02 0.01 0.02 0.01 0.01 0.02 0.03 0.03 0.04 0.02 0.01 0.01 0.01 0.01 0.01 0.01 0.01 0.01 0.02 0.02 0.02 0.01 0.01 0.01 0.01 0.12 0.10 0.10 0.21 0.04 0.01 0.03 0.15 0.16 0.15 0.01 0.08 0.04 0.01 0.04 0.07 0.03 0.01 0.04 0.05 0.01 0.01 0.01 0.49 0.06 0.05 0.04 0.03 0.03 0.03 0.02
0.00 0.00 0.00 0.00 0.00 0.00 0.01 0.01 0.01 0.01 0.01 0.02 0.01 0.01 0.01 0.03 0.02 0.01 0.02 0.02 0.01 0.01 0.02 0.03 0.02 0.01 0.02 0.02 0.02 0.02 0.02 0.02 0.03 0.02 0.03 0.04 0.03 0.02 0.02 0.01 0.01 0.01 0.01 0.01 0.01 0.01 0.01 0.01 0.01 0.01 0.01 0.01 0.01 0.01 0.07 0.13 0.35 0.41 0.01 0.00 0.06 0.19 0.53 0.13 0.15 0.10 0.01 0.03 0.10 0.02 0.04 0.02 0.08 0.02 0.02 0.01 0.49 0.05 0.00 0.05 0.04 0.03 0.02 0.02
0.00 0.00 0.00 0.00 0.00 0.01 0.01 0.01 0.01 0.01 0.01 0.02 0.02 0.02 0.02 0.02 0.03 0.03 0.03 0.02 0.01 0.01 0.02 0.03 0.02 0.01 0.01 0.01 0.02 0.02 0.02 0.02 0.05 0.03 0.04 0.04 0.03 0.02 0.01 0.01 0.01 0.01 0.01 0.01 0.01 0.01 0.01 0.01 0.01 0.01 0.01 0.01 0.01 0.01 0.01 0.02 0.03 0.37 0.38 0.01 0.03 0.03 0.07 0.41 0.13 0.16 0.14 0.03 0.08 0.01 0.04 0.04 0.06 0.06 0.02 0.01 0.25 0.01 0.01 0.07 0.03 0.04 0.02 0.02
0.00 0.00 0.00 0.00 0.01 0.01 0.01 0.01 0.02 0.01 0.01 0.02 0.02 0.02 0.02 0.02 0.03 0.04 0.06 0.02 0.01 0.01 0.02 0.03 0.03 0.01 0.01 0.01 0.02 0.02 0.02 0.03 0.10 0.04 0.04 0.03 0.02 0.02 0.01 0.01 0.02 0.02 0.01 0.01 0.02 0.02 0.03 0.03 0.01 0.01 0.01 0.01 0.01 0.01 0.01 0.01 0.02 0.02 0.44 0.45 0.03 0.00 0.05 0.04 0.15 0.12 0.20 0.16 0.11 0.01 0.02 0.03 0.09 0.10 0.04 0.03 0.41 0.01 0.01 0.06 0.13 0.11 0.05 0.02
0.00 0.00 0.00 0.01 0.02 0.01 0.01 0.02 0.02 0.02 0.01 0.01 0.02 0.02 0.02 0.02 0.03 0.05 0.07 0.03 0.02 0.01 0.02 0.02 0.03 0.02 0.02 0.02 0.02 0.02 0.02 0.03 0.08 0.16 0.03 0.02 0.03 0.06 0.01 0.01 0.01 0.02 0.02 0.01 0.01 0.03 0.04 0.07 0.01 0.01 0.02 0.02 0.01 0.02 0.02 0.01 0.01 0.01 0.02 0.43 0.37 0.01 0.01 0.01 0.08 0.17 0.22 0.28 0.44 0.38 0.01 0.02 0.17 0.10 0.05 0.10 0.44 0.01 0.01 0.10 0.11 0.03 0.03 0.04
0.00 0.00 0.01 0.02 0.01 0.01 0.01 0.02 0.02 0.02 0.02 0.01 0.01 0.02 0.03 0.04 0.03 0.04 0.05 0.05 0.02 0.01 0.02 0.02 0.03 0.02 0.01 0.02 0.02 0.02 0.02 0.02 0.04 0.13 0.09 0.02 0.05 0.04 0.01 0.01 0.01 0.04 0.03 0.01 0.01 0.01 0.02 0.10 0.09 0.03 0.02 0.02 0.02 0.02 0.04 0.06 0.01 0.01 0.01 0.02 0.44 0.56 0.01 0.01 0.01 0.01 0.02 0.01 0.02 0.32 0.50 0.01 0.01 0.07 0.04 0.02 0.44 0.34 0.35 0.12 0.05 0.02 0.02 0.02
0.00 0.00 0.00 0.02 0.01 0.01 0.01 0.02 0.02 0.03 0.02 0.01 0.01 0.01 0.01 0.00 0.03 0.05 0.05 0.09 0.01 0.01 0.02 0.03 0.04 0.05 0.02 0.02 0.02 0.02 0.03 0.03 0.03 0.04 0.13 0.08 0.05 0.03 0.01 0.01 0.01 0.06 0.03 0.01 0.01 0.01 0.01 0.02 0.05 0.05 0.04 0.02 0.02 0.02 0.02 0.06 0.08 0.01 0.01 0.01 0.02 0.54 0.42 0.01 0.01 0.02 0.02 0.03 0.01 0.01 0.37 0.39 0.02 0.03 0.04 0.06 0.02 0.01 0.40 0.45 0.04 0.02 0.03 0.02
0.00 0.00 0.00 0.01 0.01 0.01 0.01 0.02 0.02 0.03 0.02 0.01 0.01 0.01 0.02 0.01 0.01 0.03 0.05 0.16 0.08 0.01 0.01 0.05 0.03 0.04 0.01 0.02 0.05 0.05 0.05 0.04 0.04 0.04 0.19 0.04 0.03 0.02 0.01 0.01 0.01 0.04 0.06 0.01 0.01 0.01 0.01 0.01 0.04 0.05 0.13 0.14 0.02 0.01 0.02 0.01 0.09 0.21 0.01 0.01 0.01 0.01 0.59 0.44 0.01 0.01 0.01 0.02 0.05 0.02 0.02 0.52 0.37 0.03 0.02 0.03 0.05 0.01 0.01 0.37 0.06 0.03 0.03 0.03
0.00 0.00 0.00 0.01 0.01 0.02 0.02 0.03 0.03 0.02 0.02 0.02 0.03 0.01 0.02 0.01 0.01 0.01 0.03 0.11 0.37 0.09 0.09 0.09 0.04 0.02 0.01 0.01 0.01 0.01 0.04 0.08 0.15 0.09 0.28 0.04 0.02 0.02 0.01 0.01 0.02 0.04 0.09 0.01 0.01 0.00 0.01 0.01 0.01 0.01 0.01 0.13 0.18 0.01 0.02 0.02 0.01 0.08 0.12 0.12 0.00 0.01 0.02 0.57 0.50 0.01 0.01 0.02 0.01 0.01 0.01 0.02 0.45 0.03 0.01 0.01 0.06 0.07 0.04 0.36 0.09 0.03 0.04 0.03
0.00 0.01 0.01 0.01 0.01 0.02 0.03 0.05 0.04 0.03 0.02 0.02 0.02 0.02 0.03 0.01 0.01 0.01 0.01 0.01 0.01 0.10 0.21 0.29 0.03 0.02 0.01 0.01 0.01 0.01 0.01 0.01 0.01 0.05 0.34 0.29 0.03 0.02 0.01 0.01 0.02 0.04 0.15 0.02 0.01 0.01 0.01 0.01 0.01 0.01 0.01 0.01 0.17 0.02 0.01 0.02 0.02 0.01 0.01 0.19 0.01 0.01 0.01 0.01 0.54 0.69 0.40 0.31 0.26 0.21 0.01 0.01 0.26 0.31 0.02 0.01 0.01 0.01 0.01 0.69 0.01 0.02 0.02 0.02
0.00 0.01 0.02 0.03 0.03 0.03 0.03 0.04 0.06 0.04 0.03 0.03 0.02 0.03 0.07 0.02 0.01 0.01 0.01 0.01 0.01 0.01 0.01 0.29 0.30 0.02 0.01 0.01 0.01 0.01 0.01 0.01 0.02 0.03 0.02 0.59 0.30 0.02 0.01 0.01 0.01 0.14 0.11 0.01 0.01 0.01 0.01 0.02 0.03 0.02 0.02 0.02 0.25 0.02 0.01 0.02 0.02 0.02 0.02 0.10 0.22 0.01 0.01 0.00 0.01 0.02 0.20 0.44 0.44 0.39 0.44 0.44 0.50 0.71 0.99 0.99 0.01 0.01 0.01 0.62 0.70 0.03 0.03 0.03
0.01 0.01 0.01 0.01 0.02 0.03 0.04 0.04 0.07 0.09 0.12 0.10 0.11 0.02 0.04 0.06 0.01 0.01 0.01 0.01 0.01 0.01 0.01 0.01 0.32 0.03 0.01 0.01 0.01 0.01 0.02 0.03 0.03 0.03 0.02 0.03 0.45 0.01 0.01 0.01 0.09 0.11 0.01 0.01 0.01 0.02 0.01 0.01 0.01 0.03 0.05 0.04 0.12 0.12 0.01 0.01 0.02 0.02 0.03 0.02 0.14 0.25 0.01 0.01 0.01 0.01 0.01 0.02 0.01 0.02 0.01 0.01 0.02 0.02 0.02 0.97 0.71 0.01 0.01 0.01 0.60 0.03 0.02 0.02
0.00 0.01 0.01 0.01 0.02 0.02 0.06 0.08 0.07 0.04 0.03 0.10 0.25 0.26 0.28 0.03 0.03 0.01 0.02 0.01 0.01 0.01 0.01 0.01 0.32 0.31 0.01 0.01 0.01 0.01 0.01 0.02 0.04 0.06 0.05 0.03 0.34 0.36 0.01 0.01 0.19 0.04 0.01 0.01 0.02 0.02 0.01 0.01 0.01 0.01 0.01 0.03 0.09 0.15 0.10 0.01 0.01 0.02 0.02 0.02 0.01 0.10 0.11 0.01 0.02 0.01 0.01 0.00 0.01 0.01 0.02 0.01 0.02 0.03 0.02 0.03 0.72 0.87 0.87 0.00 0.60 0.62 0.02 0.01
0.00 0.00 0.01 0.01 0.01 0.01 0.01 0.03 0.03 0.01 0.01 0.01 0.02 0.02 0.22 0.33 0.39 0.02 0.02 0.01 0.01 0.01 0.01 0.01 0.01 0.32 0.02 0.01 0.01 0.01 0.01 0.01 0.01 0.01 0.04 0.04 0.02 0.46 0.01 0.01 0.12 0.03 0.01 0.01 0.04 0.02 0.01 0.01 0.01 0.01 0.02 0.02 0.04 0.25 0.11 0.10 0.01 0.02 0.02 0.02 0.02 0.07 0.27 0.01 0.03 0.01 0.03 0.01 0.00 0.01 0.02 0.04 0.03 0.02 0.02 0.02 0.02 0.02 0.87 0.84 0.01 0.78 0.03 0.01
0.00 0.00 0.01 0.01 0.01 0.01 0.01 0.01 0.02 0.03 0.02 0.02 0.02 0.02 0.02 0.02 0.31 0.36 0.37 0.02 0.02 0.01 0.01 0.01 0.01 0.43 0.02 0.01 0.01 0.01 0.02 0.01 0.01 0.01 0.02 0.05 0.04 0.39 0.01 0.01 0.14 0.03 0.02 0.01 0.05 0.03 0.02 0.02 0.01 0.01 0.02 0.03 0.06 0.09 0.22 0.09 0.02 0.01 0.02 0.03 0.02 0.13 0.08 0.01 0.06 0.05 0.04 0.02 0.01 0.01 0.01 0.01 0.04 0.08 0.04 0.04 0.03 0.02 0.02 0.74 1.08 0.70 0.78 0.01
0.00 0.00 0.00 0.00 0.01 0.01 0.01 0.01 0.02 0.02 0.03 0.03 0.03 0.03 0.02 0.03 0.03 0.03 0.38 0.74 0.39 0.01 0.01 0.01 0.01 0.26 0.12 0.01 0.01 0.01 0.02 0.01 0.01 0.02 0.02 0.01 0.02 0.48 0.39 0.01 0.12 0.02 0.02 0.01 0.06 0.02 0.04 0.01 0.01 0.02 0.00 0.01 0.01 0.04 0.17 0.21 0.02 0.01 0.02 0.04 0.04 0.09 0.15 0.01 0.11 0.04 0.01 0.01 0.03 0.03 0.03 0.00 0.01 0.02 0.01 0.01 0.01 0.01 0.01 0.01 0.02 0.70 1.13 1.13
0.00 0.00 0.00 0.00 0.01 0.01 0.01 0.01 0.01 0.01 0.01 0.01 0.03 0.03 0.05 0.04 0.03 0.02 0.02 0.02 0.33 0.92 0.54 0.01 0.01 0.25 0.26 0.01 0.01 0.01 0.08 0.03 0.02 0.03 0.02 0.02 0.02 0.02 0.38 0.54 0.61 0.02 0.03 0.01 0.06 0.02 0.04 0.01 0.02 0.03 0.01 0.01 0.01 0.05 0.09 0.36 0.02 0.01 0.02 0.03 0.06 0.09 0.23 0.04 0.07 0.01 0.01 0.01 0.01 0.03 0.06 0.07 0.01 0.01 0.01 0.01 0.01 0.03 0.01 0.01 0.01 0.03 0.04 1.04
0.00 0.00 0.00 0.00 0.00 0.01 0.01 0.01 0.01 0.01 0.01 0.02 0.03 0.02 0.02 0.01 0.01 0.01 0.02 0.02 0.01 0.01 0.30 0.45 0.43 0.06 0.20 0.21 0.17 0.01 0.01 0.04 0.01 0.02 0.03 0.03 0.02 0.01 0.01 0.01 0.34 0.46 0.01 0.02 0.06 0.01 0.03 0.04 0.01 0.04 0.01 0.02 0.01 0.01 0.01 0.48 0.23 0.01 0.02 0.01 0.01 0.19 0.14 0.03 0.11 0.02 0.01 0.02 0.01 0.01 0.01 0.05 0.04 0.05 0.02 0.02 0.07 0.03 0.01 0.01 0.01 0.03 0.04 0.03
0.00 0.00 0.00 0.00 0.01 0.01 0.02 0.01 0.01 0.03 0.04 0.04 0.03 0.01 0.00 0.01 0.01 0.01 0.01 0.01 0.01 0.01 0.01 0.01 0.52 0.57 0.65 0.01 0.18 0.01 0.01 0.04 0.03 0.02 0.02 0.04 0.01 0.01 0.02 0.02 0.19 0.56 0.01 0.02 0.10 0.01 0.03 0.04 0.01 0.04 0.07 0.02 0.02 0.01 0.01 0.02 0.31 0.31 0.30 0.02 0.01 0.19 0.20 0.04 0.03 0.09 0.06 0.02 0.02 0.01 0.01 0.03 0.05 0.05 0.07 0.04 0.04 0.05 0.01 0.01 0.03 0.06 0.03 0.02
0.00 0.00 0.00 0.00 0.01 0.01 0.02 0.05 0.05 0.03 0.03 0.06 0.06 0.05 0.05 0.02 0.01 0.01 0.01 0.08 0.14 0.18 0.01 0.00 0.01 0.09 0.43 0.62 0.61 0.62 0.01 0.03 0.03 0.02 0.03 0.05 0.06 0.01 0.01 0.01 0.01 0.57 0.52 0.47 0.47 0.61 0.62 0.62 0.01 0.02 0.04 0.04 0.08 0.01 0.03 0.01 0.01 0.02 0.27 0.47 0.01 0.01 0.52 0.03 0.02 0.01 0.06 0.07 0.09 0.01 0.02 0.03 0.04 0.06 0.13 0.03 0.03 0.05 0.03 0.02 0.03 0.10 0.01 0.01
0.00 0.00 0.00 0.00 0.01 0.01 0.01 0.02 0.02 0.01 0.01 0.03 0.06 0.09 0.09 0.15 0.15 0.19 0.21 0.18 0.12 0.30 0.23 0.25 0.29 0.24 0.13 0.06 0.06 0.72 0.93 0.71 0.82 0.68 0.84 0.98 0.98 0.86 0.01 0.01 0.01 0.01 0.01 0.01 0.01 0.01 0.01 0.48 0.01 0.02 0.02 0.04 0.05 0.05 0.02 0.03 0.01 0.01 0.01 0.17 0.22 0.01 0.20 0.02 0.02 0.01 0.01 0.04 0.07 0.13 0.08 0.06 0.06 0.05 0.15 0.26 0.02 0.03 0.03 0.03 0.02 0.02 0.03 0.02
0.00 0.00 0.00 0.00 0.00 0.01 0.01 0.01 0.02 0.04 0.05 0.06 0.05 0.03 0.12 0.08 0.10 0.06 0.03 0.03 0.03 0.03 0.03 0.03 0.04 0.03 0.03 0.06 0.05 0.03 0.04 0.09 0.07 0.07 0.03 0.02 0.06 0.81 1.59 1.57 0.01 0.01 0.01 0.02 0.01 0.01 0.02 0.59 0.01 0.03 0.01 0.02 0.04 0.08 0.04 0.04 0.04 0.03 0.02 0.08 0.42 0.12 0.14 0.11 0.03 0.01 0.01 0.02 0.04 0.03 0.07 0.07 0.07 0.06 0.05 0.18 0.14 0.16 0.02 0.02 0.01 0.01 0.02 0.02
