NEW_versions/Scripts/Results/Iao_50m/MaxFloodMaps/Iao_50m_1.8.asc
NCOLS 111
NROWS 84
XLLCENTER 750508.350000
YLLCENTER 2308429.860000
CELLSIZE 50.000000
NODATA_value -99999.000000
[rows 38 to 75 of 84, columns 0 to 83 of 111]
0.00 0.00 0.00 0.00 0.00 0.01 0.01 0.01 0.02 0.02 0.03 0.03 0.04 0.10 0.07 0.04 0.03 0.02 0.02 0.01 0.07 0.05 0.03 0.02 0.02 0.02 0.01 0.01 0.01 0.01 0.10 0.11 0.17 0.15 0.20 0.23 0.15 0.11 0.05 2.00 1.05 1.21 1.81 1.59 1.02 1.31 1.15 2.22 1.87 1.77 1.78 0.02 0.02 0.03 0.05 0.04 0.03 0.03 0.03 2.33 3.24 2.90 2.07 2.18 0.03 0.02 0.02 0.03 0.02 0.01 0.04 0.08 0.11 0.07 0.04 0.02 0.16 0.22 0.13 0.15 0.02 0.02 0.03 0.03
0.00 0.00 0.00 0.00 0.00 0.00 0.00 0.01 0.01 0.02 0.03 0.03 0.03 0.05 0.03 0.01 0.02 0.01 0.01 0.01 0.06 0.01 0.01 0.01 0.01 0.02 0.08 0.19 0.27 0.26 0.16 0.15 0.17 0.03 0.01 0.02 0.03 0.03 0.03 0.02 0.03 0.05 0.03 0.03 0.03 0.05 0.02 0.03 0.03 0.02 1.81 2.00 2.72 2.49 1.81 0.81 1.66 1.67 1.65 2.13 0.01 0.01 0.03 2.91 2.86 2.66 0.03 0.04 0.02 0.01 0.03 0.06 0.10 0.11 0.04 0.01 0.02 0.02 0.12 0.20 0.22 0.10 0.07 0.04
0.00 0.00 0.00 0.00 0.00 0.00 0.01 0.01 0.01 0.02 0.03 0.05 0.03 0.02 0.02 0.02 0.02 0.04 0.06 0.08 0.06 0.07 0.12 0.10 0.15 0.17 0.14 0.11 0.07 0.03 0.02 0.03 0.06 0.02 0.02 0.02 0.02 0.02 0.03 0.01 0.03 0.05 0.01 0.02 0.02 0.03 0.02 0.04 0.04 0.03 0.02 0.03 0.04 0.04 0.52 0.97 1.00 0.02 0.03 0.02 0.01 0.01 0.02 0.03 0.05 2.64 2.77 2.49 0.03 0.02 0.02 0.04 0.08 0.14 0.03 0.02 0.01 0.01 0.01 0.01 0.11 0.12 0.13 0.09
0.00 0.00 0.00 0.00 0.00 0.00 0.01 0.01 0.02 0.03 0.03 0.05 0.01 0.01 0.02 0.02 0.04 0.03 0.02 0.03 0.03 0.04 0.05 0.04 0.03 0.03 0.06 0.06 0.03 0.01 0.02 0.02 0.05 0.02 0.01 0.02 0.01 0.02 0.01 0.02 0.03 0.04 0.01 0.02 0.03 0.02 0.04 0.14 0.01 0.02 0.03 0.03 0.03 0.04 0.02 0.01 0.01 0.02 0.02 0.02 0.01 0.01 0.01 0.04 0.04 0.03 0.03 2.10 2.06 1.48 1.39 0.01 0.04 0.14 0.09 0.01 0.01 0.02 0.01 0.01 0.06 0.09 0.09 0.08
0.00 0.00 0.00 0.00 0.00 0.00 0.02 0.02 0.02 0.01 0.02 0.03 0.01 0.01 0.02 0.02 0.02 0.02 0.02 0.02 0.03 0.03 0.02 0.03 0.01 0.02 0.06 0.01 0.03 0.01 0.02 0.02 0.03 0.02 0.01 0.01 0.01 0.01 0.01 0.01 0.02 0.02 0.01 0.01 0.01 0.02 0.04 0.01 0.01 0.01 0.02 0.02 0.02 0.02 0.01 0.02 0.02 0.02 0.02 0.02 0.07 0.11 0.12 0.07 0.04 0.03 0.02 0.02 0.02 1.59 2.66 0.02 0.02 0.05 0.11 0.05 0.03 0.04 1.33 2.72 2.08 1.87 0.04 4.46
0.00 0.00 0.00 0.00 0.00 0.00 0.00 0.02 0.02 0.02 0.02 0.02 0.01 0.01 0.01 0.01 0.02 0.01 0.01 0.02 0.02 0.02 0.01 0.01 0.01 0.03 0.04 0.01 0.02 0.01 0.01 0.01 0.01 0.01 0.01 0.02 0.02 0.01 0.01 0.01 0.01 0.01 0.01 0.01 0.01 0.01 0.01 0.02 0.01 0.01 0.01 0.01 0.01 0.02 0.02 0.03 0.03 0.03 0.11 0.12 0.09 0.06 0.06 0.03 0.03 0.03 0.02 0.02 0.01 0.03 2.69 2.80 0.04 0.05 0.04 0.05 3.51 2.98 1.72 0.82 0.38 3.57 4.04 4.13
0.00 0.00 0.00 0.00 0.00 0.00 0.00 0.02 0.02 0.02 0.02 0.02 0.03 0.01 0.01 0.01 0.01 0.01 0.01 0.01 0.01 0.01 0.01 0.01 0.01 0.03 0.01 0.01 0.01 0.01 0.02 0.01 0.01 0.02 0.02 0.03 0.03 0.02 0.02 0.02 0.01 0.01 0.01 0.02 0.02 0.03 0.02 0.03 0.03 0.02 0.02 0.02 0.02 0.02 0.06 0.08 0.13 0.10 0.08 0.04 0.02 0.03 0.04 0.06 0.03 0.06 0.10 0.01 0.01 0.04 0.05 3.20 2.82 2.51 0.03 3.96 3.79 0.02 0.01 0.01 2.22 2.35 0.14 0.03
0.00 0.00 0.00 0.00 0.00 0.00 0.00 0.02 0.02 0.02 0.03 0.03 0.04 0.02 0.02 0.02 0.01 0.02 0.02 0.02 0.02 0.02 0.02 0.04 0.01 0.01 0.01 0.01 0.02 0.02 0.04 0.04 0.02 0.02 0.03 0.03 0.03 0.03 0.02 0.03 0.02 0.02 0.02 0.02 0.03 0.03 0.03 0.04 0.05 0.07 0.02 0.02 0.03 0.03 0.02 0.03 0.02 0.06 0.04 0.03 0.03 0.07 0.10 0.09 0.07 0.05 0.08 0.13 0.08 0.06 0.05 0.03 0.03 1.55 2.94 4.07 0.01 0.01 0.01 3.04 2.87 0.04 0.21 0.06
0.00 0.00 0.00 0.00 0.00 0.00 0.00 0.02 0.02 0.03 0.03 0.03 0.04 0.02 0.02 0.02 0.02 0.02 0.02 0.03 0.03 0.04 0.03 0.05 0.03 0.02 0.01 0.02 0.02 0.02 0.03 0.04 0.04 0.02 0.03 0.03 0.04 0.04 0.04 0.85 0.70 0.79 0.90 0.86 0.59 0.64 0.72 0.75 0.86 0.93 0.93 0.02 0.02 0.04 0.01 0.02 0.02 0.01 0.02 0.02 0.03 0.02 0.02 0.05 0.07 0.07 0.01 0.01 0.01 0.02 0.01 0.01 0.01 0.01 0.01 0.01 0.01 0.01 2.21 3.09 0.05 0.07 0.17 0.07
0.00 0.00 0.00 0.00 0.00 0.00 0.00 0.02 0.03 0.03 0.04 0.05 0.04 0.03 0.02 0.03 0.03 0.02 0.02 0.03 0.05 0.07 0.11 0.14 0.14 0.11 0.01 0.02 0.03 0.03 0.04 0.05 0.07 0.04 0.05 0.05 0.72 0.89 1.09 1.24 0.01 0.03 0.04 0.04 0.50 0.36 0.21 0.14 0.05 0.03 0.82 0.83 0.74 0.94 0.94 0.01 0.03 0.02 0.02 0.99 1.05 0.01 0.02 1.35 1.85 1.79 1.84 0.01 0.03 0.02 0.01 0.01 0.02 0.02 0.03 3.47 3.07 2.08 2.13 0.15 0.14 0.08 0.13 0.06
0.00 0.00 0.00 0.00 0.00 0.00 0.01 0.02 0.02 0.04 0.05 0.06 0.14 0.12 0.07 0.04 0.09 0.12 0.03 0.01 0.01 0.01 0.01 0.02 0.09 0.18 0.20 0.19 0.14 0.12 0.08 0.73 0.60 0.71 0.72 1.11 0.89 0.04 0.01 0.04 0.01 0.02 0.03 0.02 0.02 0.02 0.02 0.01 0.02 0.01 0.01 0.01 0.01 0.01 0.94 0.91 0.85 1.79 2.02 1.13 1.87 1.66 1.96 2.31 0.01 0.02 2.18 1.74 2.19 2.13 2.60 1.91 1.97 2.03 2.52 2.30 0.02 0.15 0.11 0.20 0.27 0.07 0.05 0.06
0.00 0.00 0.00 0.00 0.00 0.00 0.01 0.03 0.12 0.30 0.01 0.01 0.01 0.10 0.13 0.08 0.05 0.11 0.23 0.24 0.01 0.01 0.02 0.01 0.01 0.01 0.01 0.01 0.07 0.64 1.19 0.62 0.02 0.01 0.02 0.04 0.03 0.03 0.01 0.03 0.01 0.01 0.01 0.01 0.01 0.01 0.03 0.04 0.03 0.01 0.02 0.02 0.04 0.02 0.01 0.01 0.01 1.04 1.20 0.01 0.02 0.07 0.09 0.06 0.02 0.01 0.02 0.02 0.08 0.01 0.02 0.10 0.18 0.01 0.01 0.60 0.01 0.03 0.01 0.35 0.29 0.07 0.02 0.04
0.00 0.00 0.00 0.00 0.00 0.00 0.01 0.03 0.06 0.26 0.01 0.01 0.01 0.01 0.07 0.08 0.08 0.04 0.03 0.14 0.10 0.09 0.08 0.13 0.01 0.01 0.02 0.56 0.61 0.62 0.02 0.02 0.02 0.01 0.02 0.03 0.02 0.04 0.02 0.02 0.01 0.01 0.02 0.03 0.04 0.06 0.04 0.05 0.06 0.05 1.98 1.66 1.14 1.30 1.32 1.91 1.52 1.49 0.03 0.02 0.02 0.09 0.04 0.08 0.01 0.01 0.02 0.04 0.09 0.01 0.02 0.09 0.08 0.01 0.02 0.69 0.02 0.04 0.01 0.03 0.45 0.12 0.10 0.05
0.00 0.00 0.00 0.00 0.00 0.01 0.01 0.02 0.05 0.08 0.09 0.07 0.05 0.04 0.06 0.08 0.18 0.24 0.29 0.31 0.39 0.32 0.35 0.37 0.38 0.30 0.47 0.81 0.02 0.02 0.02 0.01 0.01 0.01 0.01 0.02 0.02 0.03 0.01 0.01 0.01 0.01 0.01 0.01 0.01 0.01 0.02 0.03 0.05 0.82 1.37 0.07 0.03 0.02 0.04 0.02 0.04 0.08 0.03 0.02 0.02 0.07 0.06 0.05 0.01 0.02 0.02 0.03 0.04 0.02 0.02 0.22 0.02 0.01 1.40 1.28 0.03 0.03 0.02 0.02 0.36 0.10 0.10 0.07
0.00 0.00 0.01 0.01 0.02 0.02 0.02 0.03 0.03 0.05 0.10 0.13 0.13 0.19 0.24 0.35 0.18 0.16 0.11 0.08 0.10 0.20 0.16 0.14 0.21 0.33 0.86 0.02 0.02 0.02 0.01 0.01 0.01 0.02 0.01 0.01 0.01 0.01 0.01 0.01 0.01 0.01 0.02 0.02 0.02 0.02 0.02 0.03 0.68 0.69 1.20 0.08 0.02 0.02 0.02 0.02 0.05 0.05 0.04 0.02 0.02 0.04 0.08 0.02 0.01 0.01 0.02 0.04 0.02 0.02 0.01 0.15 0.01 0.82 1.43 0.03 0.02 0.03 0.02 0.02 0.25 0.17 0.07 0.06
0.00 0.00 0.01 0.01 0.02 0.01 0.02 0.03 0.03 0.02 0.02 0.02 0.02 0.11 0.10 0.02 0.03 0.03 0.02 0.02 0.02 0.02 0.01 0.02 0.03 0.04 0.04 0.01 0.01 0.01 0.01 0.01 0.02 0.03 0.01 0.02 0.01 0.02 0.01 0.01 0.02 0.02 0.03 0.02 0.42 0.58 0.66 0.79 0.65 0.55 0.50 0.12 0.05 0.02 0.01 0.02 0.02 0.02 0.03 0.02 0.02 0.04 0.06 0.02 0.01 0.02 0.02 0.02 0.01 0.02 0.40 0.96 1.08 0.79 0.03 0.03 0.03 0.02 0.02 0.02 0.14 0.38 0.06 0.05
0.00 0.00 0.02 0.03 0.03 0.04 0.04 0.04 0.03 0.02 0.02 0.07 0.11 0.13 0.01 0.02 0.02 0.02 0.01 0.01 0.01 0.01 0.01 0.01 0.02 0.01 0.01 0.01 0.01 0.02 0.02 0.02 0.02 0.05 0.02 0.02 0.01 0.03 0.01 0.01 0.01 0.01 0.02 0.65 0.41 0.18 0.16 0.03 0.02 1.07 0.02 0.18 0.08 0.03 0.02 0.02 0.01 0.01 0.01 0.01 0.02 0.04 0.05 0.01 0.01 0.01 0.01 0.02 0.35 0.40 0.34 0.04 0.90 0.03 0.03 0.03 0.03 0.01 0.02 0.02 0.16 0.11 0.05 0.05
0.00 0.00 0.01 0.01 0.00 0.00 0.00 0.00 0.03 0.04 0.06 0.10 0.02 0.01 0.02 0.02 0.01 0.01 0.01 0.01 0.01 0.02 0.01 0.02 0.01 0.01 0.01 0.02 0.02 0.03 0.02 0.02 0.03 0.07 0.36 0.38 0.01 0.02 0.29 0.31 0.01 0.88 0.56 0.71 0.01 0.02 0.02 0.01 0.05 0.68 0.01 0.11 0.13 0.07 0.02 0.02 0.02 0.01 0.02 0.01 0.02 0.05 0.01 0.01 0.01 0.02 0.28 0.34 0.28 0.21 0.08 0.08 0.87 0.02 0.02 0.02 0.02 0.02 0.01 0.02 0.15 0.07 0.05 0.05
0.00 0.00 0.00 0.00 0.00 0.00 0.00 0.00 0.00 0.01 0.01 0.01 0.01 0.00 0.01 0.01 0.02 0.02 0.02 0.02 0.02 0.03 0.12 0.13 0.01 0.01 0.01 0.02 0.03 0.04 0.31 0.88 0.80 0.37 0.29 0.57 0.63 0.50 0.28 0.61 0.01 0.90 0.03 0.02 0.01 0.01 0.02 0.04 0.04 0.65 0.01 0.01 0.17 0.13 0.02 0.01 0.01 0.01 0.01 0.01 0.01 0.02 0.01 0.03 0.22 0.32 0.33 0.02 0.03 0.07 0.18 0.08 0.57 0.01 0.01 0.02 0.01 0.01 0.01 0.02 0.14 0.10 0.05 0.05
0.00 0.00 0.00 0.00 0.00 0.00 0.00 0.00 0.00 0.00 0.00 0.00 0.00 0.00 0.00 0.01 0.03 0.05 0.06 0.06 0.09 0.20 0.09 0.22 0.23 0.02 0.03 0.03 0.42 0.45 0.46 0.02 0.02 0.02 0.02 0.02 0.03 0.04 0.01 0.62 0.01 0.90 0.03 0.02 0.01 0.01 0.02 0.02 0.02 0.79 0.22 0.01 0.05 0.16 0.16 0.09 0.05 0.01 0.01 0.01 0.01 0.02 0.03 0.03 0.21 0.08 0.04 0.04 0.04 0.05 0.23 0.01 0.44 0.43 0.01 0.01 0.01 0.01 0.01 0.02 0.17 0.15 0.06 0.04
0.00 0.00 0.00 0.00 0.00 0.00 0.00 0.00 0.00 0.00 0.00 0.00 0.00 0.00 0.00 0.00 0.01 0.02 0.02 0.02 0.03 0.02 0.03 0.04 0.27 0.29 0.29 0.30 0.37 0.07 0.02 0.02 0.01 0.02 0.02 0.01 0.03 0.04 0.16 0.78 0.97 1.15 0.02 0.02 0.01 0.02 0.01 0.02 0.02 0.46 0.28 0.02 0.01 0.03 0.08 0.08 0.07 0.04 0.02 0.01 0.01 0.01 0.01 0.21 0.48 0.01 0.02 0.03 0.02 0.06 0.19 0.01 0.02 0.68 0.02 0.01 0.01 0.01 0.01 0.02 0.03 0.22 0.06 0.05
0.00 0.00 0.00 0.00 0.00 0.00 0.00 0.00 0.00 0.00 0.00 0.00 0.00 0.00 0.00 0.00 0.01 0.01 0.01 0.01 0.01 0.02 0.03 0.02 0.03 0.04 0.03 0.02 0.10 0.08 0.02 0.01 0.01 0.01 0.01 0.06 0.04 0.02 0.13 0.10 0.38 0.02 0.01 0.01 0.01 0.01 0.01 0.01 0.01 0.51 0.32 0.50 0.04 0.01 0.01 0.09 0.07 0.05 0.03 0.01 0.01 0.02 0.07 0.46 0.02 0.01 0.01 0.01 0.01 0.18 0.18 0.01 0.02 0.79 0.19 0.04 0.02 0.01 0.01 0.02 0.03 0.09 0.06 0.04
0.00 0.00 0.00 0.00 0.00 0.00 0.00 0.00 0.00 0.00 0.00 0.00 0.00 0.00 0.00 0.00 0.00 0.00 0.00 0.00 0.00 0.01 0.01 0.02 0.02 0.05 0.01 0.02 0.03 0.13 0.03 0.01 0.01 0.03 0.05 0.03 0.01 0.02 0.19 0.01 0.37 0.01 0.01 0.01 0.01 0.02 0.02 0.10 0.09 0.95 0.94 0.30 0.03 0.01 0.01 0.02 0.06 0.03 0.02 0.01 0.01 0.02 0.08 0.25 0.01 0.01 0.01 0.03 0.08 0.22 0.02 0.01 0.02 0.74 0.05 0.09 0.08 0.07 0.06 0.04 0.03 0.04 0.05 0.04
0.00 0.00 0.00 0.00 0.00 0.00 0.00 0.00 0.00 0.00 0.00 0.00 0.00 0.00 0.00 0.00 0.00 0.00 0.00 0.00 0.00 0.00 0.00 0.01 0.02 0.04 0.01 0.02 0.03 0.09 0.03 0.01 0.01 0.01 0.01 0.05 0.17 0.19 0.22 0.01 0.35 0.22 0.02 0.01 0.02 0.01 0.23 0.14 0.31 0.15 0.23 0.68 0.06 0.02 0.01 0.01 0.03 0.02 0.02 0.01 0.01 0.02 0.08 0.19 0.03 0.01 0.01 0.01 0.05 0.21 0.02 0.01 0.01 0.72 0.22 0.02 0.02 0.03 0.04 0.04 0.03 0.03 0.04 0.03
0.00 0.00 0.00 0.00 0.00 0.00 0.00 0.00 0.00 0.00 0.00 0.00 0.00 0.00 0.00 0.00 0.00 0.00 0.00 0.00 0.00 0.00 0.00 0.00 0.01 0.02 0.02 0.02 0.02 0.06 0.06 0.01 0.01 0.03 0.05 0.03 0.14 0.02 0.01 0.02 0.17 0.22 0.02 0.01 0.02 0.29 0.22 0.01 0.02 0.02 0.24 0.43 0.08 0.15 0.12 0.02 0.01 0.02 0.01 0.01 0.03 0.03 0.19 0.17 0.01 0.01 0.02 0.18 0.20 0.12 0.01 0.01 0.33 0.28 0.17 0.11 0.08 0.06 0.04 0.03 0.03 0.03 0.06 0.03
0.00 0.00 0.00 0.00 0.00 0.00 0.00 0.00 0.00 0.00 0.00 0.00 0.00 0.00 0.00 0.00 0.00 0.00 0.00 0.00 0.00 0.00 0.00 0.00 0.00 0.01 0.01 0.01 0.02 0.03 0.16 0.01 0.02 0.02 0.03 0.11 0.09 0.01 0.01 0.01 0.33 0.02 0.01 0.01 0.01 0.27 0.02 0.01 0.01 0.03 0.35 0.27 0.02 0.01 0.11 0.10 0.05 0.02 0.01 0.02 0.02 0.02 0.25 0.02 0.01 0.03 0.11 0.17 0.03 0.02 0.01 0.01 0.33 0.05 0.18 0.04 0.05 0.04 0.03 0.03 0.02 0.01 0.04 0.02
0.00 0.00 0.00 0.00 0.00 0.00 0.00 0.00 0.00 0.00 0.00 0.00 0.00 0.00 0.00 0.00 0.00 0.00 0.00 0.00 0.00 0.00 0.00 0.00 0.00 0.00 0.00 0.01 0.01 0.03 0.05 0.01 0.02 0.04 0.04 0.06 0.01 0.01 0.01 0.26 0.32 0.02 0.01 0.01 0.23 0.27 0.02 0.01 0.01 0.02 0.23 0.50 0.01 0.01 0.01 0.03 0.13 0.02 0.01 0.01 0.04 0.16 0.23 0.01 0.02 0.02 0.14 0.03 0.02 0.02 0.01 0.19 0.29 0.08 0.13 0.06 0.05 0.04 0.04 0.03 0.03 0.02 0.02 0.02
0.00 0.00 0.00 0.00 0.00 0.00 0.00 0.00 0.00 0.00 0.00 0.00 0.00 0.00 0.00 0.00 0.00 0.00 0.00 0.00 0.00 0.00 0.00 0.00 0.00 0.00 0.00 0.01 0.01 0.02 0.04 0.01 0.01 0.02 0.02 0.03 0.01 0.01 0.23 0.26 0.02 0.01 0.01 0.01 0.22 0.03 0.02 0.01 0.01 0.02 0.29 0.35 0.05 0.02 0.01 0.02 0.02 0.02 0.01 0.02 0.07 0.07 0.09 0.01 0.02 0.05 0.08 0.01 0.01 0.02 0.16 0.11 0.16 0.15 0.05 0.05 0.04 0.04 0.04 0.03 0.03 0.02 0.02 0.02
0.00 0.00 0.00 0.00 0.00 0.00 0.00 0.00 0.00 0.00 0.00 0.00 0.00 0.00 0.00 0.00 0.00 0.00 0.00 0.00 0.00 0.00 0.00 0.00 0.00 0.00 0.00 0.00 0.01 0.02 0.01 0.01 0.01 0.01 0.01 0.01 0.05 0.26 0.23 0.02 0.01 0.01 0.01 0.10 0.17 0.03 0.02 0.01 0.01 0.01 0.41 0.21 0.06 0.01 0.01 0.01 0.01 0.01 0.01 0.02 0.08 0.07 0.06 0.02 0.02 0.03 0.02 0.01 0.01 0.05 0.15 0.04 0.01 0.35 0.03 0.04 0.04 0.04 0.03 0.03 0.03 0.02 0.01 0.01
0.00 0.00 0.00 0.00 0.00 0.00 0.00 0.00 0.00 0.00 0.00 0.00 0.00 0.00 0.00 0.00 0.00 0.00 0.00 0.00 0.00 0.00 0.00 0.00 0.00 0.00 0.00 0.00 0.00 0.01 0.01 0.01 0.02 0.10 0.15 0.21 0.08 0.23 0.03 0.01 0.01 0.01 0.13 0.09 0.13 0.02 0.02 0.01 0.01 0.01 0.27 0.25 0.10 0.02 0.02 0.01 0.01 0.01 0.01 0.01 0.10 0.03 0.03 0.02 0.02 0.02 0.01 0.01 0.01 0.08 0.06 0.05 0.01 0.20 0.14 0.05 0.04 0.04 0.03 0.03 0.02 0.02 0.01 0.01
0.00 0.00 0.00 0.00 0.00 0.00 0.00 0.00 0.00 0.00 0.00 0.00 0.00 0.00 0.00 0.00 0.00 0.00 0.00 0.00 0.00 0.00 0.00 0.00 0.00 0.00 0.00 0.00 0.00 0.01 0.01 0.02 0.05 0.25 0.01 0.02 0.11 0.13 0.02 0.01 0.01 0.06 0.14 0.01 0.06 0.02 0.01 0.01 0.01 0.05 0.40 0.11 0.11 0.26 0.11 0.03 0.02 0.01 0.02 0.01 0.22 0.00 0.02 0.01 0.01 0.01 0.01 0.01 0.08 0.13 0.01 0.02 0.02 0.17 0.07 0.05 0.04 0.03 0.03 0.03 0.02 0.02 0.01 0.02
0.00 0.00 0.00 0.00 0.00 0.00 0.00 0.00 0.00 0.00 0.00 0.00 0.00 0.00 0.00 0.00 0.00 0.00 0.00 0.00 0.00 0.00 0.00 0.00 0.00 0.00 0.00 0.00 0.00 0.01 0.02 0.03 0.06 0.06 0.01 0.02 0.05 0.02 0.02 0.01 0.02 0.06 0.05 0.01 0.04 0.02 0.01 0.02 0.05 0.12 0.33 0.04 0.02 0.09 0.10 0.18 0.11 0.02 0.02 0.01 0.21 0.01 0.01 0.01 0.01 0.02 0.03 0.10 0.07 0.05 0.01 0.02 0.02 0.13 0.07 0.05 0.04 0.03 0.03 0.02 0.02 0.01 0.01 0.01
0.00 0.00 0.00 0.00 0.00 0.00 0.00 0.00 0.00 0.00 0.00 0.00 0.00 0.00 0.00 0.00 0.00 0.00 0.00 0.00 0.00 0.00 0.00 0.00 0.00 0.00 0.00 0.00 0.00 0.01 0.01 0.02 0.04 0.03 0.01 0.02 0.02 0.02 0.01 0.01 0.02 0.03 0.04 0.01 0.02 0.01 0.01 0.06 0.06 0.06 0.30 0.05 0.03 0.03 0.02 0.01 0.09 0.09 0.09 0.01 0.20 0.01 0.01 0.01 0.01 0.01 0.02 0.04 0.02 0.02 0.01 0.02 0.03 0.10 0.07 0.05 0.04 0.03 0.03 0.02 0.02 0.01 0.01 0.01
0.00 0.00 0.00 0.00 0.00 0.00 0.00 0.00 0.00 0.00 0.00 0.00 0.00 0.00 0.00 0.00 0.00 0.00 0.00 0.00 0.00 0.00 0.00 0.00 0.00 0.00 0.00 0.00 0.00 0.00 0.01 0.01 0.03 0.02 0.01 0.01 0.01 0.01 0.01 0.01 0.02 0.03 0.03 0.01 0.01 0.01 0.12 0.08 0.06 0.08 0.25 0.06 0.03 0.03 0.02 0.01 0.02 0.03 0.07 0.01 0.19 0.01 0.01 0.00 0.02 0.02 0.02 0.02 0.02 0.01 0.00 0.01 0.02 0.07 0.05 0.05 0.04 0.03 0.03 0.02 0.02 0.01 0.01 0.00
0.00 0.00 0.00 0.00 0.00 0.00 0.00 0.00 0.00 0.00 0.00 0.00 0.00 0.00 0.00 0.00 0.00 0.00 0.00 0.00 0.00 0.00 0.00 0.00 0.00 0.00 0.00 0.00 0.00 0.00 0.00 0.01 0.01 0.02 0.00 0.00 0.00 0.00 0.00 0.01 0.01 0.02 0.01 0.01 0.01 0.02 0.12 0.01 0.02 0.07 0.21 0.06 0.03 0.03 0.02 0.02 0.01 0.02 0.02 0.01 0.18 0.01 0.01 0.00 0.00 0.00 0.00 0.00 0.00 0.00 0.00 0.01 0.02 0.05 0.04 0.04 0.04 0.03 0.02 0.02 0.02 0.01 0.00 0.00
0.00 0.00 0.00 0.00 0.00 0.00 0.00 0.00 0.00 0.00 0.00 0.00 0.00 0.00 0.00 0.00 0.00 0.00 0.00 0.00 0.00 0.00 0.00 0.00 0.00 0.00 0.00 0.00 0.00 0.00 0.00 0.00 0.00 0.00 0.00 0.00 0.00 0.00 0.00 0.00 0.00 0.00 0.01 0.02 0.03 0.07 0.08 0.01 0.02 0.05 0.20 0.08 0.04 0.03 0.02 0.02 0.01 0.01 0.01 0.02 0.17 0.15 0.09 0.00 0.00 0.00 0.00 0.00 0.00 0.00 0.00 0.01 0.02 0.04 0.02 0.03 0.04 0.04 0.02 0.03 0.02 0.00 0.00 0.00
0.00 0.00 0.00 0.00 0.00 0.00 0.00 0.00 0.00 0.00 0.00 0.00 0.00 0.00 0.00 0.00 0.00 0.00 0.00 0.00 0.00 0.00 0.00 0.00 0.00 0.00 0.00 0.00 0.00 0.00 0.00 0.00 0.00 0.00 0.00 0.00 0.00 0.00 0.00 0.00 0.00 0.00 0.01 0.03 0.03 0.05 0.02 0.01 0.02 0.06 0.17 0.09 0.04 0.03 0.03 0.02 0.01 0.01 0.01 0.02 0.02 0.06 0.08 0.00 0.00 0.00 0.00 0.00 0.00 0.00 0.00 0.00 0.01 0.01 0.01 0.01 0.05 0.03 0.03 0.00 0.00 0.00 0.00 0.00
0.00 0.00 0.00 0.00 0.00 0.00 0.00 0.00 0.00 0.00 0.00 0.00 0.00 0.00 0.00 0.00 0.00 0.00 0.00 0.00 0.00 0.00 0.00 0.00 0.00 0.00 0.00 0.00 0.00 0.00 0.00 0.00 0.00 0.00 0.00 0.00 0.00 0.00 0.00 0.00 0.00 0.00 0.00 0.00 0.01 0.01 0.01 0.02 0.03 0.07 0.11 0.08 0.03 0.02 0.02 0.01 0.01 0.00 0.01 0.02 0.03 0.08 0.01 0.00 0.00 0.00 0.00 0.00 0.00 0.00 0.00 0.00 0.00 0.00 0.00 0.00 0.00 0.00 0.00 0.00 0.00 0.00 0.00 0.00
