NEW_versions/Scripts/Results/Iao_50m/MaxFloodMaps/Iao_50m_1.7.asc
NCOLS 111
NROWS 84
XLLCENTER 750508.350000
YLLCENTER 2308429.860000
CELLSIZE 50.000000
NODATA_value -99999.000000
[rows 0 to 37 of 84, columns 0 to 83 of 111]
0.00 0.00 0.00 0.00 0.00 0.00 0.00 0.00 0.00 0.00 0.00 0.00 0.00 0.00 0.00 0.00 0.00 0.00 0.00 0.00 0.00 0.00 0.00 0.00 0.00 0.00 0.00 0.00 0.00 0.00 0.00 0.00 0.00 0.00 0.00 0.00 0.00 0.00 0.00 0.00 0.00 0.00 0.00 0.00 0.00 0.00 0.00 0.00 0.00 0.00 0.00 0.00 0.00 0.00 0.00 0.00 0.00 0.00 0.00 0.00 0.00 0.00 0.00 0.00 0.00 0.00 0.00 0.00 0.00 0.00 0.00 0.00 0.00 0.00 0.00 0.00 0.00 0.00 0.00 0.00 0.00 0.00 0.00 0.00
0.00 0.00 0.00 0.00 0.00 0.00 0.00 0.00 0.00 0.00 0.00 0.00 0.00 0.00 0.00 0.00 0.00 0.00 0.00 0.00 0.00 0.00 0.00 0.00 0.00 0.00 0.00 0.00 0.00 0.00 0.00 0.00 0.00 0.00 0.00 0.00 0.00 0.00 0.00 0.00 0.00 0.00 0.00 0.00 0.00 0.00 0.00 0.00 0.00 0.00 0.00 0.01 0.01 0.01 0.01 0.01 0.01 0.01 0.01 0.01 0.01 0.00 0.00 0.00 0.00 0.00 0.00 0.00 0.00 0.00 0.00 0.00 0.00 0.00 0.00 0.00 0.00 0.00 0.00 0.00 0.00 0.00 0.00 0.00
0.00 0.00 0.00 0.00 0.00 0.00 0.00 0.00 0.00 0.00 0.00 0.00 0.00 0.00 0.00 0.00 0.00 0.00 0.00 0.00 0.00 0.00 0.00 0.00 0.00 0.00 0.00 0.00 0.00 0.00 0.00 0.00 0.00 0.00 0.00 0.00 0.00 0.00 0.00 0.00 0.00 0.00 0.00 0.00 0.00 0.00 0.00 0.01 0.01 0.01 0.01 0.01 0.02 0.01 0.01 0.01 0.02 0.02 0.02 0.01 0.02 0.01 0.00 0.00 0.00 0.00 0.00 0.01 0.01 0.01 0.00 0.00 0.00 0.00 0.00 0.00 0.00 0.00 0.00 0.00 0.00 0.00 0.00 0.00
0.00 0.00 0.00 0.00 0.00 0.00 0.00 0.00 0.00 0.00 0.00 0.00 0.00 0.00 0.00 0.00 0.00 0.00 0.00 0.00 0.00 0.00 0.00 0.00 0.00 0.00 0.00 0.00 0.00 0.00 0.00 0.00 0.00 0.00 0.00 0.00 0.00 0.00 0.00 0.00 0.00 0.00 0.00 0.00 0.00 0.00 0.01 0.01 0.01 0.01 0.01 0.01 0.02 0.02 0.01 0.01 0.02 0.02 0.02 0.02 0.01 0.01 0.01 0.00 0.00 0.01 0.01 0.01 0.01 0.03 0.01 0.01 0.01 0.00 0.00 0.00 0.00 0.00 0.00 0.00 0.00 0.00 0.00 0.00
0.00 0.00 0.00 0.00 0.00 0.00 0.00 0.00 0.00 0.00 0.00 0.00 0.00 0.00 0.00 0.00 0.00 0.00 0.00 0.00 0.00 0.00 0.00 0.00 0.00 0.00 0.00 0.00 0.00 0.00 0.00 0.00 0.00 0.00 0.00 0.00 0.00 0.00 0.00 0.00 0.00 0.00 0.00 0.00 0.00 0.00 0.01 0.01 0.02 0.02 0.02 0.02 0.02 0.03 0.03 0.01 0.02 0.02 0.03 0.02 0.02 0.01 0.01 0.01 0.01 0.01 0.01 0.01 0.03 0.02 0.01 0.02 0.01 0.01 0.02 0.00 0.00 0.00 0.00 0.00 0.00 0.00 0.00 0.00
0.00 0.00 0.00 0.00 0.00 0.00 0.00 0.00 0.00 0.00 0.00 0.00 0.00 0.00 0.00 0.00 0.00 0.00 0.00 0.00 0.00 0.00 0.00 0.00 0.00 0.00 0.00 0.00 0.00 0.00 0.00 0.00 0.00 0.00 0.00 0.00 0.00 0.00 0.00 0.00 0.00 0.00 0.00 0.00 0.00 0.01 0.01 0.01 0.01 0.02 0.02 0.02 0.03 0.03 0.02 0.02 0.02 0.02 0.04 0.02 0.02 0.02 0.01 0.01 0.01 0.01 0.01 0.03 0.03 0.02 0.01 0.02 0.02 0.02 0.02 0.02 0.00 0.00 0.00 0.00 0.00 0.00 0.00 0.01
0.00 0.00 0.00 0.00 0.00 0.00 0.00 0.00 0.00 0.00 0.00 0.00 0.00 0.00 0.00 0.00 0.00 0.00 0.00 0.00 0.00 0.00 0.00 0.00 0.00 0.00 0.00 0.00 0.00 0.00 0.00 0.00 0.00 0.00 0.00 0.00 0.00 0.00 0.00 0.00 0.00 0.00 0.01 0.01 0.01 0.01 0.01 0.01 0.01 0.02 0.02 0.03 0.04 0.04 0.02 0.02 0.02 0.03 0.03 0.03 0.02 0.02 0.01 0.01 0.01 0.01 0.02 0.06 0.03 0.02 0.02 0.01 0.02 0.02 0.02 0.01 0.01 0.02 0.01 0.00 0.00 0.00 0.01 0.01
0.00 0.00 0.00 0.00 0.00 0.00 0.00 0.00 0.00 0.00 0.00 0.00 0.00 0.00 0.00 0.00 0.00 0.00 0.00 0.00 0.00 0.00 0.00 0.00 0.00 0.00 0.00 0.00 0.00 0.00 0.00 0.00 0.00 0.00 0.00 0.00 0.00 0.00 0.00 0.00 0.01 0.01 0.01 0.01 0.01 0.01 0.02 0.01 0.01 0.02 0.02 0.03 0.04 0.04 0.03 0.03 0.03 0.03 0.04 0.04 0.03 0.02 0.02 0.01 0.01 0.01 0.02 0.07 0.03 0.02 0.01 0.02 0.02 0.03 0.03 0.02 0.01 0.02 0.01 0.01 0.01 0.01 0.01 0.01
0.00 0.00 0.00 0.00 0.00 0.00 0.00 0.00 0.00 0.00 0.00 0.00 0.00 0.00 0.00 0.00 0.00 0.00 0.00 0.00 0.00 0.00 0.00 0.00 0.00 0.00 0.00 0.00 0.00 0.00 0.00 0.00 0.00 0.00 0.00 0.00 0.00 0.00 0.00 0.01 0.01 0.01 0.01 0.02 0.02 0.02 0.03 0.02 0.02 0.02 0.02 0.03 0.04 0.04 0.03 0.03 0.03 0.03 0.04 0.04 0.03 0.02 0.02 0.01 0.01 0.01 0.02 0.05 0.02 0.01 0.01 0.02 0.02 0.03 0.05 0.02 0.02 0.02 0.02 0.01 0.01 0.02 0.01 0.01
0.00 0.00 0.00 0.00 0.00 0.00 0.00 0.00 0.00 0.00 0.00 0.00 0.00 0.00 0.00 0.00 0.00 0.00 0.00 0.00 0.00 0.00 0.00 0.00 0.00 0.00 0.00 0.00 0.00 0.00 0.00 0.00 0.00 0.00 0.01 0.01 0.01 0.01 0.01 0.01 0.01 0.02 0.02 0.02 0.02 0.02 0.02 0.02 0.02 0.02 0.03 0.03 0.04 0.04 0.04 0.04 0.04 0.04 0.05 0.05 0.03 0.03 0.02 0.02 0.01 0.01 0.02 0.15 0.02 0.01 0.01 0.02 0.03 0.03 0.04 0.04 0.03 0.02 0.02 0.01 0.01 0.02 0.01 0.02
0.00 0.00 0.00 0.00 0.00 0.00 0.00 0.00 0.00 0.00 0.00 0.00 0.00 0.00 0.00 0.00 0.00 0.00 0.00 0.00 0.00 0.00 0.00 0.00 0.00 0.00 0.00 0.00 0.00 0.00 0.00 0.01 0.01 0.01 0.01 0.02 0.01 0.02 0.01 0.02 0.02 0.02 0.02 0.02 0.02 0.03 0.03 0.02 0.02 0.03 0.03 0.07 0.11 0.04 0.04 0.04 0.04 0.04 0.05 0.06 0.04 0.03 0.02 0.02 0.02 0.01 0.01 0.10 0.05 0.01 0.02 0.02 0.03 0.04 0.04 0.03 0.03 0.02 0.02 0.01 0.02 0.03 0.03 0.02
0.00 0.00 0.00 0.00 0.00 0.00 0.00 0.00 0.00 0.00 0.00 0.00 0.00 0.00 0.00 0.00 0.00 0.00 0.00 0.00 0.00 0.00 0.00 0.00 0.00 0.00 0.00 0.00 0.00 0.00 0.01 0.01 0.02 0.02 0.02 0.02 0.03 0.02 0.01 0.01 0.02 0.02 0.03 0.03 0.03 0.03 0.03 0.02 0.03 0.04 0.04 0.04 0.10 0.15 0.11 0.08 0.06 0.06 0.05 0.09 0.06 0.04 0.03 0.02 0.02 0.01 0.01 0.04 0.06 0.05 0.06 0.02 0.03 0.05 0.05 0.04 0.03 0.02 0.02 0.01 0.01 0.05 0.03 0.02
0.00 0.00 0.00 0.00 0.00 0.00 0.00 0.00 0.00 0.00 0.00 0.00 0.00 0.00 0.00 0.00 0.00 0.00 0.00 0.00 0.00 0.00 0.00 0.00 0.00 0.01 0.01 0.01 0.01 0.01 0.01 0.01 0.02 0.02 0.02 0.02 0.04 0.02 0.01 0.01 0.01 0.02 0.02 0.03 0.03 0.03 0.03 0.03 0.04 0.05 0.10 0.02 0.01 0.01 0.06 0.23 0.08 0.06 0.13 0.10 0.16 0.06 0.05 0.07 0.02 0.02 0.01 0.03 0.03 0.08 0.12 0.11 0.07 0.09 0.05 0.04 0.03 0.03 0.02 0.01 0.01 0.03 0.03 0.02
0.00 0.00 0.00 0.00 0.00 0.00 0.00 0.00 0.00 0.00 0.00 0.00 0.00 0.00 0.01 0.01 0.02 0.01 0.01 0.01 0.01 0.01 0.01 0.01 0.01 0.01 0.02 0.03 0.01 0.01 0.01 0.01 0.02 0.02 0.02 0.02 0.05 0.03 0.01 0.01 0.01 0.01 0.02 0.02 0.03 0.03 0.04 0.05 0.04 0.04 0.06 0.06 0.05 0.00 0.03 0.23 0.26 0.01 0.06 0.17 0.18 0.04 0.01 0.13 0.07 0.01 0.01 0.03 0.04 0.01 0.05 0.07 0.10 0.31 0.33 0.04 0.04 0.03 0.04 0.02 0.02 0.04 0.04 0.02
0.00 0.00 0.00 0.00 0.00 0.00 0.00 0.00 0.00 0.00 0.00 0.01 0.01 0.01 0.01 0.02 0.02 0.01 0.02 0.02 0.01 0.02 0.02 0.02 0.01 0.01 0.02 0.02 0.02 0.01 0.01 0.01 0.02 0.02 0.02 0.03 0.05 0.04 0.01 0.01 0.01 0.01 0.01 0.02 0.03 0.04 0.06 0.06 0.08 0.07 0.07 0.05 0.11 0.01 0.02 0.03 0.27 0.01 0.01 0.08 0.29 0.02 0.01 0.01 0.12 0.02 0.01 0.05 0.03 0.04 0.02 0.05 0.02 0.01 0.33 0.28 0.30 0.03 0.04 0.08 0.03 0.03 0.04 0.02
0.00 0.00 0.00 0.00 0.00 0.00 0.00 0.00 0.00 0.00 0.01 0.01 0.01 0.01 0.02 0.02 0.02 0.02 0.02 0.03 0.02 0.02 0.02 0.02 0.02 0.02 0.02 0.02 0.02 0.02 0.02 0.02 0.02 0.02 0.02 0.04 0.05 0.03 0.02 0.01 0.01 0.01 0.01 0.02 0.02 0.03 0.03 0.06 0.10 0.12 0.16 0.18 0.31 0.13 0.09 0.30 0.27 0.01 0.02 0.05 0.40 0.03 0.01 0.01 0.06 0.13 0.01 0.11 0.03 0.04 0.02 0.06 0.03 0.01 0.01 0.01 0.35 0.04 0.07 0.07 0.03 0.03 0.04 0.02
0.00 0.00 0.00 0.00 0.00 0.00 0.00 0.02 0.01 0.01 0.01 0.01 0.02 0.01 0.02 0.03 0.02 0.01 0.01 0.02 0.02 0.02 0.02 0.03 0.02 0.01 0.02 0.02 0.02 0.02 0.02 0.02 0.01 0.02 0.04 0.05 0.05 0.03 0.02 0.01 0.01 0.01 0.02 0.02 0.02 0.02 0.02 0.02 0.02 0.01 0.01 0.02 0.02 0.16 0.13 0.14 0.27 0.06 0.01 0.05 0.20 0.21 0.19 0.01 0.10 0.06 0.01 0.05 0.10 0.03 0.02 0.06 0.07 0.01 0.01 0.01 0.64 0.08 0.06 0.05 0.04 0.04 0.03 0.02
0.00 0.00 0.00 0.00 0.00 0.00 0.01 0.02 0.01 0.01 0.01 0.02 0.02 0.02 0.02 0.03 0.03 0.02 0.03 0.02 0.01 0.02 0.02 0.03 0.02 0.01 0.02 0.02 0.02 0.02 0.02 0.03 0.04 0.03 0.04 0.05 0.04 0.03 0.02 0.01 0.01 0.01 0.02 0.02 0.02 0.02 0.01 0.01 0.01 0.01 0.01 0.01 0.01 0.01 0.09 0.18 0.46 0.54 0.01 0.01 0.08 0.25 0.64 0.16 0.19 0.13 0.01 0.04 0.13 0.02 0.05 0.03 0.11 0.02 0.02 0.01 0.64 0.07 0.01 0.07 0.05 0.04 0.02 0.02
0.00 0.00 0.00 0.00 0.00 0.01 0.02 0.01 0.02 0.01 0.02 0.02 0.02 0.02 0.02 0.03 0.03 0.04 0.05 0.02 0.02 0.02 0.02 0.04 0.02 0.01 0.01 0.02 0.02 0.02 0.02 0.03 0.07 0.04 0.05 0.05 0.04 0.02 0.02 0.01 0.02 0.01 0.02 0.02 0.02 0.02 0.02 0.01 0.01 0.01 0.01 0.01 0.01 0.01 0.01 0.02 0.03 0.49 0.50 0.01 0.04 0.04 0.10 0.53 0.17 0.21 0.18 0.04 0.11 0.01 0.05 0.05 0.08 0.08 0.02 0.01 0.33 0.01 0.01 0.09 0.04 0.05 0.03 0.02
0.00 0.00 0.00 0.00 0.02 0.01 0.02 0.02 0.03 0.01 0.01 0.02 0.02 0.02 0.02 0.03 0.04 0.05 0.08 0.02 0.02 0.01 0.02 0.04 0.04 0.01 0.01 0.02 0.03 0.03 0.03 0.04 0.14 0.05 0.05 0.04 0.03 0.03 0.02 0.01 0.02 0.02 0.01 0.02 0.02 0.02 0.04 0.04 0.01 0.01 0.02 0.01 0.01 0.01 0.01 0.02 0.02 0.03 0.59 0.59 0.04 0.01 0.07 0.06 0.20 0.16 0.27 0.21 0.15 0.01 0.03 0.05 0.12 0.13 0.05 0.04 0.54 0.01 0.01 0.08 0.17 0.15 0.06 0.02
0.00 0.00 0.00 0.01 0.02 0.01 0.02 0.03 0.03 0.02 0.01 0.02 0.02 0.03 0.03 0.03 0.04 0.07 0.09 0.04 0.02 0.01 0.02 0.03 0.04 0.03 0.02 0.02 0.02 0.03 0.03 0.04 0.10 0.21 0.05 0.03 0.03 0.07 0.02 0.01 0.01 0.03 0.03 0.02 0.02 0.04 0.05 0.10 0.02 0.01 0.02 0.02 0.02 0.02 0.02 0.01 0.01 0.02 0.02 0.57 0.49 0.01 0.01 0.01 0.11 0.23 0.29 0.37 0.57 0.50 0.01 0.03 0.22 0.13 0.06 0.13 0.58 0.01 0.01 0.13 0.14 0.04 0.04 0.05
0.00 0.00 0.02 0.03 0.02 0.01 0.02 0.03 0.03 0.03 0.03 0.01 0.02 0.02 0.04 0.05 0.05 0.05 0.06 0.07 0.02 0.01 0.02 0.03 0.04 0.03 0.02 0.02 0.02 0.03 0.03 0.03 0.05 0.18 0.12 0.02 0.06 0.05 0.01 0.01 0.02 0.06 0.03 0.02 0.01 0.01 0.03 0.13 0.11 0.03 0.03 0.03 0.02 0.03 0.05 0.08 0.01 0.01 0.02 0.02 0.58 0.74 0.01 0.01 0.01 0.01 0.02 0.01 0.02 0.42 0.65 0.02 0.01 0.10 0.06 0.02 0.58 0.44 0.46 0.16 0.06 0.03 0.03 0.03
0.00 0.00 0.00 0.02 0.02 0.01 0.02 0.02 0.03 0.04 0.03 0.02 0.02 0.02 0.01 0.01 0.05 0.07 0.07 0.12 0.02 0.01 0.02 0.04 0.05 0.06 0.03 0.02 0.03 0.03 0.03 0.04 0.04 0.06 0.18 0.10 0.06 0.04 0.01 0.01 0.02 0.08 0.04 0.02 0.01 0.01 0.02 0.02 0.06 0.07 0.06 0.03 0.03 0.03 0.02 0.08 0.10 0.01 0.01 0.02 0.02 0.72 0.56 0.02 0.01 0.03 0.03 0.04 0.01 0.02 0.49 0.52 0.03 0.04 0.05 0.08 0.02 0.02 0.52 0.60 0.05 0.03 0.04 0.03
0.00 0.00 0.00 0.01 0.02 0.02 0.01 0.02 0.03 0.04 0.03 0.02 0.02 0.02 0.02 0.01 0.01 0.05 0.06 0.21 0.11 0.01 0.01 0.06 0.04 0.05 0.01 0.03 0.06 0.07 0.06 0.06 0.05 0.05 0.25 0.05 0.04 0.03 0.01 0.01 0.02 0.06 0.08 0.02 0.01 0.01 0.01 0.02 0.05 0.07 0.17 0.18 0.03 0.02 0.03 0.01 0.11 0.27 0.01 0.01 0.01 0.02 0.78 0.58 0.02 0.01 0.01 0.03 0.07 0.02 0.02 0.68 0.49 0.03 0.03 0.04 0.07 0.01 0.01 0.49 0.07 0.04 0.04 0.04
0.00 0.00 0.01 0.01 0.02 0.03 0.03 0.04 0.03 0.03 0.02 0.03 0.04 0.02 0.02 0.01 0.01 0.01 0.04 0.15 0.48 0.12 0.12 0.12 0.05 0.03 0.01 0.01 0.01 0.01 0.05 0.10 0.19 0.12 0.37 0.06 0.03 0.02 0.01 0.01 0.02 0.05 0.11 0.02 0.01 0.01 0.01 0.01 0.01 0.02 0.02 0.17 0.24 0.01 0.02 0.03 0.02 0.11 0.15 0.16 0.01 0.01 0.02 0.74 0.66 0.01 0.02 0.03 0.01 0.02 0.01 0.02 0.60 0.04 0.02 0.01 0.08 0.09 0.05 0.48 0.13 0.04 0.05 0.04
0.00 0.01 0.01 0.02 0.02 0.03 0.04 0.06 0.06 0.04 0.02 0.03 0.03 0.03 0.04 0.01 0.01 0.01 0.01 0.01 0.02 0.13 0.28 0.38 0.04 0.02 0.01 0.01 0.01 0.01 0.02 0.02 0.01 0.06 0.45 0.39 0.04 0.02 0.01 0.01 0.02 0.05 0.20 0.02 0.01 0.01 0.02 0.01 0.02 0.01 0.01 0.01 0.23 0.02 0.02 0.03 0.03 0.02 0.02 0.25 0.02 0.01 0.01 0.02 0.72 0.91 0.52 0.40 0.34 0.28 0.01 0.01 0.35 0.42 0.02 0.01 0.01 0.01 0.01 0.91 0.02 0.03 0.03 0.03
0.00 0.01 0.03 0.03 0.04 0.04 0.04 0.05 0.07 0.06 0.04 0.04 0.03 0.03 0.09 0.02 0.01 0.01 0.01 0.01 0.01 0.02 0.02 0.38 0.39 0.02 0.02 0.01 0.01 0.01 0.01 0.02 0.02 0.03 0.02 0.77 0.40 0.02 0.01 0.02 0.02 0.19 0.15 0.02 0.02 0.01 0.02 0.03 0.04 0.03 0.02 0.03 0.34 0.03 0.01 0.02 0.03 0.03 0.02 0.14 0.29 0.02 0.01 0.01 0.01 0.03 0.27 0.59 0.57 0.51 0.58 0.58 0.66 0.94 1.31 1.31 0.01 0.01 0.01 0.82 0.93 0.04 0.04 0.03
0.02 0.02 0.01 0.02 0.02 0.04 0.05 0.06 0.09 0.12 0.15 0.13 0.14 0.02 0.05 0.08 0.02 0.02 0.02 0.01 0.01 0.01 0.02 0.01 0.42 0.04 0.02 0.01 0.01 0.01 0.03 0.03 0.04 0.04 0.03 0.04 0.60 0.02 0.01 0.02 0.11 0.14 0.01 0.01 0.02 0.03 0.01 0.01 0.01 0.04 0.07 0.06 0.16 0.16 0.01 0.02 0.02 0.03 0.04 0.03 0.19 0.32 0.01 0.01 0.01 0.01 0.02 0.03 0.01 0.02 0.02 0.02 0.03 0.03 0.03 1.28 0.94 0.01 0.01 0.01 0.80 0.03 0.03 0.02
0.00 0.01 0.01 0.01 0.02 0.02 0.07 0.10 0.09 0.05 0.03 0.13 0.33 0.35 0.37 0.04 0.04 0.02 0.02 0.01 0.01 0.01 0.01 0.02 0.43 0.42 0.02 0.01 0.01 0.01 0.01 0.03 0.05 0.07 0.07 0.03 0.45 0.48 0.01 0.01 0.25 0.06 0.01 0.01 0.03 0.03 0.01 0.01 0.01 0.01 0.01 0.03 0.12 0.19 0.13 0.02 0.02 0.03 0.03 0.03 0.02 0.13 0.14 0.01 0.02 0.01 0.01 0.01 0.01 0.02 0.02 0.02 0.02 0.04 0.03 0.03 0.95 1.15 1.15 0.00 0.80 0.82 0.02 0.02
0.00 0.00 0.01 0.01 0.02 0.02 0.02 0.04 0.04 0.02 0.02 0.02 0.02 0.02 0.29 0.43 0.52 0.03 0.02 0.02 0.02 0.01 0.01 0.01 0.01 0.43 0.02 0.02 0.01 0.02 0.02 0.01 0.01 0.01 0.05 0.05 0.03 0.61 0.02 0.02 0.16 0.05 0.02 0.01 0.05 0.03 0.02 0.01 0.01 0.02 0.02 0.03 0.05 0.32 0.15 0.13 0.01 0.02 0.03 0.03 0.03 0.09 0.35 0.01 0.04 0.01 0.03 0.01 0.01 0.01 0.03 0.05 0.04 0.02 0.03 0.03 0.03 0.03 1.15 1.12 0.01 1.03 0.04 0.01
0.00 0.00 0.01 0.01 0.01 0.01 0.02 0.02 0.03 0.04 0.02 0.02 0.02 0.03 0.02 0.03 0.40 0.48 0.49 0.02 0.02 0.01 0.01 0.01 0.02 0.56 0.03 0.02 0.01 0.02 0.02 0.01 0.01 0.02 0.03 0.06 0.06 0.51 0.02 0.01 0.18 0.04 0.02 0.01 0.07 0.04 0.03 0.02 0.01 0.01 0.02 0.04 0.08 0.11 0.28 0.11 0.02 0.02 0.02 0.04 0.03 0.17 0.11 0.01 0.08 0.06 0.06 0.02 0.01 0.01 0.01 0.02 0.05 0.11 0.05 0.05 0.04 0.03 0.02 0.99 1.41 0.92 1.04 0.02
0.00 0.00 0.00 0.01 0.01 0.01 0.02 0.02 0.03 0.02 0.04 0.03 0.03 0.04 0.02 0.03 0.04 0.04 0.50 0.96 0.52 0.02 0.02 0.01 0.02 0.35 0.16 0.01 0.01 0.02 0.03 0.02 0.02 0.03 0.02 0.02 0.03 0.64 0.52 0.01 0.17 0.03 0.03 0.01 0.08 0.02 0.05 0.02 0.02 0.02 0.01 0.01 0.01 0.06 0.23 0.27 0.03 0.01 0.03 0.05 0.05 0.12 0.19 0.01 0.15 0.05 0.01 0.01 0.03 0.04 0.04 0.01 0.01 0.02 0.01 0.02 0.02 0.01 0.01 0.02 0.02 0.94 1.50 1.49
0.00 0.00 0.00 0.00 0.01 0.01 0.01 0.01 0.02 0.01 0.02 0.02 0.03 0.04 0.06 0.05 0.04 0.03 0.02 0.02 0.44 1.17 0.70 0.01 0.02 0.33 0.34 0.02 0.01 0.01 0.11 0.04 0.03 0.05 0.03 0.03 0.03 0.02 0.50 0.72 0.80 0.02 0.04 0.01 0.07 0.02 0.05 0.02 0.02 0.04 0.01 0.01 0.02 0.06 0.12 0.47 0.02 0.01 0.02 0.04 0.08 0.12 0.30 0.05 0.09 0.01 0.01 0.01 0.01 0.04 0.08 0.09 0.02 0.01 0.01 0.01 0.02 0.04 0.01 0.01 0.02 0.03 0.05 1.39
0.00 0.00 0.00 0.00 0.01 0.01 0.01 0.01 0.01 0.01 0.02 0.02 0.04 0.03 0.03 0.02 0.02 0.02 0.02 0.02 0.02 0.02 0.39 0.60 0.56 0.08 0.27 0.28 0.23 0.01 0.01 0.06 0.02 0.03 0.04 0.04 0.02 0.01 0.01 0.01 0.45 0.60 0.02 0.02 0.08 0.02 0.04 0.05 0.02 0.06 0.01 0.03 0.01 0.01 0.01 0.62 0.30 0.01 0.03 0.02 0.01 0.25 0.18 0.05 0.14 0.02 0.02 0.02 0.01 0.01 0.01 0.06 0.05 0.06 0.03 0.03 0.09 0.04 0.01 0.02 0.02 0.04 0.05 0.04
0.00 0.00 0.00 0.00 0.01 0.01 0.03 0.02 0.02 0.04 0.05 0.06 0.05 0.01 0.01 0.01 0.01 0.01 0.01 0.01 0.01 0.01 0.01 0.02 0.69 0.75 0.85 0.01 0.23 0.01 0.01 0.05 0.04 0.02 0.03 0.05 0.01 0.02 0.02 0.02 0.26 0.74 0.01 0.03 0.13 0.02 0.04 0.06 0.02 0.05 0.09 0.02 0.03 0.01 0.01 0.02 0.41 0.41 0.39 0.02 0.01 0.25 0.26 0.05 0.04 0.12 0.08 0.02 0.02 0.01 0.02 0.04 0.06 0.06 0.09 0.05 0.05 0.06 0.01 0.02 0.04 0.07 0.04 0.02
0.00 0.00 0.00 0.00 0.01 0.02 0.03 0.06 0.07 0.04 0.03 0.07 0.08 0.07 0.07 0.03 0.02 0.01 0.02 0.10 0.18 0.23 0.01 0.01 0.01 0.11 0.56 0.82 0.81 0.81 0.01 0.04 0.04 0.03 0.04 0.06 0.08 0.01 0.01 0.01 0.01 0.75 0.68 0.62 0.62 0.80 0.81 0.82 0.02 0.03 0.05 0.05 0.10 0.01 0.04 0.01 0.01 0.02 0.35 0.61 0.01 0.01 0.67 0.04 0.02 0.01 0.08 0.09 0.11 0.01 0.02 0.04 0.05 0.08 0.17 0.04 0.03 0.06 0.04 0.03 0.04 0.13 0.01 0.01
0.00 0.00 0.00 0.00 0.01 0.01 0.02 0.02 0.02 0.01 0.01 0.04 0.08 0.11 0.12 0.20 0.20 0.25 0.27 0.23 0.16 0.40 0.31 0.33 0.38 0.31 0.17 0.07 0.07 0.96 1.22 0.94 1.07 0.90 1.11 1.29 1.30 1.14 0.02 0.01 0.01 0.01 0.01 0.01 0.01 0.01 0.01 0.64 0.01 0.03 0.03 0.05 0.06 0.07 0.03 0.03 0.02 0.01 0.01 0.23 0.29 0.01 0.26 0.03 0.03 0.02 0.01 0.05 0.10 0.17 0.11 0.08 0.08 0.07 0.20 0.33 0.02 0.04 0.04 0.04 0.03 0.03 0.03 0.02
0.00 0.00 0.00 0.00 0.00 0.01 0.01 0.02 0.03 0.06 0.07 0.07 0.07 0.04 0.15 0.11 0.13 0.08 0.04 0.04 0.04 0.04 0.04 0.04 0.05 0.04 0.04 0.08 0.06 0.04 0.05 0.11 0.09 0.09 0.04 0.02 0.08 1.08 2.09 2.05 0.01 0.02 0.02 0.02 0.01 0.01 0.02 0.78 0.01 0.04 0.02 0.03 0.05 0.10 0.05 0.05 0.05 0.04 0.03 0.11 0.60 0.16 0.18 0.14 0.04 0.01 0.01 0.03 0.05 0.04 0.09 0.09 0.09 0.08 0.06 0.23 0.19 0.21 0.02 0.03 0.02 0.02 0.02 0.02
