NEW_versions/Scripts/Results/Iao_50m/MaxFloodMaps/Iao_50m_2.asc
NCOLS 111
NROWS 84
XLLCENTER 750508.350000
YLLCENTER 2308429.860000
CELLSIZE 50.000000
NODATA_value -99999.000000
[rows 0 to 37 of 84, columns 0 to 83 of 111]
0.00 0.00 0.00 0.00 0.00 0.00 0.00 0.00 0.00 0.00 0.00 0.00 0.00 0.00 0.00 0.00 0.00 0.00 0.00 0.00 0.00 0.00 0.00 0.00 0.00 0.00 0.00 0.00 0.00 0.00 0.00 0.00 0.00 0.00 0.00 0.00 0.00 0.00 0.00 0.00 0.00 0.00 0.00 0.00 0.00 0.00 0.00 0.00 0.00 0.00 0.00 0.00 0.00 0.00 0.00 0.00 0.00 0.00 0.00 0.00 0.00 0.00 0.00 0.00 0.00 0.00 0.00 0.00 0.00 0.00 0.00 0.00 0.00 0.00 0.00 0.00 0.00 0.00 0.00 0.00 0.00 0.00 0.00 0.00
0.00 0.00 0.00 0.00 0.00 0.00 0.00 0.00 0.00 0.00 0.00 0.00 0.00 0.00 0.00 0.00 0.00 0.00 0.00 0.00 0.00 0.00 0.00 0.00 0.00 0.00 0.00 0.00 0.00 0.00 0.00 0.00 0.00 0.00 0.00 0.00 0.00 0.00 0.00 0.00 0.00 0.00 0.00 0.00 0.00 0.00 0.00 0.00 0.00 0.00 0.00 0.01 0.01 0.01 0.01 0.01 0.01 0.01 0.01 0.01 0.01 0.00 0.00 0.00 0.00 0.00 0.00 0.00 0.00 0.00 0.00 0.00 0.00 0.00 0.00 0.00 0.00 0.00 0.00 0.00 0.00 0.00 0.00 0.00
0.00 0.00 0.00 0.00 0.00 0.00 0.00 0.00 0.00 0.00 0.00 0.00 0.00 0.00 0.00 0.00 0.00 0.00 0.00 0.00 0.00 0.00 0.00 0.00 0.00 0.00 0.00 0.00 0.00 0.00 0.00 0.00 0.00 0.00 0.00 0.00 0.00 0.00 0.00 0.00 0.00 0.00 0.00 0.00 0.00 0.00 0.00 0.01 0.01 0.01 0.01 0.01 0.02 0.02 0.01 0.01 0.02 0.02 0.02 0.01 0.02 0.01 0.00 0.00 0.00 0.00 0.00 0.01 0.01 0.02 0.00 0.00 0.00 0.00 0.00 0.00 0.00 0.00 0.00 0.00 0.00 0.00 0.00 0.00
0.00 0.00 0.00 0.00 0.00 0.00 0.00 0.00 0.00 0.00 0.00 0.00 0.00 0.00 0.00 0.00 0.00 0.00 0.00 0.00 0.00 0.00 0.00 0.00 0.00 0.00 0.00 0.00 0.00 0.00 0.00 0.00 0.00 0.00 0.00 0.00 0.00 0.00 0.00 0.00 0.00 0.00 0.00 0.00 0.00 0.00 0.01 0.01 0.01 0.01 0.02 0.01 0.02 0.03 0.01 0.01 0.02 0.03 0.02 0.02 0.02 0.01 0.01 0.00 0.00 0.01 0.01 0.01 0.01 0.03 0.01 0.01 0.01 0.00 0.00 0.00 0.00 0.00 0.00 0.00 0.00 0.00 0.00 0.00
0.00 0.00 0.00 0.00 0.00 0.00 0.00 0.00 0.00 0.00 0.00 0.00 0.00 0.00 0.00 0.00 0.00 0.00 0.00 0.00 0.00 0.00 0.00 0.00 0.00 0.00 0.00 0.00 0.00 0.00 0.00 0.00 0.00 0.00 0.00 0.00 0.00 0.00 0.00 0.00 0.00 0.00 0.00 0.00 0.00 0.00 0.01 0.01 0.02 0.02 0.02 0.02 0.02 0.03 0.03 0.01 0.02 0.03 0.03 0.02 0.02 0.01 0.01 0.01 0.01 0.01 0.01 0.01 0.03 0.02 0.01 0.02 0.02 0.01 0.02 0.00 0.00 0.00 0.00 0.00 0.00 0.00 0.00 0.00
0.00 0.00 0.00 0.00 0.00 0.00 0.00 0.00 0.00 0.00 0.00 0.00 0.00 0.00 0.00 0.00 0.00 0.00 0.00 0.00 0.00 0.00 0.00 0.00 0.00 0.00 0.00 0.00 0.00 0.00 0.00 0.00 0.00 0.00 0.00 0.00 0.00 0.00 0.00 0.00 0.00 0.00 0.00 0.00 0.00 0.01 0.01 0.01 0.02 0.02 0.02 0.02 0.04 0.03 0.02 0.02 0.02 0.03 0.04 0.03 0.02 0.02 0.01 0.01 0.01 0.01 0.01 0.04 0.04 0.02 0.02 0.02 0.02 0.02 0.02 0.02 0.00 0.00 0.00 0.00 0.00 0.00 0.00 0.01
0.00 0.00 0.00 0.00 0.00 0.00 0.00 0.00 0.00 0.00 0.00 0.00 0.00 0.00 0.00 0.00 0.00 0.00 0.00 0.00 0.00 0.00 0.00 0.00 0.00 0.00 0.00 0.00 0.00 0.00 0.00 0.00 0.00 0.00 0.00 0.00 0.00 0.00 0.00 0.00 0.00 0.00 0.01 0.01 0.01 0.01 0.01 0.01 0.02 0.02 0.02 0.03 0.04 0.04 0.03 0.03 0.03 0.03 0.04 0.04 0.03 0.02 0.02 0.01 0.01 0.01 0.02 0.06 0.04 0.02 0.02 0.02 0.02 0.02 0.03 0.02 0.01 0.02 0.01 0.00 0.00 0.00 0.01 0.01
0.00 0.00 0.00 0.00 0.00 0.00 0.00 0.00 0.00 0.00 0.00 0.00 0.00 0.00 0.00 0.00 0.00 0.00 0.00 0.00 0.00 0.00 0.00 0.00 0.00 0.00 0.00 0.00 0.00 0.00 0.00 0.00 0.00 0.00 0.00 0.00 0.00 0.00 0.00 0.00 0.01 0.01 0.01 0.01 0.01 0.01 0.03 0.01 0.02 0.02 0.02 0.03 0.04 0.04 0.03 0.03 0.03 0.03 0.04 0.04 0.03 0.02 0.02 0.01 0.01 0.01 0.02 0.07 0.03 0.02 0.02 0.02 0.02 0.03 0.03 0.02 0.01 0.02 0.01 0.01 0.01 0.01 0.01 0.01
0.00 0.00 0.00 0.00 0.00 0.00 0.00 0.00 0.00 0.00 0.00 0.00 0.00 0.00 0.00 0.00 0.00 0.00 0.00 0.00 0.00 0.00 0.00 0.00 0.00 0.00 0.00 0.00 0.00 0.00 0.00 0.00 0.00 0.00 0.00 0.00 0.00 0.00 0.00 0.01 0.01 0.01 0.02 0.02 0.02 0.02 0.03 0.02 0.02 0.02 0.02 0.03 0.04 0.04 0.04 0.04 0.04 0.04 0.05 0.04 0.03 0.03 0.02 0.02 0.01 0.01 0.02 0.06 0.02 0.01 0.02 0.02 0.02 0.03 0.05 0.03 0.02 0.03 0.02 0.01 0.01 0.02 0.01 0.01
0.00 0.00 0.00 0.00 0.00 0.00 0.00 0.00 0.00 0.00 0.00 0.00 0.00 0.00 0.00 0.00 0.00 0.00 0.00 0.00 0.00 0.00 0.00 0.00 0.00 0.00 0.00 0.00 0.00 0.00 0.00 0.00 0.00 0.00 0.01 0.02 0.01 0.01 0.01 0.01 0.01 0.02 0.02 0.02 0.02 0.03 0.03 0.02 0.02 0.02 0.03 0.03 0.04 0.05 0.04 0.04 0.04 0.05 0.05 0.05 0.04 0.03 0.02 0.02 0.02 0.01 0.02 0.17 0.02 0.01 0.02 0.02 0.03 0.04 0.05 0.04 0.03 0.03 0.02 0.01 0.01 0.03 0.02 0.02
0.00 0.00 0.00 0.00 0.00 0.00 0.00 0.00 0.00 0.00 0.00 0.00 0.00 0.00 0.00 0.00 0.00 0.00 0.00 0.00 0.00 0.00 0.00 0.00 0.00 0.00 0.00 0.00 0.00 0.00 0.00 0.01 0.01 0.01 0.01 0.02 0.01 0.02 0.01 0.02 0.02 0.02 0.02 0.02 0.02 0.03 0.04 0.02 0.03 0.03 0.04 0.07 0.12 0.04 0.04 0.04 0.05 0.04 0.06 0.07 0.04 0.03 0.02 0.02 0.02 0.01 0.01 0.11 0.06 0.01 0.02 0.02 0.03 0.05 0.04 0.04 0.03 0.02 0.02 0.01 0.02 0.03 0.04 0.02
0.00 0.00 0.00 0.00 0.00 0.00 0.00 0.00 0.00 0.00 0.00 0.00 0.00 0.00 0.00 0.00 0.00 0.00 0.00 0.00 0.00 0.00 0.00 0.00 0.00 0.00 0.00 0.00 0.00 0.00 0.01 0.01 0.02 0.02 0.02 0.02 0.03 0.02 0.01 0.01 0.02 0.03 0.03 0.03 0.03 0.03 0.03 0.03 0.03 0.04 0.04 0.04 0.12 0.17 0.12 0.09 0.07 0.07 0.06 0.10 0.07 0.04 0.03 0.02 0.02 0.02 0.01 0.05 0.07 0.06 0.06 0.02 0.03 0.06 0.05 0.04 0.03 0.03 0.02 0.01 0.01 0.05 0.03 0.02
0.00 0.00 0.00 0.00 0.00 0.00 0.00 0.00 0.00 0.00 0.00 0.00 0.00 0.00 0.00 0.00 0.00 0.00 0.00 0.00 0.00 0.00 0.00 0.00 0.00 0.01 0.02 0.01 0.01 0.01 0.01 0.02 0.02 0.02 0.02 0.03 0.04 0.02 0.01 0.01 0.01 0.02 0.03 0.03 0.03 0.03 0.03 0.04 0.05 0.06 0.11 0.02 0.01 0.01 0.06 0.25 0.09 0.06 0.14 0.11 0.18 0.07 0.06 0.08 0.03 0.02 0.01 0.03 0.03 0.08 0.13 0.12 0.08 0.10 0.05 0.04 0.04 0.03 0.02 0.02 0.01 0.03 0.04 0.02
0.00 0.00 0.00 0.00 0.00 0.00 0.00 0.00 0.00 0.00 0.00 0.00 0.00 0.00 0.01 0.01 0.02 0.01 0.01 0.02 0.01 0.01 0.01 0.01 0.01 0.02 0.02 0.03 0.01 0.01 0.01 0.01 0.02 0.02 0.02 0.03 0.05 0.03 0.01 0.01 0.02 0.01 0.02 0.03 0.03 0.04 0.05 0.05 0.04 0.04 0.06 0.06 0.05 0.01 0.03 0.25 0.29 0.01 0.06 0.19 0.19 0.04 0.01 0.14 0.08 0.01 0.01 0.04 0.04 0.01 0.05 0.07 0.11 0.35 0.37 0.04 0.05 0.03 0.04 0.03 0.02 0.04 0.05 0.02
0.00 0.00 0.00 0.00 0.00 0.00 0.00 0.00 0.00 0.00 0.00 0.01 0.01 0.01 0.02 0.02 0.02 0.01 0.02 0.03 0.01 0.02 0.02 0.03 0.01 0.02 0.02 0.02 0.02 0.01 0.01 0.02 0.02 0.02 0.02 0.03 0.06 0.04 0.02 0.01 0.01 0.01 0.02 0.02 0.03 0.04 0.07 0.07 0.09 0.08 0.07 0.06 0.12 0.01 0.02 0.04 0.30 0.01 0.01 0.09 0.32 0.02 0.01 0.01 0.13 0.02 0.01 0.06 0.03 0.05 0.03 0.05 0.02 0.01 0.37 0.31 0.34 0.03 0.05 0.08 0.03 0.03 0.04 0.02
0.00 0.00 0.00 0.00 0.00 0.00 0.00 0.00 0.00 0.00 0.01 0.01 0.01 0.01 0.02 0.02 0.02 0.02 0.02 0.03 0.02 0.02 0.02 0.02 0.02 0.02 0.02 0.02 0.02 0.02 0.02 0.02 0.02 0.02 0.03 0.04 0.06 0.04 0.02 0.01 0.01 0.01 0.02 0.02 0.02 0.04 0.04 0.07 0.11 0.13 0.18 0.20 0.34 0.14 0.10 0.33 0.30 0.01 0.02 0.06 0.44 0.03 0.01 0.01 0.07 0.14 0.01 0.13 0.03 0.04 0.02 0.07 0.04 0.01 0.01 0.01 0.39 0.05 0.08 0.07 0.04 0.03 0.04 0.03
0.00 0.00 0.00 0.00 0.00 0.00 0.00 0.02 0.01 0.01 0.01 0.02 0.02 0.02 0.02 0.04 0.02 0.01 0.01 0.02 0.02 0.02 0.02 0.03 0.03 0.02 0.02 0.02 0.02 0.02 0.02 0.02 0.02 0.03 0.04 0.05 0.05 0.03 0.02 0.02 0.01 0.02 0.02 0.02 0.02 0.02 0.02 0.02 0.02 0.01 0.01 0.02 0.02 0.18 0.15 0.15 0.30 0.07 0.01 0.05 0.22 0.24 0.21 0.01 0.11 0.06 0.01 0.06 0.11 0.04 0.02 0.06 0.08 0.01 0.01 0.01 0.71 0.09 0.07 0.05 0.04 0.04 0.04 0.02
0.00 0.00 0.00 0.00 0.00 0.00 0.01 0.02 0.01 0.01 0.01 0.02 0.02 0.02 0.02 0.04 0.03 0.02 0.03 0.02 0.02 0.02 0.03 0.04 0.03 0.01 0.02 0.02 0.03 0.03 0.02 0.03 0.04 0.03 0.05 0.06 0.05 0.03 0.02 0.01 0.01 0.02 0.02 0.02 0.02 0.02 0.01 0.01 0.01 0.01 0.01 0.01 0.01 0.02 0.10 0.20 0.51 0.60 0.02 0.01 0.09 0.28 0.69 0.18 0.21 0.14 0.01 0.05 0.15 0.02 0.05 0.03 0.12 0.02 0.02 0.01 0.71 0.07 0.01 0.07 0.05 0.04 0.03 0.02
0.00 0.00 0.00 0.00 0.00 0.01 0.02 0.02 0.02 0.01 0.02 0.02 0.02 0.02 0.02 0.03 0.04 0.05 0.05 0.03 0.02 0.02 0.03 0.05 0.02 0.01 0.02 0.02 0.02 0.03 0.03 0.03 0.07 0.05 0.05 0.05 0.04 0.02 0.02 0.01 0.02 0.01 0.02 0.02 0.02 0.02 0.02 0.02 0.01 0.01 0.01 0.01 0.01 0.01 0.01 0.02 0.04 0.54 0.56 0.01 0.05 0.05 0.12 0.58 0.18 0.23 0.20 0.04 0.12 0.01 0.05 0.06 0.09 0.09 0.03 0.01 0.36 0.02 0.01 0.10 0.05 0.05 0.03 0.02
0.00 0.00 0.00 0.00 0.02 0.01 0.02 0.02 0.03 0.01 0.02 0.03 0.03 0.03 0.03 0.04 0.04 0.05 0.09 0.03 0.02 0.02 0.02 0.04 0.05 0.01 0.02 0.02 0.03 0.03 0.03 0.04 0.15 0.06 0.05 0.05 0.04 0.03 0.02 0.01 0.03 0.02 0.02 0.02 0.03 0.03 0.04 0.05 0.01 0.01 0.02 0.02 0.01 0.01 0.01 0.02 0.02 0.03 0.65 0.66 0.04 0.01 0.08 0.06 0.23 0.18 0.30 0.23 0.17 0.01 0.03 0.05 0.14 0.14 0.05 0.04 0.60 0.01 0.01 0.08 0.19 0.16 0.07 0.03
0.00 0.00 0.00 0.01 0.02 0.01 0.02 0.03 0.03 0.03 0.02 0.02 0.03 0.03 0.03 0.04 0.04 0.07 0.10 0.05 0.03 0.02 0.02 0.03 0.05 0.03 0.03 0.02 0.03 0.03 0.03 0.05 0.11 0.23 0.05 0.04 0.04 0.08 0.02 0.01 0.01 0.03 0.03 0.02 0.02 0.04 0.06 0.11 0.02 0.02 0.02 0.02 0.02 0.02 0.02 0.01 0.01 0.02 0.03 0.63 0.54 0.02 0.01 0.01 0.12 0.25 0.32 0.41 0.64 0.56 0.02 0.03 0.24 0.14 0.07 0.15 0.64 0.01 0.01 0.15 0.16 0.04 0.04 0.05
0.00 0.00 0.02 0.03 0.02 0.01 0.02 0.03 0.03 0.04 0.03 0.01 0.02 0.02 0.05 0.05 0.05 0.06 0.07 0.07 0.03 0.01 0.02 0.03 0.04 0.03 0.02 0.02 0.03 0.03 0.03 0.03 0.05 0.20 0.13 0.02 0.07 0.06 0.02 0.01 0.02 0.06 0.04 0.02 0.01 0.01 0.03 0.15 0.13 0.04 0.03 0.03 0.03 0.03 0.05 0.09 0.01 0.01 0.02 0.02 0.64 0.82 0.01 0.01 0.01 0.01 0.03 0.01 0.03 0.46 0.72 0.02 0.01 0.11 0.06 0.03 0.65 0.49 0.51 0.18 0.07 0.03 0.04 0.03
0.00 0.00 0.00 0.02 0.02 0.02 0.02 0.03 0.03 0.04 0.03 0.02 0.02 0.02 0.01 0.01 0.05 0.08 0.08 0.14 0.02 0.01 0.02 0.04 0.06 0.07 0.03 0.02 0.04 0.03 0.04 0.05 0.04 0.07 0.19 0.11 0.07 0.04 0.01 0.01 0.02 0.09 0.04 0.02 0.01 0.02 0.02 0.03 0.07 0.08 0.06 0.03 0.04 0.03 0.02 0.09 0.11 0.01 0.01 0.02 0.03 0.79 0.62 0.02 0.01 0.03 0.03 0.04 0.01 0.02 0.55 0.57 0.04 0.05 0.06 0.09 0.02 0.02 0.58 0.66 0.05 0.03 0.04 0.03
0.00 0.00 0.00 0.02 0.02 0.02 0.02 0.02 0.03 0.04 0.03 0.02 0.02 0.02 0.03 0.01 0.01 0.05 0.07 0.23 0.12 0.01 0.02 0.07 0.05 0.06 0.01 0.03 0.07 0.08 0.07 0.06 0.05 0.06 0.28 0.06 0.05 0.03 0.01 0.01 0.02 0.06 0.09 0.02 0.01 0.01 0.01 0.02 0.06 0.08 0.19 0.20 0.03 0.02 0.03 0.02 0.13 0.30 0.01 0.01 0.01 0.02 0.86 0.65 0.02 0.01 0.01 0.03 0.07 0.03 0.02 0.75 0.55 0.04 0.03 0.05 0.08 0.01 0.01 0.55 0.08 0.04 0.05 0.04
0.00 0.00 0.01 0.01 0.02 0.03 0.03 0.05 0.04 0.03 0.03 0.03 0.04 0.02 0.02 0.01 0.01 0.01 0.05 0.16 0.54 0.13 0.13 0.14 0.05 0.03 0.02 0.01 0.01 0.02 0.06 0.11 0.22 0.13 0.41 0.06 0.04 0.03 0.01 0.01 0.02 0.06 0.13 0.02 0.01 0.01 0.01 0.01 0.01 0.02 0.02 0.18 0.26 0.01 0.02 0.03 0.02 0.12 0.17 0.18 0.01 0.01 0.03 0.82 0.73 0.01 0.02 0.03 0.01 0.02 0.01 0.03 0.66 0.04 0.02 0.01 0.09 0.10 0.06 0.53 0.14 0.05 0.05 0.04
0.00 0.01 0.01 0.02 0.02 0.03 0.05 0.07 0.06 0.04 0.03 0.03 0.03 0.03 0.04 0.02 0.01 0.01 0.01 0.01 0.02 0.14 0.31 0.42 0.05 0.03 0.01 0.01 0.01 0.01 0.02 0.02 0.01 0.07 0.50 0.43 0.04 0.03 0.02 0.02 0.02 0.05 0.22 0.02 0.01 0.01 0.02 0.01 0.02 0.01 0.02 0.02 0.25 0.02 0.02 0.03 0.03 0.02 0.02 0.27 0.02 0.01 0.01 0.02 0.80 1.00 0.58 0.45 0.38 0.31 0.01 0.01 0.38 0.46 0.02 0.01 0.01 0.01 0.01 1.01 0.02 0.04 0.03 0.03
0.00 0.02 0.03 0.04 0.05 0.04 0.04 0.06 0.08 0.06 0.04 0.04 0.03 0.04 0.10 0.03 0.02 0.01 0.01 0.01 0.01 0.02 0.02 0.42 0.43 0.03 0.02 0.01 0.01 0.02 0.02 0.02 0.02 0.04 0.03 0.85 0.44 0.02 0.01 0.02 0.02 0.21 0.16 0.02 0.02 0.01 0.02 0.04 0.05 0.03 0.02 0.03 0.37 0.03 0.01 0.02 0.03 0.03 0.03 0.15 0.32 0.02 0.01 0.01 0.01 0.03 0.30 0.65 0.64 0.57 0.65 0.64 0.73 1.05 1.46 1.45 0.01 0.01 0.01 0.91 1.03 0.04 0.04 0.04
0.02 0.02 0.01 0.02 0.02 0.05 0.05 0.06 0.10 0.13 0.17 0.15 0.16 0.02 0.06 0.08 0.02 0.02 0.02 0.01 0.01 0.02 0.02 0.01 0.47 0.04 0.02 0.02 0.01 0.01 0.03 0.04 0.04 0.05 0.04 0.04 0.66 0.02 0.01 0.02 0.13 0.16 0.01 0.01 0.02 0.03 0.01 0.01 0.01 0.04 0.08 0.06 0.17 0.18 0.02 0.02 0.03 0.03 0.04 0.03 0.21 0.35 0.02 0.01 0.01 0.01 0.02 0.03 0.02 0.03 0.02 0.02 0.03 0.03 0.03 1.41 1.04 0.01 0.01 0.01 0.88 0.04 0.03 0.02
0.00 0.01 0.01 0.01 0.02 0.02 0.08 0.12 0.10 0.05 0.04 0.14 0.37 0.38 0.41 0.04 0.05 0.02 0.02 0.01 0.01 0.01 0.01 0.02 0.47 0.46 0.02 0.02 0.01 0.01 0.02 0.03 0.05 0.08 0.07 0.04 0.50 0.53 0.01 0.01 0.27 0.06 0.02 0.01 0.04 0.03 0.02 0.01 0.01 0.01 0.01 0.04 0.13 0.21 0.14 0.02 0.02 0.03 0.03 0.04 0.02 0.15 0.16 0.01 0.03 0.01 0.01 0.01 0.01 0.02 0.02 0.02 0.02 0.05 0.03 0.04 1.06 1.27 1.27 0.01 0.89 0.91 0.03 0.02
0.00 0.00 0.01 0.01 0.02 0.02 0.02 0.04 0.04 0.02 0.02 0.02 0.02 0.03 0.33 0.48 0.57 0.04 0.03 0.02 0.02 0.01 0.01 0.01 0.01 0.47 0.02 0.02 0.01 0.02 0.02 0.01 0.01 0.01 0.05 0.05 0.03 0.67 0.02 0.02 0.18 0.05 0.02 0.02 0.05 0.04 0.02 0.02 0.01 0.02 0.02 0.03 0.06 0.35 0.17 0.14 0.02 0.03 0.03 0.03 0.03 0.10 0.39 0.01 0.04 0.01 0.04 0.01 0.01 0.01 0.04 0.05 0.05 0.03 0.03 0.03 0.03 0.03 1.28 1.24 0.01 1.14 0.04 0.01
0.00 0.00 0.01 0.01 0.01 0.02 0.02 0.02 0.03 0.04 0.03 0.02 0.03 0.04 0.02 0.03 0.45 0.53 0.54 0.02 0.02 0.01 0.01 0.01 0.02 0.62 0.03 0.02 0.01 0.02 0.02 0.02 0.02 0.02 0.04 0.07 0.06 0.56 0.02 0.01 0.20 0.04 0.03 0.01 0.07 0.04 0.03 0.02 0.02 0.01 0.02 0.04 0.09 0.13 0.32 0.12 0.03 0.02 0.02 0.05 0.04 0.19 0.12 0.01 0.09 0.07 0.06 0.02 0.02 0.01 0.01 0.02 0.06 0.12 0.06 0.05 0.04 0.03 0.03 1.10 1.56 1.03 1.16 0.02
0.00 0.00 0.00 0.01 0.01 0.01 0.02 0.02 0.03 0.03 0.04 0.04 0.04 0.04 0.02 0.04 0.04 0.04 0.56 1.05 0.57 0.02 0.02 0.01 0.02 0.38 0.18 0.02 0.01 0.02 0.03 0.02 0.02 0.03 0.03 0.02 0.03 0.70 0.57 0.01 0.18 0.03 0.03 0.01 0.08 0.03 0.05 0.02 0.02 0.02 0.01 0.01 0.01 0.07 0.25 0.30 0.03 0.01 0.03 0.06 0.05 0.13 0.21 0.01 0.16 0.06 0.01 0.01 0.04 0.04 0.04 0.01 0.01 0.02 0.01 0.02 0.02 0.02 0.02 0.02 0.03 1.05 1.66 1.66
0.00 0.00 0.00 0.00 0.01 0.01 0.01 0.01 0.02 0.02 0.02 0.02 0.04 0.05 0.07 0.06 0.05 0.03 0.03 0.02 0.49 1.28 0.78 0.01 0.02 0.37 0.37 0.02 0.01 0.02 0.12 0.05 0.04 0.05 0.03 0.03 0.03 0.02 0.55 0.80 0.88 0.02 0.04 0.01 0.08 0.02 0.06 0.02 0.02 0.04 0.01 0.01 0.02 0.07 0.13 0.52 0.02 0.01 0.02 0.04 0.09 0.13 0.33 0.06 0.10 0.01 0.01 0.01 0.02 0.04 0.09 0.09 0.02 0.01 0.01 0.01 0.02 0.05 0.01 0.01 0.02 0.04 0.06 1.54
0.00 0.00 0.00 0.00 0.01 0.01 0.01 0.01 0.01 0.02 0.02 0.02 0.04 0.03 0.04 0.02 0.02 0.02 0.03 0.03 0.02 0.02 0.44 0.66 0.62 0.09 0.30 0.31 0.25 0.01 0.01 0.06 0.02 0.03 0.04 0.05 0.02 0.02 0.01 0.01 0.50 0.67 0.02 0.03 0.09 0.02 0.04 0.05 0.02 0.06 0.01 0.03 0.01 0.01 0.01 0.68 0.33 0.01 0.03 0.02 0.01 0.27 0.20 0.05 0.15 0.02 0.02 0.02 0.01 0.01 0.02 0.07 0.06 0.07 0.03 0.03 0.10 0.05 0.01 0.02 0.02 0.04 0.06 0.04
0.00 0.00 0.00 0.00 0.01 0.01 0.03 0.02 0.02 0.05 0.06 0.06 0.05 0.01 0.01 0.01 0.01 0.01 0.01 0.01 0.01 0.01 0.02 0.02 0.77 0.83 0.94 0.01 0.26 0.01 0.01 0.05 0.04 0.03 0.03 0.06 0.01 0.02 0.02 0.03 0.29 0.83 0.01 0.03 0.15 0.02 0.04 0.07 0.02 0.06 0.10 0.02 0.03 0.01 0.02 0.02 0.45 0.45 0.44 0.02 0.01 0.28 0.29 0.06 0.04 0.13 0.09 0.02 0.03 0.01 0.02 0.04 0.07 0.07 0.10 0.06 0.05 0.07 0.01 0.02 0.04 0.08 0.04 0.02
0.00 0.00 0.00 0.00 0.01 0.02 0.03 0.07 0.08 0.04 0.04 0.08 0.09 0.08 0.07 0.03 0.02 0.02 0.02 0.11 0.20 0.26 0.01 0.01 0.01 0.13 0.63 0.91 0.89 0.90 0.02 0.05 0.04 0.03 0.04 0.07 0.08 0.01 0.01 0.01 0.01 0.83 0.76 0.68 0.68 0.89 0.90 0.91 0.02 0.03 0.05 0.05 0.11 0.01 0.04 0.01 0.01 0.03 0.39 0.67 0.02 0.01 0.73 0.05 0.03 0.01 0.09 0.10 0.12 0.01 0.02 0.05 0.06 0.09 0.19 0.04 0.04 0.07 0.05 0.03 0.04 0.14 0.01 0.01
0.00 0.00 0.00 0.00 0.01 0.01 0.02 0.02 0.03 0.01 0.01 0.04 0.09 0.13 0.14 0.22 0.22 0.28 0.30 0.26 0.18 0.44 0.34 0.37 0.42 0.35 0.19 0.08 0.08 1.06 1.35 1.04 1.19 1.00 1.24 1.43 1.44 1.26 0.02 0.01 0.01 0.01 0.01 0.01 0.01 0.01 0.01 0.71 0.01 0.03 0.04 0.06 0.07 0.07 0.04 0.04 0.02 0.01 0.01 0.25 0.32 0.01 0.29 0.03 0.04 0.02 0.01 0.05 0.11 0.18 0.12 0.09 0.09 0.07 0.22 0.37 0.03 0.05 0.05 0.04 0.03 0.03 0.04 0.03
0.00 0.00 0.00 0.00 0.00 0.01 0.01 0.02 0.03 0.06 0.08 0.08 0.08 0.05 0.17 0.12 0.15 0.09 0.05 0.04 0.04 0.05 0.04 0.04 0.05 0.05 0.04 0.09 0.07 0.04 0.06 0.13 0.10 0.10 0.05 0.02 0.09 1.20 2.31 2.26 0.02 0.02 0.02 0.03 0.02 0.01 0.02 0.87 0.01 0.04 0.02 0.03 0.06 0.11 0.06 0.06 0.05 0.04 0.03 0.12 0.69 0.19 0.20 0.16 0.04 0.02 0.01 0.03 0.06 0.05 0.10 0.10 0.10 0.08 0.07 0.26 0.21 0.23 0.03 0.03 0.02 0.02 0.02 0.02
