NEW_versions/Scripts/Results/Iao_50m/MaxFloodMaps/Iao_50m_1.5.asc
NCOLS 111
NROWS 84
XLLCENTER 750508.350000
YLLCENTER 2308429.860000
CELLSIZE 50.000000
NODATA_value -99999.000000
[rows 38 to 75 of 84, columns 0 to 83 of 111]
0.00 0.00 0.00 0.00 0.00 0.01 0.01 0.01 0.02 0.02 0.02 0.02 0.03 0.09 0.06 0.03 0.03 0.02 0.01 0.01 0.07 0.05 0.03 0.02 0.02 0.01 0.01 0.01 0.01 0.01 0.08 0.10 0.15 0.14 0.18 0.20 0.14 0.10 0.04 1.80 0.93 1.08 1.62 1.43 0.91 1.17 1.02 1.98 1.67 1.58 1.59 0.02 0.02 0.03 0.05 0.04 0.03 0.03 0.02 2.06 2.92 2.61 1.84 1.93 0.03 0.02 0.02 0.03 0.02 0.01 0.03 0.07 0.10 0.06 0.03 0.02 0.14 0.19 0.11 0.14 0.02 0.01 0.02 0.03
0.00 0.00 0.00 0.00 0.00 0.00 0.00 0.01 0.01 0.02 0.02 0.02 0.03 0.04 0.02 0.01 0.02 0.01 0.01 0.01 0.06 0.01 0.01 0.01 0.01 0.01 0.07 0.17 0.24 0.24 0.14 0.13 0.15 0.03 0.01 0.02 0.03 0.02 0.03 0.02 0.03 0.04 0.02 0.03 0.03 0.04 0.02 0.03 0.03 0.02 1.61 1.78 2.44 2.25 1.65 0.73 1.48 1.49 1.47 1.89 0.01 0.01 0.03 2.59 2.55 2.36 0.03 0.03 0.02 0.01 0.03 0.05 0.09 0.10 0.03 0.01 0.02 0.02 0.11 0.18 0.19 0.09 0.06 0.04
0.00 0.00 0.00 0.00 0.00 0.00 0.01 0.01 0.01 0.02 0.03 0.04 0.03 0.02 0.02 0.02 0.02 0.04 0.06 0.07 0.05 0.06 0.11 0.09 0.13 0.16 0.12 0.10 0.06 0.02 0.02 0.02 0.05 0.02 0.01 0.02 0.02 0.02 0.03 0.01 0.02 0.05 0.01 0.02 0.02 0.02 0.02 0.04 0.04 0.03 0.02 0.03 0.03 0.04 0.44 0.85 0.88 0.02 0.03 0.02 0.01 0.01 0.01 0.03 0.04 2.34 2.47 2.22 0.03 0.02 0.02 0.03 0.07 0.12 0.03 0.02 0.01 0.01 0.01 0.01 0.10 0.11 0.12 0.08
0.00 0.00 0.00 0.00 0.00 0.00 0.01 0.01 0.02 0.02 0.02 0.04 0.01 0.01 0.01 0.02 0.03 0.02 0.02 0.03 0.03 0.04 0.04 0.03 0.02 0.02 0.05 0.05 0.03 0.01 0.02 0.02 0.04 0.02 0.01 0.02 0.01 0.01 0.01 0.02 0.02 0.03 0.01 0.02 0.02 0.01 0.04 0.13 0.01 0.02 0.03 0.03 0.03 0.04 0.02 0.01 0.01 0.01 0.01 0.02 0.01 0.01 0.01 0.03 0.03 0.02 0.03 1.87 1.83 1.32 1.22 0.01 0.03 0.13 0.08 0.01 0.01 0.01 0.01 0.01 0.05 0.08 0.08 0.07
0.00 0.00 0.00 0.00 0.00 0.00 0.02 0.02 0.02 0.01 0.02 0.03 0.01 0.01 0.01 0.02 0.02 0.02 0.02 0.02 0.02 0.03 0.02 0.02 0.01 0.02 0.05 0.01 0.03 0.01 0.01 0.02 0.02 0.02 0.01 0.01 0.01 0.01 0.01 0.01 0.02 0.02 0.01 0.01 0.01 0.02 0.04 0.01 0.01 0.01 0.02 0.02 0.02 0.02 0.01 0.02 0.02 0.02 0.01 0.02 0.07 0.10 0.10 0.07 0.03 0.02 0.02 0.02 0.02 1.40 2.36 0.02 0.02 0.05 0.10 0.04 0.03 0.04 1.17 2.43 1.84 1.64 0.04 3.91
0.00 0.00 0.00 0.00 0.00 0.00 0.00 0.02 0.02 0.02 0.02 0.01 0.01 0.01 0.01 0.01 0.01 0.01 0.01 0.02 0.02 0.01 0.01 0.01 0.01 0.02 0.03 0.01 0.02 0.01 0.01 0.01 0.01 0.01 0.01 0.02 0.01 0.01 0.01 0.01 0.01 0.01 0.01 0.01 0.01 0.01 0.01 0.02 0.01 0.01 0.01 0.01 0.01 0.02 0.02 0.02 0.03 0.03 0.10 0.10 0.08 0.06 0.05 0.03 0.02 0.03 0.02 0.02 0.01 0.02 2.38 2.48 0.04 0.05 0.04 0.04 3.15 2.68 1.53 0.72 0.33 3.14 3.55 3.63
0.00 0.00 0.00 0.00 0.00 0.00 0.00 0.01 0.02 0.02 0.02 0.02 0.03 0.01 0.01 0.01 0.01 0.01 0.01 0.01 0.01 0.01 0.01 0.01 0.01 0.03 0.01 0.01 0.01 0.01 0.01 0.01 0.01 0.02 0.02 0.03 0.02 0.02 0.02 0.02 0.01 0.01 0.01 0.01 0.02 0.02 0.02 0.03 0.02 0.01 0.02 0.02 0.02 0.02 0.05 0.07 0.12 0.09 0.07 0.03 0.02 0.02 0.04 0.06 0.03 0.05 0.09 0.01 0.01 0.03 0.04 2.86 2.53 2.25 0.02 3.54 3.40 0.01 0.01 0.01 1.95 2.06 0.12 0.03
0.00 0.00 0.00 0.00 0.00 0.00 0.00 0.01 0.02 0.02 0.02 0.03 0.04 0.02 0.02 0.01 0.01 0.02 0.02 0.02 0.02 0.02 0.02 0.03 0.01 0.01 0.01 0.01 0.01 0.02 0.03 0.04 0.01 0.02 0.02 0.03 0.03 0.03 0.02 0.02 0.02 0.02 0.02 0.02 0.02 0.02 0.02 0.03 0.05 0.06 0.01 0.02 0.03 0.02 0.02 0.03 0.02 0.05 0.03 0.03 0.03 0.06 0.09 0.08 0.07 0.04 0.07 0.12 0.07 0.05 0.04 0.02 0.02 1.37 2.58 3.63 0.01 0.01 0.01 2.69 2.55 0.04 0.18 0.05
0.00 0.00 0.00 0.00 0.00 0.00 0.00 0.02 0.02 0.02 0.03 0.03 0.04 0.02 0.02 0.02 0.02 0.02 0.02 0.03 0.03 0.03 0.03 0.05 0.03 0.02 0.01 0.02 0.02 0.02 0.02 0.04 0.03 0.02 0.03 0.03 0.04 0.03 0.03 0.75 0.62 0.70 0.80 0.76 0.53 0.57 0.64 0.67 0.76 0.83 0.82 0.02 0.02 0.04 0.01 0.01 0.02 0.01 0.02 0.02 0.02 0.02 0.01 0.04 0.06 0.06 0.01 0.01 0.01 0.01 0.01 0.01 0.01 0.01 0.01 0.01 0.01 0.01 1.94 2.73 0.05 0.06 0.15 0.06
0.00 0.00 0.00 0.00 0.00 0.00 0.00 0.02 0.02 0.03 0.03 0.04 0.04 0.03 0.02 0.02 0.02 0.02 0.02 0.02 0.05 0.06 0.10 0.13 0.12 0.10 0.01 0.02 0.02 0.02 0.03 0.04 0.06 0.04 0.04 0.04 0.64 0.79 0.97 1.11 0.01 0.02 0.04 0.04 0.45 0.32 0.19 0.12 0.04 0.02 0.73 0.73 0.66 0.83 0.83 0.01 0.03 0.01 0.02 0.87 0.93 0.01 0.02 1.20 1.64 1.58 1.62 0.01 0.02 0.02 0.01 0.01 0.02 0.02 0.03 3.10 2.75 1.84 1.87 0.14 0.12 0.07 0.12 0.05
0.00 0.00 0.00 0.00 0.00 0.00 0.01 0.02 0.02 0.03 0.04 0.06 0.13 0.11 0.06 0.03 0.08 0.10 0.03 0.01 0.01 0.01 0.01 0.01 0.08 0.16 0.18 0.17 0.12 0.11 0.07 0.65 0.53 0.63 0.64 0.99 0.80 0.04 0.01 0.04 0.01 0.02 0.02 0.01 0.01 0.02 0.01 0.01 0.01 0.01 0.01 0.01 0.01 0.01 0.83 0.80 0.75 1.59 1.81 1.00 1.66 1.47 1.73 2.06 0.01 0.02 1.94 1.54 1.94 1.88 2.32 1.68 1.73 1.78 2.22 2.02 0.01 0.14 0.10 0.18 0.24 0.06 0.04 0.05
0.00 0.00 0.00 0.00 0.00 0.00 0.01 0.02 0.10 0.27 0.01 0.01 0.01 0.09 0.11 0.07 0.05 0.10 0.20 0.21 0.01 0.01 0.02 0.01 0.01 0.01 0.01 0.01 0.06 0.57 1.07 0.55 0.02 0.01 0.02 0.04 0.02 0.03 0.01 0.03 0.01 0.01 0.01 0.01 0.01 0.01 0.03 0.04 0.03 0.01 0.02 0.02 0.04 0.01 0.01 0.01 0.01 0.92 1.05 0.01 0.02 0.06 0.08 0.05 0.01 0.01 0.02 0.01 0.07 0.01 0.02 0.08 0.14 0.01 0.01 0.54 0.01 0.03 0.01 0.31 0.26 0.06 0.02 0.04
0.00 0.00 0.00 0.00 0.00 0.00 0.01 0.03 0.05 0.24 0.01 0.01 0.01 0.01 0.06 0.07 0.07 0.04 0.03 0.12 0.09 0.08 0.07 0.12 0.01 0.01 0.01 0.49 0.54 0.55 0.02 0.02 0.01 0.01 0.02 0.03 0.01 0.03 0.02 0.02 0.01 0.01 0.02 0.03 0.04 0.05 0.04 0.05 0.05 0.04 1.77 1.49 1.01 1.15 1.17 1.71 1.35 1.33 0.03 0.01 0.02 0.08 0.03 0.07 0.01 0.01 0.02 0.04 0.08 0.01 0.02 0.07 0.06 0.01 0.02 0.62 0.02 0.03 0.01 0.02 0.40 0.11 0.09 0.04
0.00 0.00 0.00 0.00 0.00 0.01 0.01 0.02 0.04 0.07 0.08 0.06 0.04 0.04 0.05 0.08 0.16 0.21 0.26 0.28 0.34 0.29 0.31 0.33 0.34 0.27 0.42 0.73 0.02 0.02 0.02 0.01 0.01 0.01 0.01 0.01 0.01 0.03 0.01 0.01 0.01 0.01 0.01 0.01 0.01 0.01 0.02 0.03 0.04 0.73 1.21 0.07 0.03 0.02 0.04 0.01 0.03 0.07 0.03 0.02 0.02 0.06 0.05 0.05 0.01 0.01 0.02 0.03 0.04 0.01 0.02 0.17 0.01 0.01 1.26 1.16 0.02 0.03 0.02 0.02 0.32 0.09 0.09 0.06
0.00 0.00 0.01 0.01 0.02 0.02 0.02 0.02 0.03 0.05 0.09 0.11 0.12 0.17 0.22 0.31 0.16 0.14 0.10 0.07 0.09 0.18 0.14 0.12 0.19 0.30 0.78 0.02 0.02 0.01 0.01 0.01 0.01 0.02 0.01 0.01 0.01 0.01 0.01 0.01 0.01 0.01 0.02 0.01 0.02 0.02 0.02 0.03 0.61 0.62 1.07 0.07 0.02 0.02 0.02 0.02 0.04 0.05 0.03 0.02 0.02 0.03 0.07 0.02 0.01 0.01 0.02 0.04 0.02 0.01 0.01 0.11 0.01 0.73 1.29 0.02 0.02 0.02 0.02 0.02 0.22 0.15 0.07 0.05
0.00 0.00 0.01 0.01 0.02 0.01 0.02 0.03 0.02 0.02 0.02 0.02 0.02 0.10 0.09 0.01 0.03 0.02 0.02 0.02 0.02 0.01 0.01 0.01 0.03 0.03 0.03 0.01 0.01 0.01 0.01 0.01 0.01 0.03 0.01 0.01 0.01 0.02 0.01 0.01 0.01 0.02 0.03 0.02 0.38 0.52 0.59 0.71 0.58 0.49 0.44 0.11 0.05 0.02 0.01 0.02 0.02 0.02 0.02 0.01 0.02 0.03 0.05 0.02 0.01 0.02 0.02 0.01 0.01 0.02 0.36 0.87 0.98 0.71 0.03 0.02 0.02 0.01 0.02 0.02 0.13 0.34 0.05 0.04
0.00 0.00 0.02 0.03 0.03 0.03 0.04 0.04 0.02 0.02 0.02 0.07 0.10 0.12 0.01 0.02 0.02 0.02 0.01 0.01 0.01 0.01 0.01 0.01 0.02 0.01 0.01 0.01 0.01 0.02 0.01 0.02 0.02 0.04 0.02 0.01 0.01 0.02 0.01 0.01 0.01 0.01 0.02 0.58 0.36 0.16 0.14 0.03 0.02 0.96 0.01 0.17 0.07 0.03 0.02 0.02 0.01 0.01 0.01 0.01 0.02 0.04 0.04 0.01 0.01 0.01 0.01 0.02 0.31 0.36 0.30 0.03 0.80 0.02 0.02 0.02 0.02 0.01 0.02 0.02 0.14 0.10 0.04 0.04
0.00 0.00 0.01 0.01 0.00 0.00 0.00 0.00 0.02 0.03 0.05 0.09 0.02 0.01 0.01 0.02 0.01 0.01 0.01 0.01 0.01 0.02 0.01 0.01 0.01 0.01 0.01 0.02 0.02 0.03 0.02 0.02 0.03 0.06 0.32 0.34 0.01 0.02 0.26 0.28 0.01 0.78 0.50 0.63 0.01 0.02 0.02 0.01 0.04 0.61 0.01 0.10 0.12 0.06 0.02 0.02 0.02 0.01 0.02 0.01 0.01 0.04 0.01 0.01 0.01 0.02 0.25 0.30 0.25 0.18 0.08 0.07 0.77 0.02 0.02 0.02 0.02 0.01 0.01 0.02 0.14 0.06 0.04 0.04
0.00 0.00 0.00 0.00 0.00 0.00 0.00 0.00 0.00 0.01 0.01 0.01 0.01 0.00 0.01 0.01 0.01 0.02 0.01 0.02 0.02 0.03 0.10 0.12 0.01 0.01 0.01 0.02 0.02 0.03 0.27 0.78 0.72 0.33 0.26 0.51 0.56 0.45 0.25 0.54 0.01 0.81 0.03 0.01 0.01 0.01 0.02 0.04 0.04 0.58 0.01 0.01 0.15 0.12 0.02 0.01 0.01 0.01 0.01 0.01 0.01 0.02 0.01 0.03 0.19 0.29 0.29 0.02 0.03 0.06 0.16 0.07 0.51 0.01 0.01 0.02 0.01 0.01 0.01 0.01 0.13 0.09 0.04 0.04
0.00 0.00 0.00 0.00 0.00 0.00 0.00 0.00 0.00 0.00 0.00 0.00 0.00 0.00 0.00 0.01 0.03 0.05 0.05 0.06 0.08 0.18 0.08 0.20 0.20 0.01 0.02 0.02 0.37 0.40 0.41 0.02 0.01 0.01 0.02 0.02 0.02 0.03 0.01 0.55 0.01 0.80 0.03 0.01 0.01 0.01 0.02 0.02 0.02 0.70 0.19 0.01 0.05 0.15 0.14 0.08 0.05 0.01 0.01 0.01 0.01 0.02 0.03 0.03 0.19 0.07 0.03 0.04 0.04 0.05 0.20 0.01 0.39 0.38 0.01 0.01 0.01 0.01 0.01 0.02 0.15 0.13 0.05 0.04
0.00 0.00 0.00 0.00 0.00 0.00 0.00 0.00 0.00 0.00 0.00 0.00 0.00 0.00 0.00 0.00 0.01 0.01 0.02 0.02 0.03 0.02 0.02 0.03 0.24 0.26 0.26 0.27 0.33 0.06 0.02 0.01 0.01 0.01 0.01 0.01 0.03 0.03 0.14 0.69 0.86 1.03 0.02 0.02 0.01 0.01 0.01 0.02 0.02 0.41 0.24 0.01 0.01 0.03 0.07 0.07 0.06 0.04 0.01 0.01 0.01 0.01 0.01 0.19 0.43 0.01 0.01 0.03 0.01 0.05 0.17 0.01 0.02 0.61 0.02 0.01 0.01 0.01 0.01 0.02 0.03 0.19 0.05 0.04
0.00 0.00 0.00 0.00 0.00 0.00 0.00 0.00 0.00 0.00 0.00 0.00 0.00 0.00 0.00 0.00 0.01 0.01 0.01 0.01 0.01 0.02 0.02 0.02 0.03 0.03 0.03 0.02 0.09 0.07 0.02 0.01 0.01 0.01 0.01 0.05 0.03 0.02 0.11 0.09 0.33 0.01 0.01 0.01 0.01 0.01 0.01 0.01 0.01 0.46 0.28 0.45 0.04 0.01 0.01 0.08 0.06 0.05 0.03 0.01 0.01 0.02 0.07 0.41 0.01 0.01 0.01 0.01 0.01 0.16 0.16 0.01 0.01 0.71 0.17 0.04 0.02 0.01 0.01 0.02 0.03 0.08 0.05 0.04
0.00 0.00 0.00 0.00 0.00 0.00 0.00 0.00 0.00 0.00 0.00 0.00 0.00 0.00 0.00 0.00 0.00 0.00 0.00 0.00 0.00 0.01 0.01 0.01 0.02 0.04 0.01 0.02 0.03 0.12 0.02 0.01 0.01 0.02 0.04 0.02 0.01 0.02 0.17 0.01 0.33 0.01 0.01 0.01 0.01 0.02 0.02 0.09 0.08 0.87 0.86 0.27 0.03 0.01 0.01 0.02 0.05 0.03 0.02 0.01 0.01 0.02 0.07 0.22 0.01 0.01 0.01 0.02 0.07 0.20 0.02 0.01 0.01 0.66 0.04 0.08 0.07 0.07 0.05 0.04 0.03 0.04 0.04 0.04
0.00 0.00 0.00 0.00 0.00 0.00 0.00 0.00 0.00 0.00 0.00 0.00 0.00 0.00 0.00 0.00 0.00 0.00 0.00 0.00 0.00 0.00 0.00 0.01 0.01 0.03 0.01 0.02 0.02 0.08 0.03 0.01 0.01 0.01 0.01 0.04 0.15 0.17 0.19 0.01 0.31 0.19 0.02 0.01 0.02 0.01 0.20 0.12 0.28 0.14 0.20 0.61 0.06 0.02 0.01 0.01 0.03 0.02 0.02 0.01 0.01 0.02 0.07 0.17 0.03 0.01 0.01 0.01 0.05 0.19 0.02 0.01 0.01 0.64 0.19 0.01 0.02 0.03 0.04 0.03 0.02 0.03 0.04 0.03
0.00 0.00 0.00 0.00 0.00 0.00 0.00 0.00 0.00 0.00 0.00 0.00 0.00 0.00 0.00 0.00 0.00 0.00 0.00 0.00 0.00 0.00 0.00 0.00 0.01 0.02 0.01 0.01 0.02 0.05 0.05 0.01 0.01 0.02 0.05 0.03 0.13 0.02 0.01 0.02 0.15 0.20 0.02 0.01 0.02 0.26 0.20 0.01 0.02 0.02 0.21 0.38 0.07 0.13 0.11 0.02 0.01 0.01 0.01 0.01 0.02 0.02 0.17 0.15 0.01 0.01 0.01 0.16 0.18 0.11 0.01 0.01 0.29 0.25 0.15 0.10 0.07 0.06 0.03 0.03 0.02 0.03 0.06 0.02
0.00 0.00 0.00 0.00 0.00 0.00 0.00 0.00 0.00 0.00 0.00 0.00 0.00 0.00 0.00 0.00 0.00 0.00 0.00 0.00 0.00 0.00 0.00 0.00 0.00 0.01 0.01 0.01 0.02 0.03 0.14 0.01 0.02 0.02 0.03 0.09 0.08 0.01 0.01 0.01 0.29 0.02 0.01 0.01 0.01 0.24 0.02 0.01 0.01 0.02 0.31 0.24 0.02 0.01 0.10 0.09 0.05 0.01 0.01 0.02 0.02 0.02 0.22 0.02 0.01 0.03 0.09 0.15 0.02 0.02 0.01 0.01 0.29 0.05 0.16 0.04 0.05 0.04 0.03 0.03 0.02 0.01 0.03 0.02
0.00 0.00 0.00 0.00 0.00 0.00 0.00 0.00 0.00 0.00 0.00 0.00 0.00 0.00 0.00 0.00 0.00 0.00 0.00 0.00 0.00 0.00 0.00 0.00 0.00 0.00 0.00 0.01 0.01 0.02 0.04 0.01 0.02 0.03 0.03 0.06 0.01 0.01 0.01 0.24 0.29 0.01 0.01 0.01 0.20 0.24 0.02 0.01 0.01 0.02 0.20 0.44 0.01 0.01 0.01 0.02 0.11 0.02 0.01 0.01 0.04 0.14 0.20 0.01 0.02 0.02 0.12 0.02 0.02 0.01 0.01 0.17 0.26 0.07 0.11 0.05 0.04 0.04 0.03 0.03 0.02 0.02 0.02 0.02
0.00 0.00 0.00 0.00 0.00 0.00 0.00 0.00 0.00 0.00 0.00 0.00 0.00 0.00 0.00 0.00 0.00 0.00 0.00 0.00 0.00 0.00 0.00 0.00 0.00 0.00 0.00 0.01 0.01 0.02 0.03 0.01 0.01 0.02 0.02 0.02 0.01 0.01 0.21 0.23 0.01 0.01 0.01 0.01 0.20 0.03 0.02 0.01 0.01 0.01 0.26 0.31 0.05 0.02 0.01 0.02 0.02 0.02 0.01 0.02 0.06 0.07 0.08 0.01 0.02 0.05 0.08 0.01 0.01 0.02 0.15 0.10 0.14 0.13 0.05 0.04 0.04 0.03 0.03 0.03 0.03 0.02 0.02 0.01
0.00 0.00 0.00 0.00 0.00 0.00 0.00 0.00 0.00 0.00 0.00 0.00 0.00 0.00 0.00 0.00 0.00 0.00 0.00 0.00 0.00 0.00 0.00 0.00 0.00 0.00 0.00 0.00 0.01 0.02 0.01 0.01 0.01 0.01 0.01 0.01 0.04 0.23 0.20 0.02 0.01 0.01 0.01 0.09 0.15 0.02 0.02 0.01 0.01 0.01 0.37 0.18 0.05 0.01 0.01 0.01 0.01 0.01 0.01 0.02 0.07 0.06 0.05 0.02 0.02 0.02 0.02 0.01 0.01 0.05 0.13 0.04 0.01 0.32 0.02 0.04 0.04 0.03 0.03 0.03 0.02 0.02 0.01 0.01
0.00 0.00 0.00 0.00 0.00 0.00 0.00 0.00 0.00 0.00 0.00 0.00 0.00 0.00 0.00 0.00 0.00 0.00 0.00 0.00 0.00 0.00 0.00 0.00 0.00 0.00 0.00 0.00 0.00 0.01 0.01 0.01 0.02 0.09 0.13 0.18 0.07 0.21 0.02 0.01 0.01 0.01 0.12 0.08 0.12 0.02 0.02 0.01 0.01 0.01 0.24 0.22 0.09 0.02 0.02 0.01 0.01 0.01 0.01 0.01 0.09 0.03 0.02 0.02 0.02 0.02 0.01 0.01 0.01 0.07 0.05 0.05 0.01 0.18 0.13 0.04 0.04 0.03 0.03 0.03 0.02 0.02 0.01 0.01
0.00 0.00 0.00 0.00 0.00 0.00 0.00 0.00 0.00 0.00 0.00 0.00 0.00 0.00 0.00 0.00 0.00 0.00 0.00 0.00 0.00 0.00 0.00 0.00 0.00 0.00 0.00 0.00 0.00 0.01 0.01 0.02 0.05 0.22 0.01 0.01 0.10 0.11 0.02 0.01 0.01 0.06 0.12 0.01 0.06 0.02 0.01 0.01 0.01 0.04 0.36 0.10 0.10 0.23 0.10 0.03 0.02 0.01 0.01 0.01 0.19 0.00 0.02 0.01 0.01 0.01 0.01 0.01 0.07 0.11 0.01 0.02 0.02 0.15 0.06 0.04 0.03 0.03 0.03 0.02 0.02 0.01 0.01 0.02
0.00 0.00 0.00 0.00 0.00 0.00 0.00 0.00 0.00 0.00 0.00 0.00 0.00 0.00 0.00 0.00 0.00 0.00 0.00 0.00 0.00 0.00 0.00 0.00 0.00 0.00 0.00 0.00 0.00 0.01 0.02 0.03 0.05 0.05 0.01 0.02 0.04 0.02 0.02 0.01 0.02 0.05 0.05 0.01 0.04 0.01 0.01 0.01 0.04 0.11 0.29 0.04 0.02 0.08 0.09 0.16 0.10 0.02 0.01 0.01 0.19 0.01 0.01 0.01 0.01 0.02 0.02 0.08 0.06 0.05 0.01 0.02 0.02 0.12 0.06 0.04 0.04 0.03 0.02 0.02 0.01 0.01 0.01 0.01
0.00 0.00 0.00 0.00 0.00 0.00 0.00 0.00 0.00 0.00 0.00 0.00 0.00 0.00 0.00 0.00 0.00 0.00 0.00 0.00 0.00 0.00 0.00 0.00 0.00 0.00 0.00 0.00 0.00 0.01 0.01 0.01 0.04 0.03 0.01 0.01 0.02 0.01 0.01 0.01 0.02 0.03 0.04 0.01 0.02 0.01 0.01 0.05 0.05 0.06 0.27 0.04 0.03 0.03 0.02 0.01 0.08 0.08 0.08 0.01 0.18 0.01 0.01 0.01 0.01 0.01 0.02 0.04 0.01 0.02 0.01 0.01 0.02 0.09 0.06 0.04 0.04 0.03 0.03 0.02 0.01 0.01 0.01 0.01
0.00 0.00 0.00 0.00 0.00 0.00 0.00 0.00 0.00 0.00 0.00 0.00 0.00 0.00 0.00 0.00 0.00 0.00 0.00 0.00 0.00 0.00 0.00 0.00 0.00 0.00 0.00 0.00 0.00 0.00 0.01 0.01 0.02 0.02 0.01 0.01 0.01 0.01 0.01 0.01 0.02 0.02 0.03 0.01 0.01 0.01 0.11 0.07 0.05 0.07 0.22 0.05 0.03 0.03 0.02 0.01 0.02 0.03 0.07 0.01 0.17 0.01 0.01 0.00 0.01 0.02 0.02 0.01 0.02 0.01 0.00 0.01 0.02 0.06 0.04 0.04 0.04 0.03 0.02 0.01 0.01 0.01 0.01 0.00
0.00 0.00 0.00 0.00 0.00 0.00 0.00 0.00 0.00 0.00 0.00 0.00 0.00 0.00 0.00 0.00 0.00 0.00 0.00 0.00 0.00 0.00 0.00 0.00 0.00 0.00 0.00 0.00 0.00 0.00 0.00 0.01 0.01 0.01 0.00 0.00 0.00 0.00 0.00 0.01 0.01 0.01 0.01 0.01 0.01 0.01 0.10 0.01 0.02 0.06 0.19 0.05 0.03 0.02 0.02 0.01 0.01 0.01 0.02 0.01 0.16 0.01 0.01 0.00 0.00 0.00 0.00 0.00 0.00 0.00 0.00 0.01 0.02 0.04 0.04 0.04 0.04 0.03 0.02 0.02 0.02 0.01 0.00 0.00
0.00 0.00 0.00 0.00 0.00 0.00 0.00 0.00 0.00 0.00 0.00 0.00 0.00 0.00 0.00 0.00 0.00 0.00 0.00 0.00 0.00 0.00 0.00 0.00 0.00 0.00 0.00 0.00 0.00 0.00 0.00 0.00 0.00 0.00 0.00 0.00 0.00 0.00 0.00 0.00 0.00 0.00 0.01 0.01 0.02 0.06 0.07 0.01 0.02 0.05 0.18 0.08 0.04 0.02 0.01 0.01 0.01 0.01 0.01 0.02 0.15 0.13 0.08 0.00 0.00 0.00 0.00 0.00 0.00 0.00 0.00 0.01 0.02 0.03 0.02 0.03 0.04 0.03 0.02 0.02 0.01 0.00 0.00 0.00
0.00 0.00 0.00 0.00 0.00 0.00 0.00 0.00 0.00 0.00 0.00 0.00 0.00 0.00 0.00 0.00 0.00 0.00 0.00 0.00 0.00 0.00 0.00 0.00 0.00 0.00 0.00 0.00 0.00 0.00 0.00 0.00 0.00 0.00 0.00 0.00 0.00 0.00 0.00 0.00 0.00 0.00 0.01 0.02 0.02 0.04 0.02 0.01 0.02 0.05 0.15 0.08 0.04 0.03 0.02 0.02 0.01 0.01 0.01 0.02 0.01 0.06 0.07 0.00 0.00 0.00 0.00 0.00 0.00 0.00 0.00 0.00 0.01 0.01 0.01 0.01 0.04 0.03 0.02 0.00 0.00 0.00 0.00 0.00
0.00 0.00 0.00 0.00 0.00 0.00 0.00 0.00 0.00 0.00 0.00 0.00 0.00 0.00 0.00 0.00 0.00 0.00 0.00 0.00 0.00 0.00 0.00 0.00 0.00 0.00 0.00 0.00 0.00 0.00 0.00 0.00 0.00 0.00 0.00 0.00 0.00 0.00 0.00 0.00 0.00 0.00 0.00 0.00 0.01 0.01 0.01 0.02 0.03 0.06 0.10 0.07 0.03 0.02 0.02 0.01 0.01 0.00 0.01 0.02 0.03 0.07 0.01 0.00 0.00 0.00 0.00 0.00 0.00 0.00 0.00 0.00 0.00 0.00 0.00 0.00 0.00 0.00 0.00 0.00 0.00 0.00 0.00 0.00
