NEW_versions/Scripts/Results/Iao_50m/MaxFloodMaps/Iao_50m_2.asc
NCOLS 111
NROWS 84
XLLCENTER 750508.350000
YLLCENTER 2308429.860000
CELLSIZE 50.000000
NODATA_value -99999.000000
[rows 38 to 75 of 84, columns 0 to 83 of 111]
0.00 0.00 0.00 0.00 0.00 0.01 0.01 0.01 0.02 0.02 0.03 0.03 0.04 0.11 0.07 0.04 0.03 0.02 0.02 0.02 0.08 0.05 0.03 0.03 0.03 0.02 0.02 0.01 0.01 0.01 0.10 0.12 0.18 0.17 0.21 0.24 0.17 0.12 0.05 2.12 1.12 1.30 1.93 1.70 1.09 1.40 1.23 2.37 2.00 1.90 1.91 0.02 0.03 0.04 0.05 0.05 0.03 0.03 0.03 2.51 3.45 3.08 2.21 2.34 0.03 0.02 0.02 0.03 0.02 0.01 0.04 0.08 0.12 0.07 0.04 0.02 0.17 0.23 0.14 0.16 0.02 0.02 0.03 0.03
0.00 0.00 0.00 0.00 0.00 0.00 0.01 0.01 0.01 0.02 0.03 0.03 0.03 0.05 0.03 0.02 0.02 0.01 0.01 0.01 0.07 0.01 0.01 0.01 0.01 0.02 0.09 0.20 0.29 0.28 0.17 0.16 0.18 0.03 0.01 0.03 0.03 0.03 0.04 0.03 0.03 0.05 0.03 0.03 0.04 0.05 0.02 0.04 0.03 0.03 1.93 2.15 2.89 2.64 1.91 0.86 1.78 1.79 1.77 2.28 0.01 0.02 0.04 3.11 3.05 2.84 0.04 0.04 0.02 0.01 0.03 0.06 0.11 0.12 0.04 0.01 0.02 0.02 0.13 0.21 0.23 0.11 0.07 0.05
0.00 0.00 0.00 0.00 0.00 0.00 0.01 0.01 0.01 0.02 0.03 0.05 0.03 0.02 0.02 0.02 0.02 0.04 0.07 0.09 0.06 0.07 0.13 0.10 0.16 0.19 0.15 0.12 0.07 0.03 0.02 0.03 0.06 0.02 0.02 0.03 0.02 0.02 0.03 0.01 0.03 0.06 0.01 0.02 0.02 0.03 0.02 0.05 0.05 0.04 0.03 0.03 0.04 0.04 0.58 1.05 1.08 0.02 0.03 0.02 0.01 0.01 0.02 0.03 0.05 2.82 2.96 2.66 0.04 0.02 0.02 0.04 0.09 0.15 0.03 0.02 0.01 0.01 0.01 0.01 0.12 0.13 0.14 0.10
0.00 0.00 0.00 0.00 0.00 0.00 0.01 0.02 0.02 0.03 0.03 0.05 0.01 0.01 0.02 0.03 0.04 0.03 0.03 0.03 0.04 0.04 0.05 0.04 0.03 0.03 0.06 0.06 0.03 0.01 0.02 0.02 0.05 0.02 0.01 0.02 0.01 0.02 0.01 0.02 0.03 0.04 0.01 0.02 0.03 0.02 0.04 0.15 0.01 0.02 0.03 0.03 0.03 0.04 0.02 0.01 0.01 0.02 0.02 0.02 0.02 0.02 0.01 0.04 0.04 0.03 0.03 2.25 2.20 1.59 1.49 0.02 0.04 0.15 0.10 0.01 0.01 0.02 0.02 0.01 0.07 0.10 0.09 0.09
0.00 0.00 0.00 0.00 0.00 0.00 0.02 0.02 0.02 0.01 0.02 0.03 0.01 0.01 0.02 0.02 0.02 0.02 0.02 0.02 0.03 0.04 0.02 0.03 0.01 0.02 0.06 0.02 0.04 0.01 0.02 0.02 0.03 0.02 0.01 0.01 0.01 0.01 0.01 0.01 0.02 0.02 0.02 0.01 0.01 0.02 0.05 0.01 0.01 0.01 0.02 0.02 0.02 0.02 0.01 0.02 0.02 0.02 0.02 0.02 0.08 0.12 0.12 0.08 0.04 0.03 0.02 0.02 0.02 1.72 2.85 0.02 0.02 0.05 0.11 0.05 0.04 0.04 1.43 2.90 2.24 2.02 0.05 4.81
0.00 0.00 0.00 0.00 0.00 0.00 0.00 0.02 0.03 0.02 0.02 0.02 0.01 0.01 0.01 0.01 0.02 0.01 0.01 0.02 0.02 0.02 0.01 0.01 0.01 0.03 0.04 0.01 0.02 0.01 0.01 0.01 0.01 0.01 0.01 0.02 0.02 0.01 0.01 0.01 0.01 0.01 0.01 0.01 0.02 0.01 0.01 0.02 0.01 0.01 0.01 0.01 0.01 0.02 0.03 0.03 0.03 0.04 0.11 0.12 0.10 0.07 0.06 0.03 0.03 0.03 0.02 0.02 0.01 0.03 2.89 3.01 0.05 0.06 0.05 0.05 3.72 3.16 1.84 0.89 0.41 3.84 4.34 4.46
0.00 0.00 0.00 0.00 0.00 0.00 0.00 0.02 0.02 0.02 0.02 0.02 0.03 0.01 0.01 0.01 0.01 0.01 0.01 0.01 0.01 0.01 0.01 0.01 0.01 0.03 0.01 0.01 0.01 0.01 0.02 0.01 0.02 0.02 0.02 0.03 0.03 0.02 0.02 0.02 0.02 0.02 0.01 0.02 0.02 0.03 0.02 0.03 0.03 0.02 0.02 0.02 0.02 0.02 0.06 0.09 0.14 0.10 0.08 0.04 0.03 0.03 0.05 0.07 0.03 0.06 0.11 0.01 0.02 0.04 0.05 3.41 3.01 2.67 0.03 4.21 4.03 0.02 0.01 0.01 2.38 2.54 0.15 0.03
0.00 0.00 0.00 0.00 0.00 0.00 0.00 0.02 0.02 0.03 0.03 0.03 0.04 0.02 0.02 0.02 0.02 0.02 0.03 0.02 0.02 0.02 0.03 0.04 0.01 0.01 0.01 0.01 0.02 0.02 0.04 0.04 0.02 0.02 0.03 0.03 0.03 0.04 0.03 0.03 0.02 0.02 0.02 0.02 0.03 0.03 0.03 0.04 0.06 0.08 0.02 0.03 0.03 0.03 0.02 0.03 0.02 0.06 0.04 0.03 0.03 0.07 0.11 0.09 0.08 0.05 0.09 0.14 0.09 0.06 0.05 0.03 0.03 1.67 3.17 4.33 0.01 0.01 0.01 3.25 3.07 0.04 0.22 0.06
0.00 0.00 0.00 0.00 0.00 0.00 0.00 0.02 0.02 0.03 0.03 0.03 0.04 0.03 0.03 0.02 0.02 0.02 0.02 0.03 0.03 0.04 0.03 0.05 0.03 0.02 0.01 0.02 0.02 0.02 0.03 0.04 0.04 0.02 0.03 0.03 0.04 0.04 0.04 0.91 0.75 0.84 0.97 0.92 0.64 0.69 0.77 0.80 0.92 1.00 0.99 0.02 0.03 0.04 0.01 0.02 0.02 0.01 0.02 0.03 0.03 0.02 0.02 0.05 0.07 0.08 0.01 0.01 0.01 0.02 0.01 0.01 0.01 0.01 0.01 0.01 0.01 0.01 2.38 3.31 0.06 0.07 0.18 0.07
0.00 0.00 0.00 0.00 0.00 0.00 0.00 0.02 0.03 0.03 0.04 0.05 0.05 0.04 0.02 0.03 0.03 0.02 0.02 0.03 0.05 0.07 0.12 0.15 0.15 0.12 0.01 0.02 0.03 0.03 0.04 0.05 0.07 0.05 0.05 0.05 0.77 0.96 1.17 1.33 0.01 0.03 0.05 0.04 0.54 0.39 0.23 0.15 0.05 0.03 0.88 0.88 0.79 1.00 1.01 0.01 0.03 0.02 0.02 1.06 1.14 0.02 0.02 1.45 1.99 1.92 1.97 0.01 0.03 0.02 0.01 0.02 0.02 0.02 0.03 3.70 3.28 2.23 2.28 0.16 0.15 0.09 0.14 0.06
0.00 0.00 0.00 0.00 0.00 0.00 0.02 0.02 0.03 0.04 0.05 0.07 0.15 0.13 0.07 0.04 0.09 0.12 0.03 0.01 0.01 0.01 0.01 0.02 0.09 0.19 0.22 0.21 0.15 0.13 0.08 0.78 0.64 0.76 0.77 1.19 0.96 0.05 0.01 0.04 0.01 0.02 0.03 0.02 0.02 0.02 0.02 0.02 0.02 0.01 0.01 0.01 0.01 0.01 1.01 0.97 0.92 1.92 2.16 1.22 2.00 1.79 2.10 2.46 0.01 0.02 2.34 1.87 2.36 2.30 2.78 2.05 2.12 2.19 2.71 2.48 0.02 0.17 0.12 0.21 0.28 0.07 0.05 0.06
0.00 0.00 0.00 0.00 0.00 0.00 0.01 0.03 0.12 0.32 0.01 0.01 0.02 0.10 0.14 0.08 0.05 0.12 0.24 0.26 0.01 0.02 0.02 0.01 0.01 0.02 0.01 0.01 0.07 0.69 1.26 0.67 0.02 0.01 0.02 0.05 0.03 0.04 0.01 0.04 0.01 0.02 0.01 0.01 0.01 0.01 0.04 0.04 0.03 0.02 0.02 0.02 0.05 0.02 0.01 0.01 0.01 1.12 1.29 0.01 0.02 0.08 0.10 0.06 0.02 0.01 0.02 0.02 0.09 0.02 0.02 0.11 0.21 0.01 0.01 0.64 0.02 0.04 0.01 0.37 0.31 0.07 0.02 0.05
0.00 0.00 0.00 0.00 0.00 0.00 0.01 0.04 0.06 0.28 0.01 0.01 0.01 0.01 0.07 0.08 0.09 0.05 0.03 0.15 0.11 0.10 0.09 0.14 0.01 0.01 0.02 0.59 0.65 0.66 0.03 0.02 0.02 0.01 0.02 0.03 0.02 0.04 0.02 0.02 0.01 0.01 0.02 0.03 0.04 0.06 0.04 0.06 0.06 0.05 2.11 1.77 1.22 1.39 1.42 2.03 1.63 1.59 0.03 0.02 0.02 0.09 0.04 0.09 0.01 0.01 0.02 0.05 0.09 0.02 0.02 0.10 0.09 0.01 0.02 0.73 0.02 0.04 0.02 0.03 0.48 0.13 0.10 0.05
0.00 0.00 0.00 0.00 0.00 0.01 0.01 0.02 0.05 0.09 0.09 0.07 0.05 0.05 0.06 0.09 0.20 0.26 0.31 0.33 0.41 0.34 0.37 0.39 0.41 0.32 0.50 0.87 0.02 0.02 0.02 0.01 0.01 0.01 0.02 0.02 0.02 0.03 0.01 0.02 0.01 0.01 0.01 0.01 0.01 0.01 0.02 0.03 0.05 0.88 1.47 0.08 0.03 0.02 0.04 0.02 0.04 0.09 0.04 0.02 0.02 0.07 0.06 0.05 0.01 0.02 0.02 0.03 0.05 0.02 0.02 0.25 0.02 0.01 1.48 1.35 0.03 0.04 0.02 0.02 0.39 0.11 0.11 0.07
0.00 0.00 0.01 0.01 0.02 0.03 0.02 0.03 0.03 0.06 0.11 0.14 0.14 0.20 0.26 0.37 0.19 0.17 0.12 0.09 0.11 0.21 0.17 0.15 0.23 0.36 0.91 0.03 0.02 0.02 0.01 0.01 0.01 0.02 0.01 0.01 0.01 0.01 0.01 0.01 0.02 0.02 0.02 0.02 0.02 0.02 0.02 0.03 0.73 0.74 1.28 0.08 0.02 0.02 0.02 0.03 0.05 0.06 0.04 0.03 0.02 0.04 0.09 0.02 0.01 0.01 0.02 0.04 0.02 0.02 0.01 0.17 0.01 0.87 1.52 0.03 0.03 0.03 0.02 0.02 0.26 0.18 0.08 0.06
0.00 0.00 0.01 0.01 0.02 0.01 0.02 0.03 0.03 0.03 0.03 0.02 0.02 0.12 0.10 0.02 0.03 0.03 0.02 0.02 0.02 0.02 0.01 0.02 0.03 0.04 0.04 0.01 0.01 0.01 0.01 0.01 0.02 0.04 0.02 0.02 0.01 0.02 0.01 0.01 0.02 0.02 0.03 0.02 0.45 0.62 0.71 0.85 0.70 0.59 0.53 0.13 0.05 0.02 0.01 0.02 0.02 0.02 0.03 0.02 0.02 0.04 0.06 0.02 0.01 0.02 0.02 0.02 0.02 0.02 0.43 1.01 1.15 0.85 0.03 0.03 0.03 0.02 0.02 0.02 0.15 0.41 0.06 0.05
0.00 0.00 0.02 0.03 0.03 0.04 0.05 0.04 0.03 0.02 0.02 0.08 0.12 0.14 0.01 0.03 0.02 0.02 0.02 0.02 0.01 0.01 0.01 0.01 0.03 0.02 0.01 0.01 0.02 0.02 0.02 0.02 0.02 0.05 0.02 0.02 0.01 0.03 0.01 0.01 0.01 0.01 0.02 0.70 0.44 0.20 0.17 0.04 0.02 1.14 0.02 0.20 0.09 0.04 0.02 0.02 0.01 0.01 0.01 0.01 0.02 0.05 0.05 0.01 0.01 0.01 0.01 0.02 0.38 0.43 0.37 0.04 0.96 0.03 0.03 0.03 0.03 0.01 0.02 0.02 0.17 0.12 0.05 0.05
0.00 0.00 0.01 0.01 0.00 0.00 0.00 0.00 0.03 0.04 0.06 0.11 0.02 0.01 0.02 0.02 0.01 0.01 0.01 0.01 0.02 0.02 0.01 0.02 0.01 0.01 0.02 0.02 0.02 0.03 0.02 0.03 0.03 0.08 0.39 0.41 0.01 0.02 0.31 0.33 0.01 0.93 0.60 0.76 0.01 0.02 0.02 0.02 0.05 0.73 0.01 0.12 0.14 0.07 0.02 0.02 0.02 0.01 0.02 0.01 0.02 0.05 0.01 0.01 0.01 0.02 0.30 0.37 0.30 0.22 0.09 0.08 0.93 0.02 0.03 0.03 0.02 0.02 0.02 0.02 0.16 0.08 0.05 0.05
0.00 0.00 0.00 0.00 0.00 0.00 0.00 0.00 0.00 0.01 0.01 0.01 0.01 0.00 0.01 0.01 0.02 0.02 0.02 0.02 0.02 0.04 0.12 0.14 0.01 0.01 0.02 0.02 0.03 0.04 0.33 0.93 0.85 0.39 0.31 0.61 0.67 0.54 0.30 0.65 0.01 0.97 0.03 0.02 0.01 0.01 0.02 0.04 0.05 0.70 0.01 0.01 0.18 0.14 0.03 0.01 0.01 0.01 0.02 0.01 0.01 0.02 0.01 0.03 0.23 0.34 0.35 0.02 0.03 0.07 0.19 0.09 0.61 0.01 0.01 0.02 0.02 0.01 0.01 0.02 0.15 0.11 0.05 0.05
0.00 0.00 0.00 0.00 0.00 0.00 0.00 0.00 0.00 0.00 0.00 0.00 0.00 0.00 0.00 0.01 0.03 0.06 0.06 0.07 0.09 0.22 0.10 0.24 0.24 0.02 0.03 0.03 0.44 0.48 0.49 0.02 0.02 0.02 0.02 0.02 0.03 0.04 0.01 0.67 0.01 0.97 0.03 0.02 0.01 0.01 0.02 0.02 0.02 0.84 0.24 0.01 0.06 0.18 0.17 0.09 0.06 0.01 0.01 0.01 0.01 0.02 0.04 0.03 0.22 0.09 0.04 0.05 0.05 0.06 0.24 0.01 0.47 0.46 0.01 0.01 0.01 0.01 0.01 0.02 0.18 0.16 0.06 0.05
0.00 0.00 0.00 0.00 0.00 0.00 0.00 0.00 0.00 0.00 0.00 0.00 0.00 0.00 0.00 0.00 0.01 0.02 0.02 0.03 0.03 0.02 0.03 0.04 0.29 0.31 0.31 0.32 0.39 0.08 0.02 0.02 0.01 0.02 0.02 0.02 0.03 0.04 0.17 0.84 1.04 1.23 0.02 0.02 0.01 0.02 0.02 0.02 0.02 0.49 0.31 0.02 0.01 0.03 0.09 0.08 0.07 0.04 0.02 0.01 0.01 0.01 0.01 0.23 0.51 0.01 0.02 0.03 0.02 0.07 0.20 0.01 0.02 0.73 0.02 0.01 0.01 0.01 0.01 0.03 0.04 0.23 0.06 0.05
0.00 0.00 0.00 0.00 0.00 0.00 0.00 0.00 0.00 0.00 0.00 0.00 0.00 0.00 0.00 0.00 0.01 0.01 0.01 0.01 0.01 0.02 0.03 0.02 0.03 0.04 0.03 0.03 0.10 0.09 0.02 0.01 0.02 0.01 0.01 0.06 0.04 0.02 0.14 0.11 0.40 0.02 0.02 0.01 0.01 0.01 0.01 0.01 0.01 0.54 0.35 0.54 0.05 0.01 0.02 0.09 0.07 0.05 0.03 0.01 0.01 0.02 0.08 0.49 0.02 0.01 0.01 0.01 0.01 0.19 0.19 0.01 0.02 0.85 0.21 0.04 0.03 0.01 0.01 0.02 0.03 0.10 0.06 0.05
0.00 0.00 0.00 0.00 0.00 0.00 0.00 0.00 0.00 0.00 0.00 0.00 0.00 0.00 0.00 0.00 0.00 0.00 0.00 0.00 0.00 0.01 0.01 0.02 0.02 0.05 0.02 0.02 0.04 0.14 0.03 0.01 0.01 0.03 0.05 0.03 0.01 0.02 0.20 0.01 0.39 0.01 0.01 0.01 0.01 0.03 0.02 0.11 0.10 1.00 0.99 0.33 0.03 0.01 0.01 0.02 0.06 0.03 0.02 0.01 0.01 0.02 0.08 0.27 0.01 0.01 0.01 0.03 0.09 0.24 0.03 0.01 0.02 0.79 0.05 0.09 0.08 0.08 0.06 0.04 0.03 0.05 0.05 0.04
0.00 0.00 0.00 0.00 0.00 0.00 0.00 0.00 0.00 0.00 0.00 0.00 0.00 0.00 0.00 0.00 0.00 0.00 0.00 0.00 0.00 0.00 0.00 0.01 0.02 0.04 0.01 0.02 0.03 0.10 0.03 0.01 0.01 0.01 0.01 0.05 0.18 0.20 0.23 0.01 0.38 0.23 0.03 0.01 0.02 0.01 0.25 0.15 0.33 0.16 0.25 0.73 0.07 0.02 0.01 0.01 0.03 0.03 0.02 0.01 0.01 0.02 0.09 0.21 0.03 0.01 0.01 0.01 0.06 0.22 0.02 0.01 0.01 0.77 0.23 0.02 0.02 0.03 0.04 0.04 0.03 0.03 0.05 0.03
0.00 0.00 0.00 0.00 0.00 0.00 0.00 0.00 0.00 0.00 0.00 0.00 0.00 0.00 0.00 0.00 0.00 0.00 0.00 0.00 0.00 0.00 0.00 0.00 0.01 0.02 0.02 0.02 0.02 0.06 0.06 0.01 0.01 0.03 0.05 0.03 0.15 0.02 0.01 0.02 0.18 0.24 0.02 0.01 0.02 0.31 0.24 0.01 0.02 0.02 0.25 0.45 0.09 0.16 0.13 0.02 0.02 0.02 0.01 0.01 0.03 0.03 0.21 0.18 0.01 0.01 0.02 0.19 0.22 0.13 0.01 0.01 0.35 0.30 0.18 0.12 0.09 0.07 0.04 0.03 0.03 0.03 0.07 0.03
0.00 0.00 0.00 0.00 0.00 0.00 0.00 0.00 0.00 0.00 0.00 0.00 0.00 0.00 0.00 0.00 0.00 0.00 0.00 0.00 0.00 0.00 0.00 0.00 0.00 0.01 0.01 0.01 0.02 0.04 0.17 0.01 0.02 0.02 0.03 0.11 0.09 0.02 0.01 0.01 0.35 0.02 0.01 0.01 0.01 0.29 0.02 0.01 0.01 0.03 0.37 0.29 0.02 0.01 0.12 0.11 0.06 0.02 0.01 0.02 0.02 0.02 0.27 0.02 0.01 0.04 0.11 0.18 0.03 0.02 0.01 0.02 0.35 0.05 0.19 0.05 0.05 0.04 0.04 0.03 0.02 0.01 0.04 0.02
0.00 0.00 0.00 0.00 0.00 0.00 0.00 0.00 0.00 0.00 0.00 0.00 0.00 0.00 0.00 0.00 0.00 0.00 0.00 0.00 0.00 0.00 0.00 0.00 0.00 0.00 0.00 0.01 0.01 0.03 0.05 0.01 0.02 0.04 0.04 0.07 0.01 0.01 0.01 0.28 0.35 0.02 0.01 0.01 0.25 0.28 0.02 0.01 0.01 0.02 0.24 0.53 0.01 0.01 0.01 0.03 0.14 0.02 0.01 0.02 0.05 0.17 0.25 0.01 0.02 0.02 0.15 0.03 0.03 0.02 0.01 0.20 0.31 0.09 0.14 0.06 0.05 0.04 0.04 0.03 0.03 0.02 0.02 0.02
0.00 0.00 0.00 0.00 0.00 0.00 0.00 0.00 0.00 0.00 0.00 0.00 0.00 0.00 0.00 0.00 0.00 0.00 0.00 0.00 0.00 0.00 0.00 0.00 0.00 0.00 0.00 0.01 0.01 0.03 0.04 0.01 0.01 0.02 0.02 0.03 0.01 0.01 0.25 0.28 0.02 0.01 0.01 0.02 0.24 0.04 0.02 0.01 0.02 0.02 0.31 0.38 0.05 0.03 0.01 0.03 0.02 0.02 0.01 0.02 0.07 0.08 0.09 0.01 0.02 0.06 0.09 0.02 0.01 0.02 0.17 0.12 0.17 0.16 0.06 0.05 0.05 0.04 0.04 0.03 0.03 0.03 0.02 0.02
0.00 0.00 0.00 0.00 0.00 0.00 0.00 0.00 0.00 0.00 0.00 0.00 0.00 0.00 0.00 0.00 0.00 0.00 0.00 0.00 0.00 0.00 0.00 0.00 0.00 0.00 0.00 0.00 0.01 0.02 0.01 0.01 0.01 0.01 0.01 0.01 0.05 0.28 0.24 0.02 0.01 0.01 0.01 0.11 0.18 0.03 0.02 0.01 0.01 0.01 0.44 0.22 0.06 0.01 0.01 0.01 0.01 0.01 0.01 0.02 0.08 0.07 0.07 0.02 0.02 0.03 0.02 0.01 0.01 0.06 0.16 0.05 0.01 0.38 0.03 0.04 0.04 0.04 0.04 0.03 0.03 0.02 0.01 0.01
0.00 0.00 0.00 0.00 0.00 0.00 0.00 0.00 0.00 0.00 0.00 0.00 0.00 0.00 0.00 0.00 0.00 0.00 0.00 0.00 0.00 0.00 0.00 0.00 0.00 0.00 0.00 0.00 0.00 0.01 0.01 0.01 0.02 0.10 0.16 0.22 0.08 0.25 0.03 0.01 0.01 0.01 0.14 0.10 0.14 0.02 0.02 0.01 0.01 0.02 0.29 0.26 0.11 0.03 0.02 0.01 0.01 0.01 0.01 0.01 0.11 0.03 0.03 0.02 0.02 0.02 0.01 0.01 0.01 0.09 0.06 0.06 0.02 0.22 0.15 0.05 0.04 0.04 0.03 0.03 0.02 0.02 0.01 0.01
0.00 0.00 0.00 0.00 0.00 0.00 0.00 0.00 0.00 0.00 0.00 0.00 0.00 0.00 0.00 0.00 0.00 0.00 0.00 0.00 0.00 0.00 0.00 0.00 0.00 0.00 0.00 0.00 0.00 0.01 0.01 0.02 0.06 0.27 0.01 0.02 0.12 0.14 0.02 0.01 0.02 0.07 0.15 0.01 0.07 0.02 0.01 0.01 0.01 0.05 0.43 0.12 0.12 0.28 0.12 0.03 0.02 0.02 0.02 0.01 0.23 0.01 0.02 0.01 0.02 0.01 0.01 0.02 0.08 0.13 0.01 0.02 0.02 0.19 0.07 0.05 0.04 0.04 0.03 0.03 0.02 0.02 0.02 0.02
0.00 0.00 0.00 0.00 0.00 0.00 0.00 0.00 0.00 0.00 0.00 0.00 0.00 0.00 0.00 0.00 0.00 0.00 0.00 0.00 0.00 0.00 0.00 0.00 0.00 0.00 0.00 0.00 0.00 0.01 0.03 0.03 0.06 0.06 0.01 0.02 0.05 0.03 0.02 0.01 0.02 0.06 0.06 0.02 0.04 0.02 0.01 0.02 0.05 0.13 0.35 0.04 0.02 0.09 0.10 0.19 0.12 0.02 0.02 0.01 0.23 0.01 0.01 0.01 0.01 0.02 0.03 0.10 0.07 0.06 0.01 0.02 0.03 0.14 0.07 0.05 0.04 0.03 0.03 0.02 0.02 0.01 0.01 0.01
0.00 0.00 0.00 0.00 0.00 0.00 0.00 0.00 0.00 0.00 0.00 0.00 0.00 0.00 0.00 0.00 0.00 0.00 0.00 0.00 0.00 0.00 0.00 0.00 0.00 0.00 0.00 0.00 0.00 0.01 0.02 0.02 0.04 0.03 0.01 0.02 0.02 0.02 0.02 0.01 0.02 0.04 0.04 0.02 0.03 0.01 0.01 0.06 0.06 0.07 0.33 0.05 0.03 0.03 0.03 0.01 0.10 0.09 0.10 0.01 0.22 0.01 0.01 0.01 0.01 0.02 0.02 0.05 0.02 0.02 0.01 0.02 0.03 0.11 0.07 0.05 0.04 0.03 0.03 0.02 0.02 0.01 0.01 0.01
0.00 0.00 0.00 0.00 0.00 0.00 0.00 0.00 0.00 0.00 0.00 0.00 0.00 0.00 0.00 0.00 0.00 0.00 0.00 0.00 0.00 0.00 0.00 0.00 0.00 0.00 0.00 0.00 0.00 0.00 0.01 0.02 0.03 0.02 0.01 0.01 0.01 0.01 0.01 0.02 0.02 0.03 0.03 0.01 0.01 0.01 0.13 0.09 0.06 0.09 0.26 0.07 0.03 0.03 0.02 0.01 0.02 0.03 0.08 0.01 0.21 0.01 0.01 0.00 0.02 0.02 0.02 0.02 0.02 0.01 0.00 0.01 0.02 0.07 0.05 0.05 0.04 0.03 0.03 0.02 0.02 0.01 0.02 0.00
0.00 0.00 0.00 0.00 0.00 0.00 0.00 0.00 0.00 0.00 0.00 0.00 0.00 0.00 0.00 0.00 0.00 0.00 0.00 0.00 0.00 0.00 0.00 0.00 0.00 0.00 0.00 0.00 0.00 0.00 0.00 0.01 0.01 0.02 0.00 0.00 0.00 0.00 0.00 0.01 0.01 0.02 0.01 0.01 0.01 0.02 0.12 0.01 0.02 0.07 0.22 0.06 0.03 0.03 0.02 0.02 0.01 0.02 0.03 0.01 0.19 0.01 0.01 0.00 0.00 0.00 0.00 0.00 0.00 0.00 0.00 0.01 0.02 0.05 0.05 0.05 0.05 0.04 0.02 0.02 0.02 0.02 0.00 0.00
0.00 0.00 0.00 0.00 0.00 0.00 0.00 0.00 0.00 0.00 0.00 0.00 0.00 0.00 0.00 0.00 0.00 0.00 0.00 0.00 0.00 0.00 0.00 0.00 0.00 0.00 0.00 0.00 0.00 0.00 0.00 0.00 0.00 0.00 0.00 0.00 0.00 0.00 0.00 0.00 0.00 0.00 0.01 0.02 0.03 0.08 0.09 0.01 0.02 0.06 0.22 0.09 0.04 0.03 0.02 0.02 0.01 0.01 0.01 0.02 0.18 0.16 0.10 0.00 0.00 0.00 0.00 0.00 0.00 0.00 0.00 0.01 0.02 0.04 0.02 0.03 0.05 0.04 0.03 0.03 0.02 0.00 0.00 0.00
0.00 0.00 0.00 0.00 0.00 0.00 0.00 0.00 0.00 0.00 0.00 0.00 0.00 0.00 0.00 0.00 0.00 0.00 0.00 0.00 0.00 0.00 0.00 0.00 0.00 0.00 0.00 0.00 0.00 0.00 0.00 0.00 0.00 0.00 0.00 0.00 0.00 0.00 0.00 0.00 0.00 0.00 0.02 0.03 0.03 0.05 0.02 0.01 0.02 0.06 0.18 0.10 0.04 0.03 0.03 0.02 0.01 0.01 0.01 0.02 0.02 0.07 0.08 0.00 0.00 0.00 0.00 0.00 0.00 0.00 0.00 0.00 0.01 0.01 0.01 0.01 0.05 0.04 0.03 0.00 0.00 0.00 0.00 0.00
0.00 0.00 0.00 0.00 0.00 0.00 0.00 0.00 0.00 0.00 0.00 0.00 0.00 0.00 0.00 0.00 0.00 0.00 0.00 0.00 0.00 0.00 0.00 0.00 0.00 0.00 0.00 0.00 0.00 0.00 0.00 0.00 0.00 0.00 0.00 0.00 0.00 0.00 0.00 0.00 0.00 0.00 0.00 0.00 0.01 0.02 0.01 0.02 0.03 0.07 0.12 0.09 0.03 0.02 0.02 0.02 0.01 0.01 0.01 0.02 0.03 0.09 0.01 0.00 0.00 0.00 0.00 0.00 0.00 0.00 0.00 0.00 0.00 0.00 0.00 0.00 0.00 0.00 0.00 0.00 0.00 0.00 0.00 0.00
