NEW_versions/Scripts/Results/Iao_50m/MaxFloodMaps/Iao_50m_0.6.asc
NCOLS 111
NROWS 84
XLLCENTER 750508.350000
YLLCENTER 2308429.860000
CELLSIZE 50.000000
NODATA_value -99999.000000
[rows 38 to 75 of 84, columns 0 to 83 of 111]
0.00 0.00 0.00 0.00 0.00 0.00 0.00 0.01 0.01 0.01 0.01 0.01 0.02 0.05 0.03 0.02 0.02 0.01 0.01 0.01 0.04 0.03 0.02 0.01 0.01 0.01 0.01 0.01 0.01 0.01 0.05 0.06 0.08 0.08 0.10 0.11 0.08 0.05 0.02 1.02 0.50 0.57 0.87 0.77 0.48 0.62 0.53 1.06 0.88 0.83 0.83 0.01 0.01 0.02 0.02 0.02 0.02 0.02 0.01 1.03 1.58 1.43 0.94 0.97 0.01 0.01 0.01 0.01 0.01 0.01 0.02 0.04 0.05 0.03 0.02 0.01 0.08 0.10 0.06 0.07 0.01 0.01 0.01 0.01
0.00 0.00 0.00 0.00 0.00 0.00 0.00 0.00 0.01 0.01 0.01 0.01 0.02 0.02 0.01 0.01 0.01 0.01 0.01 0.01 0.03 0.00 0.00 0.01 0.01 0.01 0.04 0.09 0.13 0.13 0.08 0.07 0.08 0.02 0.01 0.01 0.02 0.01 0.02 0.01 0.01 0.02 0.01 0.01 0.02 0.02 0.01 0.02 0.02 0.01 0.84 0.91 1.32 1.25 0.97 0.41 0.77 0.77 0.75 0.97 0.00 0.01 0.02 1.33 1.31 1.20 0.02 0.02 0.01 0.01 0.01 0.03 0.05 0.05 0.02 0.01 0.01 0.01 0.06 0.09 0.10 0.05 0.03 0.02
0.00 0.00 0.00 0.00 0.00 0.00 0.00 0.00 0.00 0.01 0.02 0.02 0.02 0.01 0.01 0.01 0.01 0.02 0.03 0.04 0.03 0.03 0.06 0.05 0.07 0.09 0.07 0.05 0.03 0.01 0.01 0.01 0.03 0.01 0.01 0.01 0.01 0.01 0.02 0.01 0.01 0.03 0.01 0.01 0.01 0.01 0.01 0.02 0.02 0.02 0.01 0.02 0.02 0.02 0.13 0.40 0.41 0.01 0.01 0.01 0.01 0.01 0.01 0.01 0.02 1.18 1.27 1.15 0.02 0.01 0.01 0.02 0.04 0.07 0.01 0.01 0.01 0.00 0.00 0.01 0.05 0.06 0.06 0.04
0.00 0.00 0.00 0.00 0.00 0.00 0.00 0.01 0.01 0.01 0.01 0.02 0.00 0.01 0.01 0.01 0.02 0.01 0.01 0.01 0.02 0.02 0.02 0.02 0.01 0.01 0.03 0.03 0.02 0.01 0.01 0.01 0.02 0.01 0.01 0.01 0.00 0.01 0.01 0.01 0.01 0.02 0.01 0.01 0.01 0.01 0.02 0.07 0.01 0.01 0.01 0.01 0.01 0.02 0.01 0.00 0.00 0.01 0.01 0.01 0.01 0.01 0.01 0.02 0.02 0.01 0.01 0.95 0.94 0.66 0.59 0.01 0.02 0.07 0.04 0.01 0.01 0.01 0.01 0.01 0.03 0.04 0.04 0.04
0.00 0.00 0.00 0.00 0.00 0.00 0.01 0.01 0.01 0.01 0.01 0.02 0.00 0.01 0.01 0.01 0.01 0.01 0.01 0.01 0.01 0.02 0.01 0.01 0.01 0.01 0.03 0.01 0.02 0.01 0.01 0.01 0.01 0.01 0.01 0.00 0.00 0.00 0.00 0.01 0.01 0.01 0.01 0.01 0.01 0.01 0.02 0.00 0.00 0.01 0.01 0.01 0.01 0.01 0.01 0.01 0.01 0.01 0.01 0.01 0.04 0.05 0.06 0.04 0.02 0.01 0.01 0.01 0.01 0.69 1.18 0.01 0.01 0.02 0.05 0.02 0.02 0.02 0.58 1.26 0.92 0.79 0.02 1.81
0.00 0.00 0.00 0.00 0.00 0.00 0.00 0.01 0.01 0.01 0.01 0.01 0.01 0.00 0.01 0.01 0.01 0.01 0.01 0.01 0.01 0.01 0.01 0.00 0.01 0.01 0.02 0.01 0.01 0.00 0.00 0.01 0.01 0.00 0.00 0.01 0.01 0.01 0.01 0.01 0.00 0.00 0.01 0.01 0.01 0.01 0.01 0.01 0.00 0.00 0.01 0.00 0.01 0.01 0.01 0.01 0.02 0.02 0.05 0.06 0.04 0.03 0.03 0.01 0.01 0.01 0.01 0.01 0.01 0.01 1.19 1.23 0.02 0.02 0.02 0.02 1.71 1.47 0.79 0.35 0.15 1.49 1.70 1.71
0.00 0.00 0.00 0.00 0.00 0.00 0.00 0.01 0.01 0.01 0.01 0.01 0.01 0.01 0.00 0.00 0.00 0.01 0.01 0.00 0.00 0.00 0.01 0.01 0.01 0.02 0.01 0.00 0.00 0.01 0.01 0.01 0.01 0.01 0.01 0.01 0.01 0.01 0.01 0.01 0.01 0.01 0.01 0.01 0.01 0.01 0.01 0.01 0.01 0.01 0.01 0.01 0.01 0.01 0.03 0.04 0.06 0.05 0.04 0.02 0.01 0.01 0.02 0.03 0.01 0.03 0.05 0.01 0.01 0.02 0.02 1.49 1.32 1.20 0.01 1.86 1.81 0.01 0.00 0.01 0.92 0.95 0.06 0.02
0.00 0.00 0.00 0.00 0.00 0.00 0.00 0.01 0.01 0.01 0.01 0.01 0.02 0.01 0.01 0.01 0.01 0.01 0.01 0.01 0.01 0.01 0.01 0.02 0.01 0.00 0.01 0.01 0.01 0.01 0.02 0.02 0.01 0.01 0.01 0.02 0.01 0.02 0.01 0.01 0.01 0.01 0.01 0.01 0.01 0.01 0.01 0.02 0.03 0.03 0.01 0.01 0.02 0.01 0.01 0.02 0.01 0.03 0.02 0.01 0.02 0.03 0.05 0.04 0.04 0.02 0.04 0.06 0.04 0.03 0.02 0.01 0.01 0.68 1.22 1.88 0.01 0.00 0.01 1.29 1.25 0.02 0.10 0.03
0.00 0.00 0.00 0.00 0.00 0.00 0.00 0.01 0.01 0.01 0.01 0.02 0.02 0.01 0.01 0.01 0.01 0.01 0.01 0.02 0.01 0.02 0.02 0.02 0.01 0.01 0.01 0.01 0.01 0.01 0.01 0.02 0.02 0.01 0.01 0.02 0.02 0.02 0.02 0.39 0.32 0.36 0.41 0.39 0.27 0.29 0.32 0.33 0.37 0.41 0.40 0.01 0.01 0.02 0.01 0.01 0.01 0.01 0.01 0.01 0.01 0.01 0.01 0.02 0.03 0.03 0.00 0.01 0.01 0.01 0.00 0.00 0.00 0.00 0.01 0.00 0.00 0.01 0.90 1.30 0.03 0.03 0.08 0.03
0.00 0.00 0.00 0.00 0.00 0.00 0.00 0.01 0.01 0.01 0.02 0.02 0.02 0.02 0.01 0.01 0.01 0.01 0.01 0.01 0.02 0.03 0.05 0.07 0.07 0.05 0.01 0.01 0.01 0.01 0.02 0.02 0.03 0.02 0.02 0.02 0.33 0.41 0.50 0.59 0.01 0.01 0.02 0.02 0.22 0.16 0.09 0.06 0.02 0.01 0.35 0.36 0.32 0.40 0.40 0.01 0.01 0.01 0.01 0.42 0.44 0.01 0.01 0.58 0.80 0.76 0.77 0.01 0.01 0.01 0.00 0.01 0.01 0.01 0.01 1.58 1.42 0.88 0.89 0.07 0.07 0.04 0.06 0.03
0.00 0.00 0.00 0.00 0.00 0.00 0.01 0.01 0.01 0.02 0.02 0.03 0.07 0.06 0.03 0.02 0.04 0.06 0.01 0.00 0.00 0.00 0.00 0.01 0.04 0.09 0.10 0.09 0.07 0.06 0.04 0.34 0.28 0.33 0.33 0.53 0.42 0.02 0.01 0.02 0.01 0.01 0.01 0.01 0.01 0.01 0.01 0.01 0.01 0.01 0.00 0.01 0.00 0.00 0.40 0.39 0.35 0.77 0.92 0.49 0.82 0.72 0.84 1.06 0.01 0.01 0.95 0.74 0.94 0.89 1.18 0.80 0.82 0.83 1.07 0.94 0.01 0.07 0.05 0.10 0.13 0.03 0.02 0.03
0.00 0.00 0.00 0.00 0.00 0.00 0.00 0.01 0.06 0.15 0.00 0.00 0.01 0.05 0.06 0.04 0.02 0.06 0.11 0.12 0.01 0.01 0.01 0.01 0.01 0.01 0.01 0.01 0.03 0.30 0.60 0.29 0.01 0.01 0.01 0.02 0.01 0.02 0.01 0.02 0.01 0.01 0.01 0.01 0.01 0.01 0.02 0.02 0.02 0.01 0.01 0.01 0.02 0.01 0.00 0.00 0.00 0.46 0.50 0.01 0.01 0.03 0.04 0.03 0.01 0.01 0.01 0.01 0.04 0.01 0.01 0.02 0.04 0.01 0.01 0.29 0.01 0.02 0.01 0.17 0.14 0.03 0.01 0.02
0.00 0.00 0.00 0.00 0.00 0.00 0.00 0.02 0.03 0.13 0.00 0.01 0.01 0.01 0.03 0.04 0.04 0.02 0.01 0.07 0.05 0.04 0.04 0.06 0.01 0.00 0.01 0.26 0.29 0.29 0.01 0.01 0.01 0.01 0.01 0.02 0.01 0.02 0.01 0.01 0.00 0.01 0.01 0.02 0.02 0.03 0.02 0.03 0.03 0.02 0.94 0.78 0.52 0.59 0.59 0.89 0.69 0.68 0.01 0.01 0.01 0.04 0.02 0.04 0.01 0.01 0.01 0.02 0.04 0.01 0.01 0.02 0.02 0.00 0.01 0.33 0.01 0.02 0.01 0.01 0.22 0.06 0.05 0.02
0.00 0.00 0.00 0.00 0.00 0.00 0.00 0.01 0.02 0.04 0.04 0.03 0.02 0.02 0.03 0.04 0.09 0.12 0.14 0.15 0.19 0.16 0.17 0.18 0.19 0.15 0.22 0.39 0.01 0.01 0.01 0.01 0.01 0.01 0.01 0.01 0.01 0.01 0.01 0.01 0.00 0.01 0.01 0.01 0.01 0.01 0.01 0.02 0.02 0.36 0.62 0.03 0.01 0.01 0.02 0.01 0.02 0.04 0.02 0.01 0.01 0.03 0.03 0.03 0.00 0.01 0.01 0.01 0.02 0.01 0.01 0.03 0.01 0.00 0.69 0.65 0.01 0.02 0.01 0.01 0.18 0.05 0.05 0.03
0.00 0.00 0.00 0.01 0.01 0.01 0.01 0.01 0.01 0.03 0.05 0.06 0.06 0.09 0.12 0.17 0.09 0.08 0.05 0.04 0.05 0.09 0.08 0.07 0.10 0.16 0.46 0.01 0.01 0.01 0.01 0.00 0.00 0.01 0.00 0.00 0.00 0.01 0.00 0.00 0.01 0.01 0.01 0.01 0.01 0.01 0.01 0.02 0.31 0.31 0.55 0.04 0.01 0.01 0.01 0.01 0.02 0.03 0.02 0.01 0.01 0.02 0.04 0.01 0.00 0.00 0.01 0.02 0.01 0.01 0.01 0.01 0.01 0.39 0.70 0.01 0.01 0.01 0.01 0.01 0.12 0.08 0.04 0.03
0.00 0.00 0.01 0.01 0.01 0.01 0.01 0.01 0.01 0.01 0.01 0.01 0.01 0.06 0.05 0.01 0.02 0.01 0.01 0.01 0.01 0.01 0.01 0.01 0.01 0.02 0.02 0.01 0.00 0.00 0.01 0.01 0.01 0.02 0.01 0.01 0.01 0.01 0.00 0.01 0.01 0.01 0.01 0.01 0.19 0.26 0.30 0.36 0.30 0.26 0.23 0.06 0.02 0.01 0.01 0.01 0.01 0.01 0.01 0.01 0.01 0.02 0.03 0.01 0.00 0.01 0.01 0.01 0.01 0.01 0.18 0.47 0.54 0.39 0.02 0.01 0.01 0.01 0.01 0.01 0.07 0.19 0.03 0.02
0.00 0.00 0.01 0.02 0.02 0.02 0.02 0.02 0.01 0.01 0.01 0.04 0.05 0.06 0.01 0.01 0.01 0.01 0.01 0.01 0.01 0.00 0.00 0.00 0.01 0.01 0.00 0.00 0.01 0.01 0.01 0.01 0.01 0.02 0.01 0.01 0.01 0.01 0.00 0.01 0.01 0.01 0.01 0.30 0.19 0.08 0.07 0.01 0.01 0.53 0.01 0.09 0.04 0.02 0.01 0.01 0.01 0.01 0.01 0.01 0.01 0.02 0.02 0.00 0.00 0.01 0.01 0.01 0.16 0.18 0.16 0.02 0.43 0.01 0.01 0.01 0.01 0.01 0.01 0.01 0.08 0.05 0.02 0.02
0.00 0.00 0.00 0.01 0.00 0.00 0.00 0.00 0.01 0.02 0.03 0.05 0.01 0.00 0.01 0.01 0.00 0.00 0.00 0.01 0.01 0.01 0.00 0.01 0.00 0.00 0.01 0.01 0.01 0.01 0.01 0.01 0.02 0.03 0.17 0.18 0.00 0.01 0.14 0.14 0.00 0.41 0.26 0.33 0.01 0.01 0.01 0.01 0.02 0.32 0.00 0.05 0.07 0.03 0.01 0.01 0.01 0.01 0.01 0.00 0.01 0.02 0.01 0.00 0.01 0.01 0.13 0.16 0.13 0.09 0.04 0.04 0.42 0.01 0.01 0.01 0.01 0.01 0.01 0.01 0.07 0.03 0.02 0.02
0.00 0.00 0.00 0.00 0.00 0.00 0.00 0.00 0.00 0.01 0.01 0.01 0.01 0.00 0.00 0.00 0.01 0.01 0.01 0.01 0.01 0.02 0.06 0.06 0.00 0.01 0.01 0.01 0.01 0.02 0.15 0.43 0.41 0.18 0.14 0.27 0.30 0.24 0.13 0.29 0.00 0.42 0.01 0.01 0.00 0.01 0.01 0.02 0.02 0.31 0.01 0.00 0.08 0.06 0.01 0.01 0.01 0.01 0.01 0.00 0.01 0.01 0.01 0.01 0.10 0.15 0.15 0.01 0.02 0.03 0.09 0.04 0.27 0.01 0.01 0.01 0.01 0.01 0.01 0.01 0.07 0.05 0.02 0.02
0.00 0.00 0.00 0.00 0.00 0.00 0.00 0.00 0.00 0.00 0.00 0.00 0.00 0.00 0.00 0.01 0.01 0.03 0.03 0.03 0.04 0.10 0.04 0.11 0.11 0.01 0.01 0.01 0.20 0.22 0.22 0.01 0.01 0.01 0.01 0.01 0.01 0.02 0.01 0.29 0.00 0.42 0.02 0.01 0.00 0.01 0.01 0.01 0.01 0.38 0.08 0.00 0.02 0.08 0.08 0.04 0.03 0.01 0.01 0.00 0.01 0.01 0.02 0.01 0.10 0.04 0.02 0.02 0.02 0.03 0.11 0.01 0.21 0.21 0.01 0.00 0.00 0.01 0.00 0.01 0.08 0.07 0.03 0.02
0.00 0.00 0.00 0.00 0.00 0.00 0.00 0.00 0.00 0.00 0.00 0.00 0.00 0.00 0.00 0.00 0.01 0.01 0.01 0.01 0.02 0.01 0.01 0.02 0.13 0.14 0.14 0.15 0.18 0.04 0.01 0.01 0.01 0.01 0.01 0.01 0.01 0.02 0.07 0.36 0.45 0.55 0.01 0.01 0.00 0.01 0.01 0.01 0.01 0.23 0.11 0.01 0.00 0.02 0.04 0.04 0.03 0.02 0.01 0.01 0.01 0.01 0.01 0.10 0.23 0.00 0.01 0.01 0.01 0.03 0.09 0.01 0.01 0.33 0.01 0.01 0.01 0.00 0.00 0.01 0.02 0.11 0.03 0.02
0.00 0.00 0.00 0.00 0.00 0.00 0.00 0.00 0.00 0.00 0.00 0.00 0.00 0.00 0.00 0.00 0.00 0.01 0.01 0.01 0.01 0.01 0.01 0.01 0.02 0.02 0.02 0.01 0.05 0.04 0.01 0.01 0.01 0.01 0.01 0.03 0.02 0.01 0.06 0.05 0.18 0.01 0.01 0.01 0.00 0.00 0.00 0.01 0.00 0.26 0.13 0.24 0.02 0.01 0.01 0.04 0.03 0.02 0.01 0.01 0.00 0.01 0.04 0.22 0.01 0.01 0.01 0.01 0.01 0.09 0.09 0.01 0.01 0.39 0.09 0.02 0.01 0.01 0.00 0.01 0.01 0.05 0.03 0.02
0.00 0.00 0.00 0.00 0.00 0.00 0.00 0.00 0.00 0.00 0.00 0.00 0.00 0.00 0.00 0.00 0.00 0.00 0.00 0.00 0.00 0.00 0.01 0.01 0.01 0.02 0.01 0.01 0.02 0.06 0.01 0.00 0.01 0.01 0.02 0.01 0.01 0.01 0.09 0.00 0.18 0.01 0.00 0.00 0.01 0.01 0.01 0.05 0.05 0.54 0.53 0.15 0.02 0.01 0.00 0.01 0.03 0.01 0.01 0.00 0.00 0.01 0.04 0.12 0.00 0.00 0.01 0.01 0.04 0.11 0.01 0.00 0.01 0.36 0.02 0.04 0.04 0.04 0.03 0.02 0.02 0.02 0.02 0.02
0.00 0.00 0.00 0.00 0.00 0.00 0.00 0.00 0.00 0.00 0.00 0.00 0.00 0.00 0.00 0.00 0.00 0.00 0.00 0.00 0.00 0.00 0.00 0.00 0.01 0.02 0.01 0.01 0.01 0.05 0.02 0.00 0.01 0.01 0.01 0.02 0.08 0.09 0.11 0.00 0.17 0.10 0.01 0.00 0.01 0.01 0.11 0.07 0.15 0.07 0.11 0.34 0.03 0.01 0.01 0.00 0.02 0.01 0.01 0.00 0.01 0.01 0.04 0.09 0.01 0.00 0.00 0.00 0.03 0.10 0.01 0.00 0.00 0.35 0.11 0.01 0.01 0.01 0.02 0.02 0.01 0.02 0.02 0.02
0.00 0.00 0.00 0.00 0.00 0.00 0.00 0.00 0.00 0.00 0.00 0.00 0.00 0.00 0.00 0.00 0.00 0.00 0.00 0.00 0.00 0.00 0.00 0.00 0.01 0.01 0.01 0.01 0.01 0.03 0.03 0.00 0.01 0.01 0.02 0.02 0.07 0.01 0.00 0.01 0.08 0.11 0.01 0.00 0.01 0.14 0.11 0.01 0.01 0.01 0.11 0.21 0.04 0.07 0.06 0.01 0.01 0.01 0.01 0.01 0.01 0.01 0.09 0.08 0.01 0.01 0.01 0.09 0.10 0.06 0.01 0.00 0.16 0.14 0.08 0.05 0.04 0.03 0.02 0.02 0.01 0.01 0.03 0.01
0.00 0.00 0.00 0.00 0.00 0.00 0.00 0.00 0.00 0.00 0.00 0.00 0.00 0.00 0.00 0.00 0.00 0.00 0.00 0.00 0.00 0.00 0.00 0.00 0.00 0.01 0.00 0.01 0.01 0.02 0.08 0.01 0.01 0.01 0.01 0.05 0.04 0.01 0.00 0.00 0.16 0.01 0.01 0.00 0.00 0.13 0.01 0.00 0.01 0.01 0.17 0.13 0.01 0.01 0.06 0.05 0.03 0.01 0.00 0.01 0.01 0.01 0.12 0.01 0.01 0.02 0.05 0.08 0.01 0.01 0.00 0.01 0.16 0.02 0.09 0.02 0.02 0.02 0.02 0.02 0.01 0.01 0.02 0.01
0.00 0.00 0.00 0.00 0.00 0.00 0.00 0.00 0.00 0.00 0.00 0.00 0.00 0.00 0.00 0.00 0.00 0.00 0.00 0.00 0.00 0.00 0.00 0.00 0.00 0.00 0.00 0.01 0.01 0.01 0.02 0.00 0.01 0.02 0.02 0.03 0.01 0.00 0.01 0.13 0.16 0.01 0.00 0.01 0.11 0.13 0.01 0.00 0.01 0.01 0.11 0.24 0.01 0.01 0.01 0.01 0.06 0.01 0.01 0.01 0.02 0.08 0.11 0.01 0.01 0.01 0.07 0.01 0.01 0.01 0.01 0.09 0.14 0.04 0.06 0.03 0.02 0.02 0.02 0.02 0.01 0.01 0.01 0.01
0.00 0.00 0.00 0.00 0.00 0.00 0.00 0.00 0.00 0.00 0.00 0.00 0.00 0.00 0.00 0.00 0.00 0.00 0.00 0.00 0.00 0.00 0.00 0.00 0.00 0.00 0.00 0.00 0.01 0.01 0.02 0.00 0.01 0.01 0.01 0.01 0.00 0.00 0.11 0.13 0.01 0.01 0.00 0.01 0.11 0.02 0.01 0.00 0.01 0.01 0.14 0.17 0.02 0.01 0.00 0.01 0.01 0.01 0.01 0.01 0.03 0.04 0.04 0.01 0.01 0.03 0.04 0.01 0.01 0.01 0.08 0.06 0.08 0.07 0.03 0.02 0.02 0.02 0.02 0.02 0.01 0.01 0.01 0.01
0.00 0.00 0.00 0.00 0.00 0.00 0.00 0.00 0.00 0.00 0.00 0.00 0.00 0.00 0.00 0.00 0.00 0.00 0.00 0.00 0.00 0.00 0.00 0.00 0.00 0.00 0.00 0.00 0.00 0.01 0.01 0.00 0.00 0.00 0.00 0.01 0.02 0.13 0.11 0.01 0.01 0.00 0.01 0.05 0.08 0.01 0.01 0.00 0.01 0.01 0.20 0.10 0.03 0.01 0.00 0.01 0.00 0.01 0.01 0.01 0.04 0.03 0.03 0.01 0.01 0.01 0.01 0.01 0.00 0.03 0.07 0.02 0.01 0.17 0.01 0.02 0.02 0.02 0.02 0.01 0.01 0.01 0.01 0.01
0.00 0.00 0.00 0.00 0.00 0.00 0.00 0.00 0.00 0.00 0.00 0.00 0.00 0.00 0.00 0.00 0.00 0.00 0.00 0.00 0.00 0.00 0.00 0.00 0.00 0.00 0.00 0.00 0.00 0.01 0.01 0.01 0.01 0.05 0.07 0.10 0.04 0.11 0.01 0.01 0.00 0.01 0.06 0.04 0.06 0.01 0.01 0.00 0.00 0.01 0.13 0.12 0.05 0.01 0.01 0.01 0.01 0.00 0.00 0.01 0.05 0.01 0.01 0.01 0.01 0.01 0.00 0.00 0.00 0.04 0.03 0.03 0.01 0.10 0.07 0.02 0.02 0.02 0.02 0.01 0.01 0.01 0.01 0.01
0.00 0.00 0.00 0.00 0.00 0.00 0.00 0.00 0.00 0.00 0.00 0.00 0.00 0.00 0.00 0.00 0.00 0.00 0.00 0.00 0.00 0.00 0.00 0.00 0.00 0.00 0.00 0.00 0.00 0.00 0.01 0.01 0.03 0.12 0.01 0.01 0.06 0.06 0.01 0.01 0.01 0.03 0.07 0.01 0.03 0.01 0.01 0.00 0.01 0.02 0.19 0.05 0.05 0.13 0.06 0.01 0.01 0.01 0.01 0.00 0.10 0.00 0.01 0.01 0.01 0.00 0.00 0.01 0.04 0.06 0.01 0.01 0.01 0.08 0.03 0.02 0.02 0.02 0.01 0.01 0.01 0.01 0.01 0.01
0.00 0.00 0.00 0.00 0.00 0.00 0.00 0.00 0.00 0.00 0.00 0.00 0.00 0.00 0.00 0.00 0.00 0.00 0.00 0.00 0.00 0.00 0.00 0.00 0.00 0.00 0.00 0.00 0.00 0.01 0.01 0.02 0.03 0.03 0.01 0.01 0.02 0.01 0.01 0.01 0.01 0.03 0.03 0.01 0.02 0.01 0.00 0.01 0.02 0.06 0.16 0.02 0.01 0.04 0.05 0.09 0.05 0.01 0.01 0.00 0.10 0.00 0.00 0.01 0.01 0.01 0.01 0.05 0.03 0.03 0.00 0.01 0.01 0.07 0.03 0.02 0.02 0.02 0.01 0.01 0.01 0.01 0.00 0.00
0.00 0.00 0.00 0.00 0.00 0.00 0.00 0.00 0.00 0.00 0.00 0.00 0.00 0.00 0.00 0.00 0.00 0.00 0.00 0.00 0.00 0.00 0.00 0.00 0.00 0.00 0.00 0.00 0.00 0.00 0.01 0.01 0.02 0.01 0.01 0.01 0.01 0.01 0.01 0.01 0.01 0.02 0.02 0.01 0.01 0.01 0.01 0.03 0.03 0.03 0.15 0.02 0.01 0.01 0.01 0.01 0.05 0.04 0.05 0.01 0.10 0.00 0.00 0.00 0.00 0.01 0.01 0.02 0.01 0.01 0.00 0.01 0.01 0.05 0.03 0.02 0.02 0.02 0.01 0.01 0.01 0.01 0.00 0.00
0.00 0.00 0.00 0.00 0.00 0.00 0.00 0.00 0.00 0.00 0.00 0.00 0.00 0.00 0.00 0.00 0.00 0.00 0.00 0.00 0.00 0.00 0.00 0.00 0.00 0.00 0.00 0.00 0.00 0.00 0.00 0.01 0.01 0.01 0.00 0.00 0.01 0.00 0.00 0.01 0.01 0.01 0.01 0.01 0.00 0.00 0.06 0.04 0.03 0.04 0.12 0.03 0.01 0.01 0.01 0.01 0.01 0.01 0.04 0.01 0.09 0.00 0.00 0.00 0.01 0.01 0.01 0.01 0.01 0.00 0.00 0.01 0.01 0.03 0.02 0.02 0.02 0.02 0.01 0.01 0.01 0.01 0.01 0.00
0.00 0.00 0.00 0.00 0.00 0.00 0.00 0.00 0.00 0.00 0.00 0.00 0.00 0.00 0.00 0.00 0.00 0.00 0.00 0.00 0.00 0.00 0.00 0.00 0.00 0.00 0.00 0.00 0.00 0.00 0.00 0.01 0.01 0.01 0.00 0.00 0.00 0.00 0.00 0.01 0.01 0.01 0.01 0.00 0.00 0.01 0.06 0.01 0.01 0.03 0.10 0.03 0.01 0.01 0.01 0.01 0.01 0.01 0.01 0.01 0.09 0.00 0.00 0.00 0.00 0.00 0.00 0.00 0.00 0.00 0.00 0.00 0.01 0.02 0.02 0.02 0.02 0.02 0.01 0.01 0.01 0.01 0.00 0.00
0.00 0.00 0.00 0.00 0.00 0.00 0.00 0.00 0.00 0.00 0.00 0.00 0.00 0.00 0.00 0.00 0.00 0.00 0.00 0.00 0.00 0.00 0.00 0.00 0.00 0.00 0.00 0.00 0.00 0.00 0.00 0.00 0.00 0.00 0.00 0.00 0.00 0.00 0.00 0.00 0.00 0.00 0.00 0.01 0.01 0.04 0.04 0.01 0.01 0.03 0.10 0.04 0.02 0.01 0.01 0.01 0.01 0.00 0.00 0.01 0.08 0.07 0.04 0.00 0.00 0.00 0.00 0.00 0.00 0.00 0.00 0.00 0.01 0.02 0.01 0.01 0.02 0.02 0.01 0.01 0.01 0.00 0.00 0.00
0.00 0.00 0.00 0.00 0.00 0.00 0.00 0.00 0.00 0.00 0.00 0.00 0.00 0.00 0.00 0.00 0.00 0.00 0.00 0.00 0.00 0.00 0.00 0.00 0.00 0.00 0.00 0.00 0.00 0.00 0.00 0.00 0.00 0.00 0.00 0.00 0.00 0.00 0.00 0.00 0.00 0.00 0.01 0.01 0.01 0.02 0.01 0.01 0.01 0.03 0.08 0.04 0.02 0.01 0.01 0.01 0.00 0.00 0.01 0.01 0.01 0.03 0.04 0.00 0.00 0.00 0.00 0.00 0.00 0.00 0.00 0.00 0.00 0.01 0.00 0.01 0.02 0.02 0.01 0.00 0.00 0.00 0.00 0.00
0.00 0.00 0.00 0.00 0.00 0.00 0.00 0.00 0.00 0.00 0.00 0.00 0.00 0.00 0.00 0.00 0.00 0.00 0.00 0.00 0.00 0.00 0.00 0.00 0.00 0.00 0.00 0.00 0.00 0.00 0.00 0.00 0.00 0.00 0.00 0.00 0.00 0.00 0.00 0.00 0.00 0.00 0.00 0.00 0.01 0.01 0.01 0.01 0.02 0.03 0.06 0.04 0.02 0.01 0.01 0.01 0.01 0.00 0.00 0.01 0.01 0.04 0.00 0.00 0.00 0.00 0.00 0.00 0.00 0.00 0.00 0.00 0.00 0.00 0.00 0.00 0.00 0.00 0.00 0.00 0.00 0.00 0.00 0.00
