NEW_versions/Scripts/Results/Iao_50m/MaxFloodMaps/Iao_50m_1.1.asc
NCOLS 111
NROWS 84
XLLCENTER 750508.350000
YLLCENTER 2308429.860000
CELLSIZE 50.000000
NODATA_value -99999.000000
[rows 38 to 75 of 84, columns 0 to 83 of 111]
0.00 0.00 0.00 0.00 0.00 0.01 0.01 0.01 0.01 0.01 0.02 0.02 0.03 0.07 0.05 0.03 0.02 0.02 0.01 0.01 0.05 0.04 0.02 0.02 0.02 0.01 0.01 0.01 0.01 0.01 0.07 0.08 0.12 0.11 0.15 0.17 0.11 0.08 0.03 1.51 0.76 0.88 1.33 1.18 0.74 0.96 0.83 1.63 1.37 1.29 1.30 0.02 0.02 0.02 0.04 0.03 0.02 0.02 0.02 1.66 2.42 2.17 1.49 1.56 0.02 0.02 0.02 0.02 0.01 0.01 0.03 0.06 0.08 0.05 0.03 0.02 0.12 0.16 0.09 0.11 0.01 0.01 0.02 0.02
0.00 0.00 0.00 0.00 0.00 0.00 0.00 0.01 0.01 0.01 0.02 0.02 0.02 0.03 0.02 0.01 0.01 0.01 0.01 0.01 0.05 0.00 0.01 0.01 0.01 0.01 0.06 0.14 0.20 0.19 0.11 0.11 0.12 0.02 0.01 0.02 0.02 0.02 0.03 0.02 0.02 0.03 0.02 0.02 0.02 0.04 0.01 0.02 0.02 0.02 1.31 1.44 2.02 1.88 1.40 0.61 1.21 1.21 1.19 1.54 0.01 0.01 0.02 2.11 2.08 1.92 0.02 0.03 0.02 0.01 0.02 0.04 0.07 0.08 0.03 0.01 0.01 0.01 0.09 0.15 0.16 0.07 0.05 0.03
0.00 0.00 0.00 0.00 0.00 0.00 0.01 0.01 0.01 0.02 0.02 0.03 0.02 0.01 0.02 0.01 0.02 0.03 0.05 0.06 0.04 0.05 0.09 0.07 0.11 0.13 0.10 0.08 0.05 0.02 0.02 0.02 0.04 0.02 0.01 0.02 0.02 0.02 0.02 0.01 0.02 0.04 0.01 0.01 0.02 0.02 0.02 0.03 0.03 0.02 0.02 0.02 0.03 0.03 0.32 0.68 0.69 0.01 0.02 0.01 0.01 0.01 0.01 0.02 0.03 1.90 2.02 1.81 0.02 0.01 0.02 0.03 0.06 0.10 0.02 0.02 0.01 0.01 0.01 0.01 0.08 0.09 0.10 0.07
0.00 0.00 0.00 0.00 0.00 0.00 0.01 0.01 0.02 0.02 0.02 0.04 0.01 0.01 0.01 0.02 0.03 0.02 0.02 0.02 0.02 0.03 0.03 0.03 0.02 0.02 0.04 0.04 0.02 0.01 0.01 0.02 0.04 0.02 0.01 0.02 0.01 0.01 0.01 0.01 0.02 0.03 0.01 0.01 0.02 0.01 0.03 0.11 0.01 0.01 0.02 0.02 0.02 0.03 0.01 0.01 0.01 0.01 0.01 0.01 0.01 0.01 0.01 0.03 0.03 0.02 0.02 1.52 1.49 1.06 0.97 0.01 0.03 0.10 0.07 0.01 0.01 0.01 0.01 0.01 0.04 0.07 0.06 0.06
0.00 0.00 0.00 0.00 0.00 0.00 0.01 0.02 0.01 0.01 0.01 0.02 0.01 0.01 0.01 0.01 0.02 0.02 0.02 0.02 0.02 0.02 0.01 0.02 0.01 0.02 0.04 0.01 0.02 0.01 0.01 0.01 0.02 0.01 0.01 0.01 0.00 0.01 0.01 0.01 0.01 0.01 0.01 0.01 0.01 0.02 0.03 0.01 0.01 0.01 0.01 0.01 0.02 0.02 0.01 0.02 0.01 0.01 0.01 0.01 0.05 0.08 0.09 0.05 0.03 0.02 0.02 0.01 0.02 1.12 1.90 0.01 0.01 0.04 0.08 0.03 0.02 0.03 0.94 1.98 1.49 1.30 0.03 3.09
0.00 0.00 0.00 0.00 0.00 0.00 0.00 0.02 0.02 0.01 0.01 0.01 0.01 0.00 0.01 0.01 0.01 0.01 0.01 0.01 0.01 0.01 0.01 0.01 0.01 0.02 0.03 0.01 0.01 0.01 0.01 0.01 0.01 0.01 0.01 0.01 0.01 0.01 0.01 0.01 0.01 0.01 0.01 0.01 0.01 0.01 0.01 0.01 0.01 0.01 0.01 0.01 0.01 0.01 0.02 0.02 0.02 0.02 0.08 0.08 0.07 0.05 0.04 0.02 0.02 0.02 0.01 0.01 0.01 0.02 1.92 2.00 0.03 0.04 0.03 0.03 2.61 2.23 1.24 0.58 0.26 2.50 2.83 2.88
0.00 0.00 0.00 0.00 0.00 0.00 0.00 0.01 0.02 0.02 0.02 0.02 0.02 0.01 0.01 0.01 0.01 0.01 0.01 0.01 0.01 0.01 0.01 0.01 0.01 0.02 0.01 0.00 0.01 0.01 0.01 0.01 0.01 0.01 0.01 0.02 0.02 0.02 0.01 0.02 0.01 0.01 0.01 0.01 0.02 0.02 0.02 0.02 0.02 0.01 0.02 0.02 0.01 0.01 0.04 0.06 0.10 0.07 0.06 0.03 0.02 0.02 0.03 0.05 0.02 0.04 0.07 0.01 0.01 0.03 0.03 2.34 2.07 1.85 0.02 2.91 2.80 0.01 0.00 0.01 1.56 1.63 0.10 0.02
0.00 0.00 0.00 0.00 0.00 0.00 0.00 0.01 0.02 0.02 0.02 0.02 0.03 0.01 0.01 0.01 0.01 0.01 0.02 0.01 0.01 0.02 0.02 0.03 0.01 0.01 0.01 0.01 0.01 0.02 0.03 0.03 0.01 0.01 0.02 0.02 0.02 0.02 0.02 0.02 0.01 0.01 0.01 0.02 0.02 0.02 0.02 0.03 0.04 0.05 0.01 0.02 0.02 0.02 0.02 0.02 0.01 0.04 0.03 0.02 0.02 0.05 0.07 0.06 0.05 0.03 0.06 0.09 0.06 0.04 0.04 0.02 0.02 1.10 2.04 2.97 0.01 0.00 0.01 2.17 2.06 0.03 0.15 0.04
0.00 0.00 0.00 0.00 0.00 0.00 0.00 0.01 0.02 0.02 0.02 0.02 0.03 0.02 0.02 0.02 0.02 0.01 0.01 0.02 0.02 0.03 0.02 0.04 0.02 0.02 0.01 0.01 0.01 0.02 0.02 0.03 0.03 0.02 0.02 0.02 0.03 0.03 0.03 0.61 0.51 0.57 0.65 0.62 0.43 0.46 0.52 0.54 0.61 0.67 0.67 0.01 0.02 0.03 0.01 0.01 0.02 0.01 0.01 0.02 0.02 0.01 0.01 0.03 0.05 0.05 0.01 0.01 0.01 0.01 0.01 0.01 0.01 0.01 0.01 0.01 0.00 0.01 1.54 2.19 0.04 0.05 0.12 0.05
0.00 0.00 0.00 0.00 0.00 0.00 0.00 0.01 0.02 0.02 0.03 0.03 0.03 0.03 0.01 0.02 0.02 0.02 0.01 0.02 0.04 0.05 0.08 0.10 0.10 0.08 0.01 0.02 0.02 0.02 0.03 0.03 0.05 0.03 0.04 0.03 0.52 0.65 0.79 0.92 0.01 0.02 0.03 0.03 0.36 0.26 0.15 0.10 0.04 0.02 0.59 0.59 0.53 0.67 0.67 0.01 0.02 0.01 0.02 0.70 0.73 0.01 0.01 0.96 1.32 1.27 1.29 0.01 0.02 0.02 0.01 0.01 0.01 0.01 0.02 2.54 2.26 1.47 1.50 0.11 0.10 0.06 0.10 0.04
0.00 0.00 0.00 0.00 0.00 0.00 0.01 0.02 0.02 0.03 0.04 0.05 0.11 0.09 0.05 0.03 0.06 0.08 0.02 0.01 0.00 0.01 0.01 0.01 0.06 0.13 0.15 0.14 0.10 0.09 0.06 0.53 0.43 0.52 0.52 0.82 0.65 0.03 0.01 0.03 0.01 0.01 0.02 0.01 0.01 0.01 0.01 0.01 0.01 0.01 0.01 0.01 0.01 0.01 0.67 0.64 0.60 1.28 1.48 0.81 1.34 1.18 1.39 1.69 0.01 0.01 1.56 1.23 1.56 1.50 1.89 1.34 1.38 1.41 1.78 1.61 0.01 0.11 0.08 0.14 0.19 0.05 0.03 0.04
0.00 0.00 0.00 0.00 0.00 0.00 0.01 0.02 0.09 0.22 0.01 0.01 0.01 0.07 0.09 0.06 0.04 0.08 0.17 0.18 0.01 0.01 0.01 0.01 0.01 0.01 0.01 0.01 0.05 0.47 0.90 0.45 0.01 0.01 0.01 0.03 0.02 0.03 0.01 0.02 0.01 0.01 0.01 0.01 0.01 0.01 0.03 0.03 0.02 0.01 0.01 0.01 0.03 0.01 0.01 0.01 0.01 0.74 0.84 0.01 0.02 0.05 0.07 0.04 0.01 0.01 0.01 0.01 0.06 0.01 0.02 0.04 0.08 0.01 0.01 0.45 0.01 0.03 0.01 0.25 0.21 0.05 0.02 0.03
0.00 0.00 0.00 0.00 0.00 0.00 0.01 0.02 0.04 0.20 0.00 0.01 0.01 0.01 0.05 0.06 0.06 0.03 0.02 0.10 0.07 0.07 0.06 0.10 0.01 0.01 0.01 0.40 0.44 0.45 0.02 0.01 0.01 0.01 0.01 0.02 0.01 0.03 0.01 0.02 0.01 0.01 0.01 0.02 0.03 0.04 0.03 0.04 0.04 0.03 1.46 1.22 0.82 0.94 0.95 1.40 1.10 1.08 0.02 0.01 0.01 0.06 0.03 0.06 0.01 0.01 0.01 0.03 0.06 0.01 0.01 0.04 0.04 0.01 0.01 0.51 0.02 0.03 0.01 0.02 0.33 0.09 0.07 0.04
0.00 0.00 0.00 0.00 0.00 0.01 0.01 0.02 0.03 0.06 0.06 0.05 0.04 0.03 0.04 0.06 0.13 0.17 0.21 0.23 0.28 0.24 0.25 0.27 0.28 0.22 0.34 0.60 0.02 0.01 0.01 0.01 0.01 0.01 0.01 0.01 0.01 0.02 0.01 0.01 0.01 0.01 0.01 0.01 0.01 0.01 0.02 0.02 0.03 0.59 0.98 0.05 0.02 0.01 0.03 0.01 0.03 0.06 0.02 0.01 0.01 0.05 0.04 0.04 0.01 0.01 0.01 0.02 0.03 0.01 0.01 0.09 0.01 0.01 1.05 0.97 0.02 0.02 0.01 0.02 0.26 0.07 0.07 0.05
0.00 0.00 0.00 0.01 0.02 0.02 0.02 0.02 0.02 0.04 0.08 0.09 0.10 0.14 0.18 0.25 0.13 0.12 0.08 0.06 0.07 0.14 0.12 0.10 0.15 0.24 0.66 0.02 0.01 0.01 0.01 0.00 0.01 0.01 0.01 0.01 0.01 0.01 0.01 0.01 0.01 0.01 0.01 0.01 0.01 0.01 0.01 0.02 0.50 0.50 0.87 0.06 0.02 0.01 0.01 0.02 0.03 0.04 0.03 0.02 0.01 0.03 0.06 0.02 0.01 0.01 0.01 0.03 0.02 0.01 0.01 0.05 0.01 0.60 1.07 0.02 0.02 0.02 0.02 0.02 0.18 0.12 0.05 0.04
0.00 0.00 0.01 0.01 0.01 0.01 0.01 0.02 0.02 0.02 0.02 0.02 0.01 0.08 0.07 0.01 0.02 0.02 0.01 0.02 0.02 0.01 0.01 0.01 0.02 0.03 0.03 0.01 0.01 0.01 0.01 0.01 0.01 0.02 0.01 0.01 0.01 0.01 0.01 0.01 0.01 0.01 0.02 0.02 0.31 0.42 0.48 0.58 0.47 0.40 0.36 0.09 0.04 0.01 0.01 0.02 0.02 0.01 0.02 0.01 0.01 0.03 0.04 0.01 0.01 0.01 0.02 0.01 0.01 0.02 0.29 0.73 0.81 0.59 0.02 0.02 0.02 0.01 0.02 0.02 0.11 0.28 0.04 0.04
0.00 0.00 0.02 0.02 0.02 0.03 0.03 0.03 0.02 0.01 0.01 0.05 0.08 0.10 0.01 0.02 0.02 0.01 0.01 0.01 0.01 0.01 0.01 0.01 0.02 0.01 0.00 0.01 0.01 0.01 0.01 0.01 0.01 0.04 0.02 0.01 0.01 0.02 0.01 0.01 0.01 0.01 0.01 0.47 0.30 0.13 0.12 0.02 0.01 0.80 0.01 0.14 0.06 0.02 0.01 0.01 0.01 0.01 0.01 0.01 0.01 0.03 0.04 0.01 0.01 0.01 0.01 0.01 0.26 0.29 0.25 0.03 0.65 0.02 0.02 0.02 0.02 0.01 0.01 0.01 0.12 0.08 0.03 0.03
0.00 0.00 0.01 0.01 0.00 0.00 0.00 0.00 0.02 0.03 0.04 0.08 0.01 0.01 0.01 0.02 0.01 0.01 0.01 0.01 0.01 0.02 0.01 0.01 0.01 0.00 0.01 0.01 0.02 0.02 0.02 0.02 0.02 0.05 0.26 0.28 0.01 0.02 0.21 0.22 0.01 0.64 0.41 0.51 0.01 0.01 0.01 0.01 0.04 0.50 0.01 0.08 0.10 0.05 0.01 0.01 0.01 0.01 0.02 0.00 0.01 0.03 0.01 0.01 0.01 0.02 0.20 0.25 0.20 0.15 0.06 0.05 0.63 0.01 0.02 0.02 0.02 0.01 0.01 0.01 0.11 0.05 0.04 0.03
0.00 0.00 0.00 0.00 0.00 0.00 0.00 0.00 0.00 0.01 0.01 0.01 0.01 0.00 0.01 0.01 0.01 0.01 0.01 0.01 0.02 0.03 0.08 0.10 0.01 0.01 0.01 0.01 0.02 0.03 0.23 0.65 0.60 0.27 0.21 0.41 0.46 0.37 0.21 0.44 0.01 0.66 0.02 0.01 0.01 0.01 0.01 0.03 0.03 0.48 0.01 0.01 0.13 0.10 0.02 0.01 0.01 0.01 0.01 0.01 0.01 0.01 0.01 0.02 0.16 0.23 0.24 0.01 0.02 0.05 0.13 0.06 0.42 0.01 0.01 0.01 0.01 0.01 0.01 0.01 0.10 0.08 0.04 0.03
0.00 0.00 0.00 0.00 0.00 0.00 0.00 0.00 0.00 0.00 0.00 0.00 0.00 0.00 0.00 0.01 0.02 0.04 0.04 0.05 0.06 0.15 0.07 0.16 0.17 0.01 0.02 0.02 0.30 0.33 0.33 0.01 0.01 0.01 0.01 0.01 0.02 0.03 0.01 0.45 0.00 0.66 0.02 0.01 0.01 0.01 0.02 0.02 0.01 0.58 0.15 0.00 0.04 0.12 0.12 0.06 0.04 0.01 0.01 0.01 0.01 0.02 0.03 0.02 0.15 0.06 0.03 0.03 0.03 0.04 0.17 0.01 0.32 0.31 0.01 0.01 0.01 0.01 0.01 0.02 0.13 0.11 0.04 0.03
0.00 0.00 0.00 0.00 0.00 0.00 0.00 0.00 0.00 0.00 0.00 0.00 0.00 0.00 0.00 0.00 0.01 0.01 0.01 0.02 0.02 0.01 0.02 0.03 0.20 0.21 0.21 0.22 0.27 0.05 0.02 0.01 0.01 0.01 0.01 0.01 0.02 0.03 0.11 0.56 0.70 0.85 0.01 0.01 0.01 0.01 0.01 0.01 0.01 0.34 0.19 0.01 0.00 0.02 0.06 0.06 0.05 0.03 0.01 0.01 0.01 0.01 0.01 0.15 0.35 0.01 0.01 0.02 0.01 0.04 0.14 0.01 0.02 0.50 0.02 0.01 0.01 0.01 0.01 0.02 0.03 0.16 0.04 0.03
0.00 0.00 0.00 0.00 0.00 0.00 0.00 0.00 0.00 0.00 0.00 0.00 0.00 0.00 0.00 0.00 0.01 0.01 0.01 0.01 0.01 0.01 0.02 0.02 0.02 0.03 0.02 0.02 0.07 0.06 0.01 0.01 0.01 0.01 0.01 0.04 0.03 0.02 0.09 0.07 0.27 0.01 0.01 0.01 0.00 0.01 0.01 0.01 0.01 0.39 0.22 0.37 0.03 0.01 0.01 0.06 0.05 0.04 0.02 0.01 0.01 0.01 0.05 0.34 0.01 0.01 0.01 0.01 0.01 0.13 0.13 0.01 0.01 0.58 0.13 0.03 0.02 0.01 0.00 0.02 0.02 0.07 0.04 0.03
0.00 0.00 0.00 0.00 0.00 0.00 0.00 0.00 0.00 0.00 0.00 0.00 0.00 0.00 0.00 0.00 0.00 0.00 0.00 0.00 0.00 0.01 0.01 0.01 0.01 0.04 0.01 0.02 0.03 0.10 0.02 0.01 0.01 0.02 0.03 0.02 0.01 0.01 0.14 0.01 0.27 0.01 0.01 0.00 0.01 0.02 0.01 0.08 0.07 0.75 0.74 0.22 0.02 0.01 0.01 0.01 0.04 0.02 0.02 0.01 0.01 0.01 0.06 0.18 0.01 0.01 0.01 0.02 0.06 0.16 0.02 0.01 0.01 0.54 0.03 0.06 0.06 0.05 0.04 0.03 0.02 0.03 0.04 0.03
0.00 0.00 0.00 0.00 0.00 0.00 0.00 0.00 0.00 0.00 0.00 0.00 0.00 0.00 0.00 0.00 0.00 0.00 0.00 0.00 0.00 0.00 0.00 0.01 0.01 0.03 0.01 0.02 0.02 0.07 0.02 0.01 0.01 0.01 0.01 0.04 0.13 0.14 0.16 0.00 0.26 0.16 0.02 0.01 0.01 0.01 0.17 0.10 0.23 0.11 0.17 0.51 0.05 0.01 0.01 0.01 0.02 0.02 0.01 0.01 0.01 0.02 0.06 0.14 0.02 0.00 0.01 0.01 0.04 0.15 0.01 0.01 0.01 0.52 0.16 0.01 0.01 0.02 0.03 0.03 0.02 0.02 0.03 0.02
0.00 0.00 0.00 0.00 0.00 0.00 0.00 0.00 0.00 0.00 0.00 0.00 0.00 0.00 0.00 0.00 0.00 0.00 0.00 0.00 0.00 0.00 0.00 0.00 0.01 0.01 0.01 0.01 0.02 0.04 0.04 0.00 0.01 0.02 0.04 0.02 0.10 0.01 0.01 0.01 0.13 0.16 0.01 0.01 0.02 0.21 0.16 0.01 0.01 0.01 0.17 0.31 0.06 0.11 0.09 0.01 0.01 0.01 0.01 0.01 0.02 0.02 0.14 0.13 0.01 0.01 0.01 0.13 0.15 0.09 0.01 0.00 0.24 0.21 0.12 0.08 0.06 0.05 0.03 0.02 0.02 0.02 0.05 0.02
0.00 0.00 0.00 0.00 0.00 0.00 0.00 0.00 0.00 0.00 0.00 0.00 0.00 0.00 0.00 0.00 0.00 0.00 0.00 0.00 0.00 0.00 0.00 0.00 0.00 0.01 0.01 0.01 0.01 0.02 0.11 0.01 0.01 0.01 0.02 0.08 0.06 0.01 0.01 0.01 0.24 0.02 0.01 0.00 0.01 0.20 0.02 0.01 0.01 0.02 0.25 0.20 0.01 0.01 0.08 0.08 0.04 0.01 0.01 0.01 0.02 0.01 0.18 0.01 0.01 0.03 0.08 0.13 0.02 0.01 0.01 0.01 0.24 0.04 0.13 0.03 0.04 0.03 0.03 0.02 0.02 0.01 0.03 0.01
0.00 0.00 0.00 0.00 0.00 0.00 0.00 0.00 0.00 0.00 0.00 0.00 0.00 0.00 0.00 0.00 0.00 0.00 0.00 0.00 0.00 0.00 0.00 0.00 0.00 0.00 0.00 0.01 0.01 0.02 0.04 0.01 0.01 0.03 0.03 0.05 0.01 0.01 0.01 0.19 0.24 0.01 0.01 0.01 0.17 0.19 0.01 0.01 0.01 0.01 0.16 0.37 0.01 0.01 0.01 0.02 0.09 0.02 0.01 0.01 0.03 0.12 0.17 0.01 0.01 0.01 0.10 0.02 0.02 0.01 0.01 0.14 0.21 0.06 0.09 0.04 0.04 0.03 0.03 0.02 0.02 0.01 0.01 0.01
0.00 0.00 0.00 0.00 0.00 0.00 0.00 0.00 0.00 0.00 0.00 0.00 0.00 0.00 0.00 0.00 0.00 0.00 0.00 0.00 0.00 0.00 0.00 0.00 0.00 0.00 0.00 0.01 0.01 0.02 0.03 0.01 0.01 0.01 0.01 0.02 0.01 0.01 0.17 0.19 0.01 0.01 0.00 0.01 0.16 0.02 0.02 0.01 0.01 0.01 0.21 0.26 0.04 0.02 0.01 0.02 0.01 0.01 0.01 0.01 0.05 0.05 0.06 0.01 0.02 0.04 0.06 0.01 0.01 0.01 0.12 0.08 0.12 0.11 0.04 0.03 0.03 0.03 0.03 0.02 0.02 0.02 0.01 0.01
0.00 0.00 0.00 0.00 0.00 0.00 0.00 0.00 0.00 0.00 0.00 0.00 0.00 0.00 0.00 0.00 0.00 0.00 0.00 0.00 0.00 0.00 0.00 0.00 0.00 0.00 0.00 0.00 0.01 0.02 0.01 0.01 0.01 0.01 0.01 0.01 0.04 0.19 0.17 0.01 0.01 0.01 0.01 0.07 0.12 0.02 0.02 0.01 0.01 0.01 0.30 0.15 0.04 0.01 0.01 0.01 0.01 0.01 0.01 0.02 0.06 0.05 0.05 0.01 0.02 0.02 0.02 0.01 0.00 0.04 0.11 0.03 0.01 0.26 0.02 0.03 0.03 0.03 0.02 0.02 0.02 0.02 0.01 0.01
0.00 0.00 0.00 0.00 0.00 0.00 0.00 0.00 0.00 0.00 0.00 0.00 0.00 0.00 0.00 0.00 0.00 0.00 0.00 0.00 0.00 0.00 0.00 0.00 0.00 0.00 0.00 0.00 0.00 0.01 0.01 0.01 0.01 0.07 0.11 0.15 0.06 0.17 0.02 0.01 0.01 0.01 0.10 0.07 0.10 0.02 0.01 0.00 0.01 0.01 0.20 0.18 0.08 0.02 0.01 0.01 0.01 0.01 0.01 0.01 0.07 0.02 0.02 0.02 0.01 0.01 0.01 0.00 0.01 0.06 0.04 0.04 0.01 0.15 0.10 0.03 0.03 0.03 0.02 0.02 0.01 0.01 0.01 0.01
0.00 0.00 0.00 0.00 0.00 0.00 0.00 0.00 0.00 0.00 0.00 0.00 0.00 0.00 0.00 0.00 0.00 0.00 0.00 0.00 0.00 0.00 0.00 0.00 0.00 0.00 0.00 0.00 0.00 0.01 0.01 0.02 0.04 0.19 0.01 0.01 0.08 0.09 0.01 0.01 0.01 0.05 0.10 0.01 0.05 0.01 0.01 0.01 0.01 0.03 0.29 0.08 0.08 0.19 0.08 0.02 0.01 0.01 0.01 0.00 0.16 0.00 0.01 0.01 0.01 0.00 0.00 0.01 0.06 0.09 0.01 0.02 0.02 0.13 0.05 0.04 0.03 0.02 0.02 0.02 0.01 0.01 0.01 0.01
0.00 0.00 0.00 0.00 0.00 0.00 0.00 0.00 0.00 0.00 0.00 0.00 0.00 0.00 0.00 0.00 0.00 0.00 0.00 0.00 0.00 0.00 0.00 0.00 0.00 0.00 0.00 0.00 0.00 0.01 0.02 0.02 0.04 0.04 0.01 0.01 0.04 0.02 0.01 0.01 0.02 0.04 0.04 0.01 0.03 0.01 0.01 0.01 0.03 0.09 0.24 0.03 0.01 0.06 0.07 0.13 0.08 0.02 0.01 0.01 0.15 0.00 0.01 0.01 0.01 0.02 0.02 0.07 0.05 0.04 0.01 0.01 0.02 0.10 0.05 0.04 0.03 0.02 0.02 0.01 0.01 0.01 0.01 0.01
0.00 0.00 0.00 0.00 0.00 0.00 0.00 0.00 0.00 0.00 0.00 0.00 0.00 0.00 0.00 0.00 0.00 0.00 0.00 0.00 0.00 0.00 0.00 0.00 0.00 0.00 0.00 0.00 0.00 0.01 0.01 0.01 0.03 0.02 0.01 0.01 0.02 0.01 0.01 0.01 0.01 0.02 0.03 0.01 0.02 0.01 0.01 0.04 0.04 0.05 0.22 0.04 0.02 0.02 0.02 0.01 0.07 0.06 0.07 0.01 0.15 0.01 0.00 0.01 0.01 0.01 0.02 0.03 0.01 0.02 0.01 0.01 0.02 0.07 0.05 0.04 0.03 0.02 0.02 0.01 0.01 0.01 0.01 0.01
0.00 0.00 0.00 0.00 0.00 0.00 0.00 0.00 0.00 0.00 0.00 0.00 0.00 0.00 0.00 0.00 0.00 0.00 0.00 0.00 0.00 0.00 0.00 0.00 0.00 0.00 0.00 0.00 0.00 0.00 0.01 0.01 0.02 0.02 0.01 0.01 0.01 0.01 0.01 0.01 0.01 0.02 0.02 0.01 0.01 0.01 0.09 0.06 0.04 0.06 0.18 0.04 0.02 0.02 0.02 0.01 0.01 0.02 0.05 0.01 0.14 0.01 0.00 0.00 0.01 0.01 0.01 0.01 0.01 0.01 0.00 0.01 0.01 0.05 0.04 0.03 0.03 0.02 0.02 0.01 0.01 0.01 0.01 0.00
0.00 0.00 0.00 0.00 0.00 0.00 0.00 0.00 0.00 0.00 0.00 0.00 0.00 0.00 0.00 0.00 0.00 0.00 0.00 0.00 0.00 0.00 0.00 0.00 0.00 0.00 0.00 0.00 0.00 0.00 0.00 0.01 0.01 0.01 0.00 0.00 0.00 0.00 0.00 0.01 0.01 0.01 0.01 0.01 0.01 0.01 0.08 0.01 0.01 0.05 0.15 0.04 0.02 0.02 0.02 0.01 0.01 0.01 0.02 0.01 0.13 0.01 0.01 0.00 0.00 0.00 0.00 0.00 0.00 0.00 0.00 0.01 0.02 0.04 0.03 0.03 0.03 0.02 0.02 0.01 0.01 0.01 0.00 0.00
0.00 0.00 0.00 0.00 0.00 0.00 0.00 0.00 0.00 0.00 0.00 0.00 0.00 0.00 0.00 0.00 0.00 0.00 0.00 0.00 0.00 0.00 0.00 0.00 0.00 0.00 0.00 0.00 0.00 0.00 0.00 0.00 0.00 0.00 0.00 0.00 0.00 0.00 0.00 0.00 0.00 0.00 0.01 0.01 0.02 0.05 0.06 0.01 0.01 0.04 0.15 0.06 0.03 0.02 0.01 0.01 0.01 0.01 0.01 0.01 0.12 0.11 0.07 0.00 0.00 0.00 0.00 0.00 0.00 0.00 0.00 0.00 0.01 0.03 0.02 0.02 0.03 0.03 0.02 0.02 0.01 0.00 0.00 0.00
0.00 0.00 0.00 0.00 0.00 0.00 0.00 0.00 0.00 0.00 0.00 0.00 0.00 0.00 0.00 0.00 0.00 0.00 0.00 0.00 0.00 0.00 0.00 0.00 0.00 0.00 0.00 0.00 0.00 0.00 0.00 0.00 0.00 0.00 0.00 0.00 0.00 0.00 0.00 0.00 0.00 0.00 0.01 0.02 0.02 0.03 0.01 0.01 0.01 0.04 0.12 0.07 0.03 0.02 0.02 0.02 0.01 0.00 0.01 0.01 0.01 0.05 0.06 0.00 0.00 0.00 0.00 0.00 0.00 0.00 0.00 0.00 0.01 0.01 0.01 0.01 0.03 0.03 0.02 0.00 0.00 0.00 0.00 0.00
0.00 0.00 0.00 0.00 0.00 0.00 0.00 0.00 0.00 0.00 0.00 0.00 0.00 0.00 0.00 0.00 0.00 0.00 0.00 0.00 0.00 0.00 0.00 0.00 0.00 0.00 0.00 0.00 0.00 0.00 0.00 0.00 0.00 0.00 0.00 0.00 0.00 0.00 0.00 0.00 0.00 0.00 0.00 0.00 0.01 0.01 0.01 0.01 0.02 0.05 0.08 0.06 0.02 0.02 0.01 0.01 0.01 0.00 0.01 0.01 0.02 0.06 0.00 0.00 0.00 0.00 0.00 0.00 0.00 0.00 0.00 0.00 0.00 0.00 0.00 0.00 0.00 0.00 0.00 0.00 0.00 0.00 0.00 0.00
