NEW_versions/Scripts/Results/Iao_50m/MaxFloodMaps/Iao_50m_0.4.asc
NCOLS 111
NROWS 84
XLLCENTER 750508.350000
YLLCENTER 2308429.860000
CELLSIZE 50.000000
NODATA_value -99999.000000
[rows 38 to 75 of 84, columns 0 to 83 of 111]
0.00 0.00 0.00 0.00 0.00 0.00 0.00 0.00 0.01 0.01 0.01 0.01 0.01 0.04 0.02 0.01 0.01 0.01 0.01 0.01 0.03 0.02 0.01 0.01 0.01 0.01 0.01 0.00 0.00 0.00 0.03 0.04 0.06 0.06 0.07 0.08 0.05 0.04 0.02 0.74 0.35 0.40 0.61 0.55 0.33 0.43 0.37 0.74 0.62 0.58 0.58 0.01 0.01 0.01 0.02 0.02 0.01 0.01 0.01 0.69 1.10 1.01 0.64 0.65 0.01 0.01 0.01 0.01 0.01 0.01 0.01 0.03 0.04 0.02 0.01 0.01 0.05 0.07 0.04 0.05 0.01 0.01 0.01 0.01
0.00 0.00 0.00 0.00 0.00 0.00 0.00 0.00 0.00 0.01 0.01 0.01 0.01 0.02 0.01 0.01 0.01 0.00 0.00 0.00 0.02 0.00 0.00 0.00 0.00 0.01 0.03 0.07 0.10 0.09 0.06 0.05 0.06 0.01 0.01 0.01 0.01 0.01 0.01 0.01 0.01 0.02 0.01 0.01 0.01 0.02 0.01 0.01 0.01 0.01 0.58 0.63 0.92 0.89 0.70 0.29 0.53 0.53 0.52 0.66 0.00 0.01 0.01 0.90 0.89 0.81 0.01 0.01 0.01 0.00 0.01 0.02 0.03 0.04 0.01 0.01 0.01 0.01 0.04 0.06 0.07 0.03 0.02 0.01
0.00 0.00 0.00 0.00 0.00 0.00 0.00 0.00 0.00 0.01 0.01 0.02 0.01 0.01 0.01 0.01 0.01 0.01 0.02 0.03 0.02 0.02 0.04 0.04 0.05 0.06 0.05 0.04 0.02 0.01 0.01 0.01 0.02 0.01 0.01 0.01 0.01 0.01 0.01 0.01 0.01 0.02 0.01 0.01 0.01 0.01 0.01 0.02 0.02 0.01 0.01 0.01 0.01 0.01 0.04 0.26 0.26 0.01 0.01 0.01 0.00 0.01 0.01 0.01 0.01 0.80 0.86 0.78 0.01 0.01 0.01 0.01 0.03 0.04 0.01 0.01 0.00 0.00 0.00 0.00 0.03 0.04 0.04 0.03
0.00 0.00 0.00 0.00 0.00 0.00 0.00 0.01 0.01 0.01 0.01 0.02 0.00 0.00 0.01 0.01 0.01 0.01 0.01 0.01 0.01 0.01 0.02 0.01 0.01 0.01 0.02 0.02 0.01 0.00 0.01 0.01 0.02 0.01 0.00 0.01 0.00 0.01 0.00 0.01 0.01 0.01 0.00 0.01 0.01 0.01 0.01 0.05 0.00 0.01 0.01 0.01 0.01 0.01 0.01 0.00 0.00 0.01 0.01 0.01 0.01 0.01 0.01 0.01 0.01 0.01 0.01 0.64 0.63 0.45 0.39 0.00 0.01 0.05 0.03 0.00 0.01 0.01 0.01 0.00 0.02 0.03 0.03 0.02
0.00 0.00 0.00 0.00 0.00 0.00 0.01 0.01 0.01 0.00 0.01 0.01 0.00 0.00 0.01 0.01 0.01 0.01 0.01 0.01 0.01 0.01 0.01 0.01 0.00 0.01 0.02 0.01 0.01 0.00 0.01 0.01 0.01 0.01 0.00 0.00 0.00 0.00 0.00 0.00 0.01 0.01 0.01 0.01 0.00 0.01 0.02 0.00 0.00 0.00 0.01 0.01 0.01 0.01 0.00 0.01 0.01 0.01 0.01 0.01 0.03 0.04 0.04 0.03 0.01 0.01 0.01 0.01 0.01 0.46 0.80 0.01 0.01 0.02 0.03 0.02 0.01 0.01 0.38 0.85 0.61 0.51 0.01 1.11
0.00 0.00 0.00 0.00 0.00 0.00 0.00 0.01 0.01 0.01 0.01 0.01 0.00 0.00 0.00 0.00 0.01 0.00 0.01 0.01 0.01 0.01 0.00 0.00 0.00 0.01 0.01 0.00 0.01 0.00 0.00 0.00 0.01 0.00 0.00 0.01 0.01 0.00 0.00 0.00 0.00 0.00 0.00 0.00 0.01 0.00 0.00 0.01 0.00 0.00 0.00 0.00 0.00 0.01 0.01 0.01 0.01 0.01 0.04 0.04 0.03 0.02 0.02 0.01 0.01 0.01 0.01 0.01 0.01 0.01 0.80 0.82 0.01 0.02 0.01 0.01 1.18 1.03 0.53 0.23 0.10 0.93 1.07 1.07
0.00 0.00 0.00 0.00 0.00 0.00 0.00 0.01 0.01 0.01 0.01 0.01 0.01 0.01 0.00 0.00 0.00 0.01 0.00 0.00 0.00 0.00 0.00 0.00 0.00 0.01 0.00 0.00 0.00 0.01 0.01 0.00 0.01 0.01 0.01 0.01 0.01 0.01 0.01 0.01 0.01 0.01 0.01 0.01 0.01 0.01 0.01 0.01 0.01 0.01 0.01 0.01 0.01 0.01 0.02 0.03 0.05 0.03 0.03 0.01 0.01 0.01 0.02 0.02 0.01 0.02 0.03 0.00 0.01 0.01 0.01 1.02 0.90 0.83 0.01 1.25 1.23 0.01 0.00 0.00 0.55 0.56 0.05 0.01
0.00 0.00 0.00 0.00 0.00 0.00 0.00 0.01 0.01 0.01 0.01 0.01 0.01 0.01 0.01 0.01 0.01 0.01 0.01 0.01 0.01 0.01 0.01 0.01 0.00 0.00 0.00 0.00 0.01 0.01 0.01 0.01 0.01 0.01 0.01 0.01 0.01 0.01 0.01 0.01 0.01 0.01 0.01 0.01 0.01 0.01 0.01 0.01 0.02 0.02 0.01 0.01 0.01 0.01 0.01 0.01 0.01 0.02 0.01 0.01 0.01 0.02 0.03 0.03 0.02 0.02 0.03 0.04 0.03 0.02 0.02 0.01 0.01 0.45 0.79 1.26 0.00 0.00 0.00 0.78 0.76 0.01 0.07 0.02
0.00 0.00 0.00 0.00 0.00 0.00 0.00 0.01 0.01 0.01 0.01 0.01 0.02 0.01 0.01 0.01 0.01 0.01 0.01 0.01 0.01 0.01 0.01 0.02 0.01 0.01 0.00 0.01 0.01 0.01 0.01 0.01 0.01 0.01 0.01 0.01 0.01 0.01 0.01 0.25 0.21 0.23 0.26 0.25 0.17 0.18 0.20 0.21 0.24 0.25 0.25 0.01 0.01 0.01 0.01 0.01 0.01 0.00 0.01 0.01 0.01 0.01 0.01 0.02 0.02 0.02 0.00 0.00 0.00 0.01 0.00 0.00 0.00 0.00 0.00 0.00 0.00 0.00 0.54 0.78 0.02 0.02 0.06 0.02
0.00 0.00 0.00 0.00 0.00 0.00 0.00 0.01 0.01 0.01 0.01 0.02 0.02 0.01 0.01 0.01 0.01 0.01 0.01 0.01 0.02 0.03 0.04 0.05 0.05 0.04 0.00 0.01 0.01 0.01 0.01 0.02 0.02 0.02 0.02 0.02 0.22 0.27 0.33 0.39 0.01 0.01 0.02 0.01 0.14 0.10 0.06 0.04 0.01 0.01 0.22 0.22 0.20 0.25 0.25 0.01 0.01 0.01 0.01 0.27 0.27 0.01 0.01 0.36 0.50 0.48 0.48 0.00 0.01 0.01 0.00 0.01 0.01 0.01 0.01 0.98 0.90 0.53 0.54 0.05 0.05 0.03 0.05 0.02
0.00 0.00 0.00 0.00 0.00 0.00 0.01 0.01 0.01 0.01 0.02 0.02 0.05 0.05 0.02 0.01 0.03 0.04 0.01 0.00 0.00 0.00 0.00 0.01 0.03 0.06 0.07 0.07 0.05 0.04 0.03 0.24 0.19 0.23 0.23 0.36 0.28 0.02 0.01 0.01 0.00 0.01 0.01 0.01 0.01 0.01 0.01 0.01 0.01 0.00 0.00 0.00 0.00 0.00 0.25 0.24 0.22 0.48 0.59 0.31 0.52 0.45 0.52 0.68 0.00 0.01 0.60 0.46 0.58 0.55 0.75 0.50 0.51 0.51 0.67 0.57 0.01 0.05 0.04 0.07 0.09 0.02 0.02 0.02
0.00 0.00 0.00 0.00 0.00 0.00 0.00 0.01 0.04 0.11 0.00 0.00 0.01 0.04 0.05 0.03 0.02 0.04 0.08 0.09 0.00 0.01 0.01 0.00 0.00 0.01 0.00 0.00 0.02 0.21 0.43 0.20 0.01 0.00 0.01 0.02 0.01 0.01 0.00 0.01 0.00 0.01 0.00 0.00 0.00 0.00 0.01 0.01 0.01 0.01 0.01 0.01 0.02 0.01 0.00 0.00 0.00 0.30 0.32 0.00 0.01 0.03 0.03 0.02 0.01 0.00 0.01 0.01 0.03 0.01 0.01 0.02 0.03 0.00 0.00 0.20 0.01 0.01 0.00 0.12 0.10 0.02 0.01 0.02
0.00 0.00 0.00 0.00 0.00 0.00 0.00 0.01 0.02 0.10 0.00 0.00 0.01 0.00 0.02 0.03 0.03 0.02 0.01 0.05 0.04 0.03 0.03 0.05 0.00 0.00 0.01 0.18 0.20 0.20 0.01 0.01 0.01 0.00 0.01 0.01 0.01 0.01 0.01 0.01 0.00 0.00 0.01 0.01 0.02 0.02 0.02 0.02 0.02 0.02 0.63 0.52 0.34 0.38 0.38 0.59 0.45 0.45 0.01 0.01 0.01 0.03 0.01 0.03 0.00 0.00 0.01 0.02 0.03 0.01 0.01 0.01 0.01 0.00 0.01 0.23 0.01 0.01 0.01 0.01 0.16 0.04 0.03 0.02
0.00 0.00 0.00 0.00 0.00 0.00 0.00 0.01 0.02 0.03 0.03 0.02 0.02 0.02 0.02 0.03 0.07 0.08 0.10 0.11 0.14 0.11 0.12 0.13 0.14 0.11 0.16 0.28 0.01 0.01 0.01 0.01 0.00 0.00 0.01 0.01 0.01 0.01 0.00 0.01 0.00 0.00 0.00 0.00 0.00 0.00 0.01 0.01 0.02 0.24 0.40 0.02 0.01 0.01 0.01 0.01 0.01 0.03 0.01 0.01 0.01 0.03 0.02 0.02 0.00 0.01 0.01 0.01 0.02 0.01 0.01 0.02 0.01 0.00 0.48 0.46 0.01 0.01 0.01 0.01 0.13 0.04 0.04 0.02
0.00 0.00 0.00 0.00 0.01 0.01 0.01 0.01 0.01 0.02 0.04 0.05 0.05 0.07 0.09 0.12 0.06 0.06 0.04 0.03 0.03 0.07 0.05 0.05 0.07 0.11 0.34 0.01 0.01 0.01 0.00 0.00 0.00 0.01 0.00 0.00 0.00 0.00 0.00 0.00 0.01 0.01 0.01 0.01 0.01 0.01 0.01 0.01 0.20 0.21 0.36 0.03 0.01 0.01 0.01 0.01 0.02 0.02 0.01 0.01 0.01 0.01 0.03 0.01 0.00 0.00 0.01 0.02 0.01 0.01 0.00 0.01 0.00 0.27 0.48 0.01 0.01 0.01 0.01 0.01 0.09 0.06 0.03 0.02
0.00 0.00 0.00 0.01 0.01 0.01 0.01 0.01 0.01 0.01 0.01 0.01 0.01 0.04 0.03 0.01 0.01 0.01 0.01 0.01 0.01 0.01 0.01 0.01 0.01 0.01 0.01 0.00 0.00 0.00 0.00 0.00 0.01 0.01 0.01 0.01 0.00 0.01 0.00 0.00 0.01 0.01 0.01 0.01 0.13 0.17 0.20 0.24 0.19 0.17 0.15 0.04 0.02 0.01 0.00 0.01 0.01 0.01 0.01 0.01 0.01 0.01 0.02 0.01 0.00 0.01 0.01 0.01 0.01 0.01 0.12 0.31 0.38 0.27 0.01 0.01 0.01 0.01 0.01 0.01 0.05 0.14 0.02 0.02
0.00 0.00 0.01 0.01 0.01 0.01 0.02 0.01 0.01 0.01 0.01 0.03 0.04 0.05 0.00 0.01 0.01 0.01 0.01 0.01 0.00 0.00 0.00 0.00 0.01 0.01 0.00 0.00 0.01 0.01 0.01 0.01 0.01 0.02 0.01 0.01 0.01 0.01 0.00 0.00 0.00 0.01 0.01 0.20 0.13 0.06 0.05 0.01 0.01 0.37 0.00 0.07 0.03 0.01 0.01 0.01 0.00 0.00 0.00 0.00 0.01 0.02 0.02 0.00 0.00 0.00 0.00 0.01 0.11 0.12 0.11 0.01 0.31 0.01 0.01 0.01 0.01 0.01 0.01 0.01 0.06 0.04 0.02 0.02
0.00 0.00 0.00 0.01 0.00 0.00 0.00 0.00 0.01 0.01 0.02 0.04 0.01 0.00 0.01 0.01 0.00 0.00 0.00 0.00 0.01 0.01 0.00 0.01 0.00 0.00 0.01 0.01 0.01 0.01 0.01 0.01 0.01 0.02 0.12 0.12 0.00 0.01 0.09 0.10 0.00 0.28 0.17 0.22 0.00 0.01 0.01 0.01 0.02 0.22 0.00 0.04 0.05 0.03 0.01 0.01 0.01 0.00 0.01 0.00 0.01 0.02 0.00 0.00 0.01 0.01 0.09 0.11 0.09 0.06 0.03 0.03 0.30 0.01 0.01 0.01 0.01 0.01 0.01 0.01 0.06 0.03 0.02 0.02
0.00 0.00 0.00 0.00 0.00 0.00 0.00 0.00 0.00 0.00 0.00 0.01 0.00 0.00 0.00 0.00 0.01 0.01 0.01 0.01 0.01 0.01 0.04 0.05 0.00 0.01 0.01 0.01 0.01 0.01 0.11 0.31 0.30 0.13 0.10 0.19 0.21 0.17 0.09 0.19 0.00 0.29 0.01 0.01 0.00 0.00 0.01 0.02 0.02 0.22 0.01 0.00 0.06 0.05 0.01 0.01 0.00 0.00 0.01 0.00 0.00 0.01 0.00 0.01 0.07 0.10 0.10 0.01 0.01 0.02 0.06 0.03 0.20 0.00 0.00 0.01 0.01 0.00 0.00 0.01 0.05 0.04 0.02 0.02
0.00 0.00 0.00 0.00 0.00 0.00 0.00 0.00 0.00 0.00 0.00 0.00 0.00 0.00 0.00 0.01 0.01 0.02 0.02 0.02 0.03 0.07 0.03 0.08 0.08 0.01 0.01 0.01 0.15 0.16 0.16 0.01 0.01 0.01 0.01 0.01 0.01 0.01 0.00 0.19 0.00 0.29 0.01 0.01 0.00 0.01 0.01 0.01 0.01 0.27 0.06 0.00 0.02 0.06 0.06 0.03 0.02 0.01 0.00 0.00 0.00 0.01 0.01 0.01 0.07 0.03 0.01 0.01 0.02 0.02 0.08 0.00 0.15 0.15 0.00 0.00 0.00 0.00 0.00 0.01 0.06 0.05 0.02 0.02
0.00 0.00 0.00 0.00 0.00 0.00 0.00 0.00 0.00 0.00 0.00 0.00 0.00 0.00 0.00 0.00 0.00 0.01 0.01 0.01 0.01 0.01 0.01 0.01 0.10 0.10 0.10 0.11 0.13 0.03 0.01 0.01 0.01 0.01 0.01 0.01 0.01 0.01 0.05 0.24 0.31 0.38 0.01 0.01 0.00 0.01 0.01 0.01 0.01 0.16 0.07 0.01 0.00 0.01 0.03 0.03 0.03 0.01 0.01 0.00 0.00 0.01 0.00 0.07 0.16 0.00 0.01 0.01 0.01 0.02 0.07 0.00 0.01 0.24 0.01 0.00 0.00 0.00 0.00 0.01 0.01 0.08 0.02 0.02
0.00 0.00 0.00 0.00 0.00 0.00 0.00 0.00 0.00 0.00 0.00 0.00 0.00 0.00 0.00 0.00 0.00 0.00 0.00 0.00 0.00 0.01 0.01 0.01 0.01 0.01 0.01 0.01 0.04 0.03 0.01 0.00 0.01 0.00 0.00 0.02 0.01 0.01 0.05 0.03 0.13 0.01 0.01 0.00 0.00 0.00 0.00 0.00 0.00 0.19 0.09 0.17 0.02 0.01 0.01 0.03 0.02 0.02 0.01 0.00 0.00 0.01 0.03 0.15 0.01 0.00 0.00 0.00 0.00 0.06 0.06 0.00 0.01 0.28 0.06 0.01 0.01 0.00 0.00 0.01 0.01 0.03 0.02 0.02
0.00 0.00 0.00 0.00 0.00 0.00 0.00 0.00 0.00 0.00 0.00 0.00 0.00 0.00 0.00 0.00 0.00 0.00 0.00 0.00 0.00 0.00 0.00 0.01 0.01 0.02 0.01 0.01 0.01 0.05 0.01 0.00 0.00 0.01 0.02 0.01 0.01 0.01 0.07 0.00 0.13 0.00 0.00 0.00 0.00 0.01 0.01 0.04 0.03 0.40 0.39 0.11 0.01 0.00 0.00 0.01 0.02 0.01 0.01 0.00 0.00 0.01 0.03 0.08 0.00 0.00 0.00 0.01 0.03 0.08 0.01 0.00 0.01 0.26 0.02 0.03 0.03 0.03 0.02 0.01 0.01 0.02 0.02 0.02
0.00 0.00 0.00 0.00 0.00 0.00 0.00 0.00 0.00 0.00 0.00 0.00 0.00 0.00 0.00 0.00 0.00 0.00 0.00 0.00 0.00 0.00 0.00 0.00 0.01 0.01 0.00 0.01 0.01 0.03 0.01 0.00 0.00 0.01 0.00 0.02 0.06 0.07 0.08 0.00 0.12 0.07 0.01 0.00 0.01 0.00 0.08 0.05 0.11 0.05 0.08 0.25 0.02 0.01 0.00 0.00 0.01 0.01 0.01 0.00 0.00 0.01 0.03 0.06 0.01 0.00 0.00 0.00 0.02 0.07 0.01 0.00 0.00 0.25 0.08 0.01 0.01 0.01 0.02 0.01 0.01 0.01 0.02 0.01
0.00 0.00 0.00 0.00 0.00 0.00 0.00 0.00 0.00 0.00 0.00 0.00 0.00 0.00 0.00 0.00 0.00 0.00 0.00 0.00 0.00 0.00 0.00 0.00 0.00 0.01 0.01 0.01 0.01 0.02 0.02 0.00 0.00 0.01 0.02 0.01 0.05 0.01 0.00 0.01 0.06 0.08 0.01 0.00 0.01 0.10 0.08 0.00 0.01 0.01 0.08 0.15 0.03 0.05 0.04 0.01 0.01 0.01 0.00 0.00 0.01 0.01 0.06 0.06 0.00 0.00 0.01 0.07 0.07 0.04 0.00 0.00 0.12 0.10 0.06 0.04 0.03 0.02 0.01 0.01 0.01 0.01 0.02 0.01
0.00 0.00 0.00 0.00 0.00 0.00 0.00 0.00 0.00 0.00 0.00 0.00 0.00 0.00 0.00 0.00 0.00 0.00 0.00 0.00 0.00 0.00 0.00 0.00 0.00 0.01 0.00 0.00 0.01 0.01 0.06 0.00 0.01 0.01 0.01 0.04 0.03 0.01 0.00 0.00 0.12 0.01 0.00 0.00 0.00 0.10 0.01 0.00 0.00 0.01 0.12 0.10 0.01 0.00 0.04 0.04 0.02 0.01 0.00 0.01 0.01 0.01 0.08 0.01 0.00 0.01 0.04 0.06 0.01 0.01 0.00 0.01 0.12 0.02 0.07 0.02 0.02 0.02 0.01 0.01 0.01 0.00 0.01 0.01
0.00 0.00 0.00 0.00 0.00 0.00 0.00 0.00 0.00 0.00 0.00 0.00 0.00 0.00 0.00 0.00 0.00 0.00 0.00 0.00 0.00 0.00 0.00 0.00 0.00 0.00 0.00 0.00 0.00 0.01 0.02 0.00 0.01 0.01 0.01 0.02 0.00 0.00 0.00 0.09 0.11 0.01 0.00 0.00 0.08 0.10 0.01 0.00 0.01 0.01 0.08 0.18 0.00 0.00 0.00 0.01 0.05 0.01 0.00 0.01 0.02 0.05 0.08 0.00 0.01 0.01 0.05 0.01 0.01 0.01 0.00 0.07 0.10 0.03 0.05 0.02 0.02 0.01 0.01 0.01 0.01 0.01 0.01 0.01
0.00 0.00 0.00 0.00 0.00 0.00 0.00 0.00 0.00 0.00 0.00 0.00 0.00 0.00 0.00 0.00 0.00 0.00 0.00 0.00 0.00 0.00 0.00 0.00 0.00 0.00 0.00 0.00 0.00 0.01 0.01 0.00 0.00 0.01 0.01 0.01 0.00 0.00 0.08 0.09 0.01 0.00 0.00 0.01 0.08 0.01 0.01 0.00 0.01 0.01 0.10 0.12 0.02 0.01 0.00 0.01 0.01 0.01 0.00 0.01 0.02 0.03 0.03 0.00 0.01 0.02 0.03 0.01 0.00 0.01 0.06 0.04 0.06 0.05 0.02 0.02 0.02 0.01 0.01 0.01 0.01 0.01 0.01 0.01
0.00 0.00 0.00 0.00 0.00 0.00 0.00 0.00 0.00 0.00 0.00 0.00 0.00 0.00 0.00 0.00 0.00 0.00 0.00 0.00 0.00 0.00 0.00 0.00 0.00 0.00 0.00 0.00 0.00 0.01 0.00 0.00 0.00 0.00 0.00 0.00 0.02 0.09 0.08 0.01 0.00 0.00 0.00 0.04 0.06 0.01 0.01 0.00 0.00 0.00 0.15 0.07 0.02 0.00 0.00 0.00 0.00 0.00 0.00 0.01 0.03 0.02 0.02 0.01 0.01 0.01 0.01 0.00 0.00 0.02 0.05 0.02 0.01 0.13 0.01 0.01 0.02 0.01 0.01 0.01 0.01 0.01 0.01 0.00
0.00 0.00 0.00 0.00 0.00 0.00 0.00 0.00 0.00 0.00 0.00 0.00 0.00 0.00 0.00 0.00 0.00 0.00 0.00 0.00 0.00 0.00 0.00 0.00 0.00 0.00 0.00 0.00 0.00 0.00 0.00 0.00 0.01 0.03 0.05 0.07 0.03 0.08 0.01 0.00 0.00 0.01 0.05 0.03 0.05 0.01 0.01 0.00 0.00 0.01 0.10 0.09 0.04 0.01 0.01 0.00 0.00 0.00 0.00 0.00 0.03 0.01 0.01 0.01 0.01 0.01 0.00 0.00 0.00 0.03 0.02 0.02 0.01 0.07 0.05 0.02 0.01 0.01 0.01 0.01 0.01 0.01 0.01 0.00
0.00 0.00 0.00 0.00 0.00 0.00 0.00 0.00 0.00 0.00 0.00 0.00 0.00 0.00 0.00 0.00 0.00 0.00 0.00 0.00 0.00 0.00 0.00 0.00 0.00 0.00 0.00 0.00 0.00 0.00 0.00 0.01 0.02 0.09 0.00 0.01 0.04 0.05 0.01 0.00 0.01 0.02 0.05 0.00 0.02 0.01 0.00 0.00 0.00 0.02 0.14 0.04 0.04 0.09 0.04 0.01 0.01 0.01 0.01 0.00 0.07 0.00 0.01 0.01 0.01 0.00 0.00 0.01 0.03 0.05 0.00 0.01 0.01 0.06 0.02 0.02 0.01 0.01 0.01 0.01 0.01 0.01 0.01 0.01
0.00 0.00 0.00 0.00 0.00 0.00 0.00 0.00 0.00 0.00 0.00 0.00 0.00 0.00 0.00 0.00 0.00 0.00 0.00 0.00 0.00 0.00 0.00 0.00 0.00 0.00 0.00 0.00 0.00 0.01 0.01 0.01 0.02 0.02 0.00 0.01 0.02 0.01 0.01 0.00 0.01 0.02 0.02 0.01 0.01 0.01 0.00 0.01 0.02 0.04 0.12 0.02 0.01 0.03 0.04 0.06 0.04 0.01 0.01 0.00 0.07 0.00 0.00 0.00 0.00 0.01 0.01 0.03 0.02 0.02 0.00 0.01 0.01 0.05 0.02 0.02 0.01 0.01 0.01 0.01 0.01 0.01 0.00 0.00
0.00 0.00 0.00 0.00 0.00 0.00 0.00 0.00 0.00 0.00 0.00 0.00 0.00 0.00 0.00 0.00 0.00 0.00 0.00 0.00 0.00 0.00 0.00 0.00 0.00 0.00 0.00 0.00 0.00 0.00 0.01 0.01 0.01 0.01 0.00 0.01 0.01 0.01 0.01 0.00 0.01 0.01 0.01 0.01 0.01 0.00 0.00 0.02 0.02 0.02 0.11 0.02 0.01 0.01 0.01 0.01 0.03 0.03 0.03 0.00 0.07 0.00 0.00 0.00 0.00 0.01 0.01 0.02 0.01 0.01 0.00 0.01 0.01 0.04 0.02 0.02 0.02 0.01 0.01 0.01 0.01 0.00 0.00 0.00
0.00 0.00 0.00 0.00 0.00 0.00 0.00 0.00 0.00 0.00 0.00 0.00 0.00 0.00 0.00 0.00 0.00 0.00 0.00 0.00 0.00 0.00 0.00 0.00 0.00 0.00 0.00 0.00 0.00 0.00 0.00 0.01 0.01 0.01 0.00 0.00 0.00 0.00 0.00 0.01 0.01 0.01 0.01 0.00 0.00 0.00 0.05 0.03 0.02 0.03 0.09 0.02 0.01 0.01 0.01 0.00 0.01 0.01 0.03 0.00 0.07 0.00 0.00 0.00 0.01 0.01 0.01 0.01 0.01 0.00 0.00 0.00 0.01 0.03 0.02 0.02 0.02 0.01 0.01 0.01 0.01 0.00 0.01 0.00
0.00 0.00 0.00 0.00 0.00 0.00 0.00 0.00 0.00 0.00 0.00 0.00 0.00 0.00 0.00 0.00 0.00 0.00 0.00 0.00 0.00 0.00 0.00 0.00 0.00 0.00 0.00 0.00 0.00 0.00 0.00 0.00 0.00 0.01 0.00 0.00 0.00 0.00 0.00 0.00 0.00 0.01 0.00 0.00 0.00 0.01 0.04 0.00 0.01 0.02 0.07 0.02 0.01 0.01 0.01 0.01 0.00 0.01 0.01 0.00 0.06 0.00 0.00 0.00 0.00 0.00 0.00 0.00 0.00 0.00 0.00 0.00 0.01 0.02 0.02 0.02 0.02 0.01 0.01 0.01 0.01 0.01 0.00 0.00
0.00 0.00 0.00 0.00 0.00 0.00 0.00 0.00 0.00 0.00 0.00 0.00 0.00 0.00 0.00 0.00 0.00 0.00 0.00 0.00 0.00 0.00 0.00 0.00 0.00 0.00 0.00 0.00 0.00 0.00 0.00 0.00 0.00 0.00 0.00 0.00 0.00 0.00 0.00 0.00 0.00 0.00 0.00 0.01 0.01 0.03 0.03 0.00 0.01 0.02 0.07 0.03 0.02 0.01 0.01 0.01 0.00 0.00 0.00 0.01 0.06 0.05 0.03 0.00 0.00 0.00 0.00 0.00 0.00 0.00 0.00 0.00 0.01 0.01 0.01 0.01 0.02 0.01 0.01 0.01 0.01 0.00 0.00 0.00
0.00 0.00 0.00 0.00 0.00 0.00 0.00 0.00 0.00 0.00 0.00 0.00 0.00 0.00 0.00 0.00 0.00 0.00 0.00 0.00 0.00 0.00 0.00 0.00 0.00 0.00 0.00 0.00 0.00 0.00 0.00 0.00 0.00 0.00 0.00 0.00 0.00 0.00 0.00 0.00 0.00 0.00 0.01 0.01 0.01 0.02 0.01 0.00 0.01 0.02 0.06 0.03 0.01 0.01 0.01 0.01 0.00 0.00 0.00 0.01 0.01 0.02 0.03 0.00 0.00 0.00 0.00 0.00 0.00 0.00 0.00 0.00 0.00 0.00 0.00 0.00 0.02 0.01 0.01 0.00 0.00 0.00 0.00 0.00
0.00 0.00 0.00 0.00 0.00 0.00 0.00 0.00 0.00 0.00 0.00 0.00 0.00 0.00 0.00 0.00 0.00 0.00 0.00 0.00 0.00 0.00 0.00 0.00 0.00 0.00 0.00 0.00 0.00 0.00 0.00 0.00 0.00 0.00 0.00 0.00 0.00 0.00 0.00 0.00 0.00 0.00 0.00 0.00 0.00 0.01 0.00 0.01 0.01 0.02 0.04 0.03 0.01 0.01 0.01 0.01 0.00 0.00 0.00 0.01 0.01 0.03 0.00 0.00 0.00 0.00 0.00 0.00 0.00 0.00 0.00 0.00 0.00 0.00 0.00 0.00 0.00 0.00 0.00 0.00 0.00 0.00 0.00 0.00
