NEW_versions/Scripts/Results/Iao_50m/MaxFloodMaps/Iao_50m_1.7.asc
NCOLS 111
NROWS 84
XLLCENTER 750508.350000
YLLCENTER 2308429.860000
CELLSIZE 50.000000
NODATA_value -99999.000000
[rows 38 to 75 of 84, columns 0 to 83 of 111]
0.00 0.00 0.00 0.00 0.00 0.01 0.01 0.01 0.02 0.02 0.03 0.02 0.03 0.10 0.07 0.04 0.03 0.02 0.02 0.01 0.07 0.05 0.03 0.02 0.02 0.01 0.01 0.01 0.01 0.01 0.09 0.11 0.16 0.15 0.19 0.22 0.15 0.10 0.05 1.93 1.01 1.17 1.75 1.54 0.98 1.27 1.11 2.14 1.81 1.71 1.72 0.02 0.02 0.03 0.05 0.04 0.03 0.03 0.02 2.25 3.14 2.81 1.99 2.10 0.03 0.02 0.02 0.03 0.02 0.01 0.04 0.07 0.11 0.07 0.03 0.02 0.16 0.21 0.12 0.15 0.02 0.02 0.02 0.03
0.00 0.00 0.00 0.00 0.00 0.00 0.00 0.01 0.01 0.02 0.03 0.03 0.03 0.04 0.03 0.01 0.02 0.01 0.01 0.01 0.06 0.01 0.01 0.01 0.01 0.02 0.08 0.18 0.26 0.25 0.15 0.14 0.16 0.03 0.01 0.02 0.03 0.02 0.03 0.02 0.03 0.05 0.02 0.03 0.03 0.05 0.02 0.03 0.03 0.02 1.74 1.93 2.63 2.41 1.76 0.78 1.60 1.61 1.59 2.05 0.01 0.01 0.03 2.81 2.76 2.56 0.03 0.04 0.02 0.01 0.03 0.05 0.10 0.11 0.04 0.01 0.02 0.02 0.12 0.19 0.21 0.09 0.07 0.04
0.00 0.00 0.00 0.00 0.00 0.00 0.01 0.01 0.01 0.02 0.03 0.04 0.03 0.02 0.02 0.02 0.02 0.04 0.06 0.08 0.05 0.06 0.11 0.09 0.15 0.17 0.13 0.11 0.06 0.02 0.02 0.03 0.06 0.02 0.01 0.02 0.02 0.02 0.03 0.01 0.03 0.05 0.01 0.02 0.02 0.03 0.02 0.04 0.04 0.03 0.02 0.03 0.04 0.04 0.50 0.93 0.96 0.02 0.03 0.02 0.01 0.01 0.02 0.03 0.04 2.54 2.68 2.40 0.03 0.02 0.02 0.04 0.08 0.13 0.03 0.02 0.01 0.01 0.01 0.01 0.11 0.12 0.13 0.09
0.00 0.00 0.00 0.00 0.00 0.00 0.01 0.01 0.02 0.03 0.02 0.05 0.01 0.01 0.01 0.02 0.04 0.03 0.02 0.03 0.03 0.04 0.04 0.04 0.02 0.03 0.06 0.06 0.03 0.01 0.02 0.02 0.05 0.02 0.01 0.02 0.01 0.02 0.01 0.02 0.02 0.04 0.01 0.02 0.02 0.02 0.04 0.14 0.01 0.02 0.03 0.03 0.03 0.04 0.02 0.01 0.01 0.01 0.01 0.02 0.01 0.01 0.01 0.04 0.04 0.03 0.03 2.03 1.99 1.43 1.33 0.01 0.03 0.14 0.09 0.01 0.01 0.02 0.01 0.01 0.06 0.09 0.08 0.08
0.00 0.00 0.00 0.00 0.00 0.00 0.02 0.02 0.02 0.01 0.02 0.03 0.01 0.01 0.02 0.02 0.02 0.02 0.02 0.02 0.02 0.03 0.02 0.03 0.01 0.02 0.05 0.01 0.03 0.01 0.01 0.02 0.03 0.02 0.01 0.01 0.01 0.01 0.01 0.01 0.02 0.02 0.01 0.01 0.01 0.02 0.04 0.01 0.01 0.01 0.02 0.02 0.02 0.02 0.01 0.02 0.02 0.02 0.02 0.02 0.07 0.11 0.11 0.07 0.03 0.03 0.02 0.02 0.02 1.53 2.56 0.02 0.02 0.05 0.10 0.05 0.03 0.04 1.28 2.62 2.01 1.79 0.04 4.28
0.00 0.00 0.00 0.00 0.00 0.00 0.00 0.02 0.02 0.02 0.02 0.02 0.01 0.01 0.01 0.01 0.02 0.01 0.01 0.02 0.02 0.01 0.01 0.01 0.01 0.03 0.03 0.01 0.02 0.01 0.01 0.01 0.01 0.01 0.01 0.02 0.01 0.01 0.01 0.01 0.01 0.01 0.01 0.01 0.01 0.01 0.01 0.02 0.01 0.01 0.01 0.01 0.01 0.02 0.02 0.02 0.03 0.03 0.10 0.11 0.09 0.06 0.06 0.03 0.03 0.03 0.02 0.02 0.01 0.02 2.59 2.70 0.04 0.05 0.04 0.05 3.39 2.89 1.66 0.79 0.36 3.43 3.88 3.97
0.00 0.00 0.00 0.00 0.00 0.00 0.00 0.01 0.02 0.02 0.02 0.02 0.03 0.01 0.01 0.01 0.01 0.01 0.01 0.01 0.01 0.01 0.01 0.01 0.01 0.03 0.01 0.01 0.01 0.01 0.02 0.01 0.01 0.02 0.02 0.03 0.02 0.02 0.02 0.02 0.01 0.01 0.01 0.01 0.02 0.03 0.02 0.03 0.03 0.01 0.02 0.02 0.02 0.02 0.06 0.08 0.13 0.09 0.07 0.03 0.02 0.03 0.04 0.06 0.03 0.06 0.10 0.01 0.01 0.04 0.04 3.09 2.73 2.42 0.03 3.82 3.66 0.01 0.01 0.01 2.13 2.25 0.14 0.03
0.00 0.00 0.00 0.00 0.00 0.00 0.00 0.02 0.02 0.02 0.02 0.03 0.04 0.02 0.02 0.02 0.01 0.02 0.02 0.02 0.02 0.02 0.02 0.03 0.01 0.01 0.01 0.01 0.02 0.02 0.03 0.04 0.02 0.02 0.03 0.03 0.03 0.03 0.02 0.02 0.02 0.02 0.02 0.02 0.02 0.03 0.03 0.04 0.05 0.07 0.02 0.02 0.03 0.03 0.02 0.03 0.02 0.06 0.04 0.03 0.03 0.06 0.10 0.08 0.07 0.04 0.08 0.13 0.08 0.05 0.05 0.03 0.03 1.50 2.82 3.93 0.01 0.01 0.01 2.92 2.76 0.04 0.20 0.05
0.00 0.00 0.00 0.00 0.00 0.00 0.00 0.02 0.02 0.02 0.03 0.03 0.04 0.02 0.02 0.02 0.02 0.02 0.02 0.03 0.03 0.04 0.03 0.05 0.03 0.02 0.01 0.02 0.02 0.02 0.03 0.04 0.03 0.02 0.03 0.03 0.04 0.04 0.03 0.82 0.67 0.76 0.87 0.83 0.57 0.62 0.70 0.72 0.83 0.90 0.89 0.02 0.02 0.04 0.01 0.01 0.02 0.01 0.02 0.02 0.03 0.02 0.02 0.04 0.07 0.07 0.01 0.01 0.01 0.02 0.01 0.01 0.01 0.01 0.01 0.01 0.01 0.01 2.12 2.97 0.05 0.07 0.16 0.07
0.00 0.00 0.00 0.00 0.00 0.00 0.00 0.02 0.03 0.03 0.03 0.04 0.04 0.03 0.02 0.02 0.03 0.02 0.02 0.03 0.05 0.07 0.11 0.14 0.13 0.10 0.01 0.02 0.03 0.02 0.04 0.05 0.06 0.04 0.05 0.04 0.69 0.86 1.05 1.20 0.01 0.03 0.04 0.04 0.48 0.35 0.21 0.13 0.05 0.03 0.79 0.80 0.71 0.90 0.90 0.01 0.03 0.01 0.02 0.95 1.01 0.01 0.02 1.30 1.78 1.72 1.76 0.01 0.03 0.02 0.01 0.01 0.02 0.02 0.03 3.35 2.97 2.00 2.04 0.15 0.13 0.08 0.13 0.06
0.00 0.00 0.00 0.00 0.00 0.00 0.01 0.02 0.02 0.03 0.05 0.06 0.14 0.12 0.06 0.04 0.08 0.11 0.03 0.01 0.01 0.01 0.01 0.02 0.09 0.17 0.20 0.19 0.13 0.12 0.07 0.71 0.57 0.69 0.69 1.07 0.86 0.04 0.01 0.04 0.01 0.02 0.02 0.01 0.02 0.02 0.02 0.01 0.01 0.01 0.01 0.01 0.01 0.01 0.90 0.87 0.82 1.73 1.96 1.09 1.80 1.60 1.89 2.23 0.01 0.02 2.11 1.68 2.11 2.05 2.51 1.83 1.89 1.95 2.43 2.21 0.02 0.15 0.11 0.19 0.26 0.07 0.04 0.06
0.00 0.00 0.00 0.00 0.00 0.00 0.01 0.03 0.11 0.29 0.01 0.01 0.01 0.09 0.12 0.07 0.05 0.11 0.22 0.23 0.01 0.01 0.02 0.01 0.01 0.01 0.01 0.01 0.06 0.62 1.15 0.60 0.02 0.01 0.02 0.04 0.02 0.03 0.01 0.03 0.01 0.01 0.01 0.01 0.01 0.01 0.03 0.04 0.03 0.01 0.02 0.02 0.04 0.01 0.01 0.01 0.01 1.00 1.15 0.01 0.02 0.07 0.09 0.06 0.01 0.01 0.02 0.02 0.08 0.01 0.02 0.09 0.17 0.01 0.01 0.58 0.01 0.03 0.01 0.33 0.28 0.07 0.02 0.04
0.00 0.00 0.00 0.00 0.00 0.00 0.01 0.03 0.06 0.25 0.01 0.01 0.01 0.01 0.07 0.07 0.08 0.04 0.03 0.13 0.10 0.09 0.08 0.13 0.01 0.01 0.01 0.54 0.59 0.59 0.02 0.02 0.01 0.01 0.02 0.03 0.02 0.04 0.02 0.02 0.01 0.01 0.02 0.03 0.04 0.06 0.04 0.05 0.06 0.04 1.91 1.60 1.10 1.25 1.27 1.84 1.47 1.44 0.03 0.01 0.02 0.08 0.04 0.08 0.01 0.01 0.02 0.04 0.09 0.01 0.02 0.08 0.07 0.01 0.02 0.67 0.02 0.04 0.01 0.02 0.43 0.12 0.09 0.05
0.00 0.00 0.00 0.00 0.00 0.01 0.01 0.02 0.04 0.08 0.08 0.06 0.05 0.04 0.05 0.08 0.18 0.23 0.28 0.30 0.37 0.31 0.34 0.36 0.37 0.29 0.45 0.78 0.02 0.02 0.02 0.01 0.01 0.01 0.01 0.02 0.02 0.03 0.01 0.01 0.01 0.01 0.01 0.01 0.01 0.01 0.02 0.03 0.05 0.79 1.32 0.07 0.03 0.02 0.04 0.02 0.04 0.08 0.03 0.02 0.02 0.07 0.06 0.05 0.01 0.02 0.02 0.03 0.04 0.02 0.02 0.20 0.01 0.01 1.35 1.24 0.02 0.03 0.02 0.02 0.35 0.10 0.10 0.06
0.00 0.00 0.01 0.01 0.02 0.02 0.02 0.03 0.03 0.05 0.10 0.12 0.13 0.18 0.24 0.33 0.17 0.16 0.11 0.08 0.09 0.19 0.16 0.13 0.20 0.32 0.84 0.02 0.02 0.01 0.01 0.01 0.01 0.02 0.01 0.01 0.01 0.01 0.01 0.01 0.01 0.01 0.02 0.01 0.02 0.02 0.02 0.03 0.66 0.67 1.16 0.07 0.02 0.02 0.02 0.02 0.05 0.05 0.03 0.02 0.02 0.04 0.08 0.02 0.01 0.01 0.02 0.04 0.02 0.02 0.01 0.13 0.01 0.79 1.38 0.03 0.02 0.03 0.02 0.02 0.24 0.16 0.07 0.06
0.00 0.00 0.01 0.01 0.02 0.01 0.02 0.03 0.02 0.02 0.02 0.02 0.02 0.11 0.09 0.02 0.03 0.03 0.02 0.02 0.02 0.02 0.01 0.02 0.03 0.04 0.03 0.01 0.01 0.01 0.01 0.01 0.02 0.03 0.01 0.02 0.01 0.02 0.01 0.01 0.01 0.02 0.03 0.02 0.41 0.56 0.64 0.76 0.63 0.53 0.48 0.12 0.05 0.02 0.01 0.02 0.02 0.02 0.02 0.01 0.02 0.03 0.06 0.02 0.01 0.02 0.02 0.02 0.01 0.02 0.39 0.93 1.05 0.77 0.03 0.03 0.03 0.01 0.02 0.02 0.14 0.37 0.06 0.05
0.00 0.00 0.02 0.03 0.03 0.03 0.04 0.04 0.03 0.02 0.02 0.07 0.11 0.13 0.01 0.02 0.02 0.02 0.01 0.01 0.01 0.01 0.01 0.01 0.02 0.01 0.01 0.01 0.01 0.02 0.02 0.02 0.02 0.05 0.02 0.02 0.01 0.03 0.01 0.01 0.01 0.01 0.02 0.63 0.39 0.18 0.16 0.03 0.02 1.03 0.02 0.18 0.08 0.03 0.02 0.02 0.01 0.01 0.01 0.01 0.02 0.04 0.05 0.01 0.01 0.01 0.01 0.02 0.34 0.39 0.33 0.04 0.87 0.03 0.03 0.03 0.03 0.01 0.02 0.02 0.16 0.10 0.05 0.05
0.00 0.00 0.01 0.01 0.00 0.00 0.00 0.00 0.03 0.04 0.06 0.10 0.02 0.01 0.01 0.02 0.01 0.01 0.01 0.01 0.01 0.02 0.01 0.02 0.01 0.01 0.01 0.02 0.02 0.03 0.02 0.02 0.03 0.07 0.35 0.37 0.01 0.02 0.28 0.30 0.01 0.85 0.54 0.68 0.01 0.02 0.02 0.01 0.05 0.66 0.01 0.11 0.13 0.07 0.02 0.02 0.02 0.01 0.02 0.01 0.02 0.05 0.01 0.01 0.01 0.02 0.27 0.33 0.27 0.20 0.08 0.07 0.84 0.02 0.02 0.02 0.02 0.02 0.01 0.02 0.15 0.07 0.05 0.04
0.00 0.00 0.00 0.00 0.00 0.00 0.00 0.00 0.00 0.01 0.01 0.01 0.01 0.00 0.01 0.01 0.02 0.02 0.02 0.02 0.02 0.03 0.11 0.13 0.01 0.01 0.01 0.02 0.03 0.03 0.30 0.85 0.77 0.35 0.28 0.55 0.60 0.48 0.27 0.59 0.01 0.87 0.03 0.01 0.01 0.01 0.02 0.04 0.04 0.63 0.01 0.01 0.17 0.13 0.02 0.01 0.01 0.01 0.01 0.01 0.01 0.02 0.01 0.03 0.21 0.31 0.32 0.02 0.03 0.06 0.17 0.08 0.55 0.01 0.01 0.02 0.01 0.01 0.01 0.02 0.14 0.10 0.05 0.05
0.00 0.00 0.00 0.00 0.00 0.00 0.00 0.00 0.00 0.00 0.00 0.00 0.00 0.00 0.00 0.01 0.03 0.05 0.06 0.06 0.08 0.20 0.09 0.21 0.22 0.01 0.03 0.03 0.40 0.43 0.44 0.02 0.02 0.02 0.02 0.02 0.03 0.04 0.01 0.60 0.01 0.87 0.03 0.02 0.01 0.01 0.02 0.02 0.02 0.76 0.21 0.01 0.05 0.16 0.16 0.08 0.05 0.01 0.01 0.01 0.01 0.02 0.03 0.03 0.20 0.08 0.04 0.04 0.04 0.05 0.22 0.01 0.43 0.41 0.01 0.01 0.01 0.01 0.01 0.02 0.17 0.14 0.05 0.04
0.00 0.00 0.00 0.00 0.00 0.00 0.00 0.00 0.00 0.00 0.00 0.00 0.00 0.00 0.00 0.00 0.01 0.02 0.02 0.02 0.03 0.02 0.02 0.04 0.26 0.28 0.28 0.29 0.35 0.07 0.02 0.02 0.01 0.02 0.02 0.01 0.03 0.04 0.15 0.75 0.94 1.11 0.02 0.02 0.01 0.02 0.01 0.02 0.02 0.44 0.27 0.01 0.01 0.03 0.08 0.08 0.07 0.04 0.01 0.01 0.01 0.01 0.01 0.21 0.46 0.01 0.01 0.03 0.01 0.06 0.18 0.01 0.02 0.66 0.02 0.01 0.01 0.01 0.01 0.02 0.03 0.21 0.06 0.04
0.00 0.00 0.00 0.00 0.00 0.00 0.00 0.00 0.00 0.00 0.00 0.00 0.00 0.00 0.00 0.00 0.01 0.01 0.01 0.01 0.01 0.02 0.02 0.02 0.03 0.04 0.03 0.02 0.09 0.08 0.02 0.01 0.01 0.01 0.01 0.05 0.04 0.02 0.12 0.10 0.36 0.02 0.01 0.01 0.01 0.01 0.01 0.01 0.01 0.50 0.31 0.48 0.04 0.01 0.01 0.09 0.06 0.05 0.03 0.01 0.01 0.02 0.07 0.45 0.01 0.01 0.01 0.01 0.01 0.17 0.17 0.01 0.02 0.77 0.18 0.04 0.02 0.01 0.01 0.02 0.03 0.09 0.05 0.04
0.00 0.00 0.00 0.00 0.00 0.00 0.00 0.00 0.00 0.00 0.00 0.00 0.00 0.00 0.00 0.00 0.00 0.00 0.00 0.00 0.00 0.01 0.01 0.02 0.02 0.05 0.01 0.02 0.03 0.13 0.03 0.01 0.01 0.03 0.05 0.03 0.01 0.02 0.18 0.01 0.35 0.01 0.01 0.01 0.01 0.02 0.02 0.10 0.09 0.93 0.92 0.29 0.03 0.01 0.01 0.02 0.06 0.03 0.02 0.01 0.01 0.02 0.08 0.24 0.01 0.01 0.01 0.02 0.08 0.21 0.02 0.01 0.02 0.71 0.05 0.08 0.07 0.07 0.05 0.04 0.03 0.04 0.05 0.04
0.00 0.00 0.00 0.00 0.00 0.00 0.00 0.00 0.00 0.00 0.00 0.00 0.00 0.00 0.00 0.00 0.00 0.00 0.00 0.00 0.00 0.00 0.00 0.01 0.01 0.04 0.01 0.02 0.02 0.09 0.03 0.01 0.01 0.01 0.01 0.05 0.17 0.18 0.21 0.01 0.34 0.21 0.02 0.01 0.02 0.01 0.22 0.13 0.30 0.15 0.22 0.66 0.06 0.02 0.01 0.01 0.03 0.02 0.02 0.01 0.01 0.02 0.08 0.19 0.03 0.01 0.01 0.01 0.05 0.20 0.02 0.01 0.01 0.69 0.21 0.02 0.02 0.03 0.04 0.03 0.03 0.03 0.04 0.03
0.00 0.00 0.00 0.00 0.00 0.00 0.00 0.00 0.00 0.00 0.00 0.00 0.00 0.00 0.00 0.00 0.00 0.00 0.00 0.00 0.00 0.00 0.00 0.00 0.01 0.02 0.01 0.01 0.02 0.06 0.06 0.01 0.01 0.02 0.05 0.03 0.14 0.02 0.01 0.02 0.17 0.21 0.02 0.01 0.02 0.28 0.21 0.01 0.02 0.02 0.23 0.41 0.08 0.14 0.12 0.02 0.01 0.02 0.01 0.01 0.02 0.03 0.19 0.17 0.01 0.01 0.02 0.18 0.20 0.12 0.01 0.01 0.32 0.27 0.16 0.11 0.08 0.06 0.03 0.03 0.03 0.03 0.06 0.03
0.00 0.00 0.00 0.00 0.00 0.00 0.00 0.00 0.00 0.00 0.00 0.00 0.00 0.00 0.00 0.00 0.00 0.00 0.00 0.00 0.00 0.00 0.00 0.00 0.00 0.01 0.01 0.01 0.02 0.03 0.15 0.01 0.02 0.02 0.03 0.10 0.08 0.01 0.01 0.01 0.32 0.02 0.01 0.01 0.01 0.27 0.02 0.01 0.01 0.02 0.34 0.26 0.02 0.01 0.11 0.10 0.05 0.02 0.01 0.02 0.02 0.02 0.24 0.02 0.01 0.03 0.10 0.17 0.03 0.02 0.01 0.01 0.32 0.05 0.18 0.04 0.05 0.04 0.03 0.03 0.02 0.01 0.03 0.02
0.00 0.00 0.00 0.00 0.00 0.00 0.00 0.00 0.00 0.00 0.00 0.00 0.00 0.00 0.00 0.00 0.00 0.00 0.00 0.00 0.00 0.00 0.00 0.00 0.00 0.00 0.00 0.01 0.01 0.03 0.05 0.01 0.02 0.04 0.04 0.06 0.01 0.01 0.01 0.25 0.31 0.02 0.01 0.01 0.22 0.26 0.02 0.01 0.01 0.02 0.22 0.48 0.01 0.01 0.01 0.02 0.12 0.02 0.01 0.01 0.04 0.15 0.22 0.01 0.02 0.02 0.13 0.03 0.02 0.01 0.01 0.18 0.28 0.08 0.12 0.05 0.05 0.04 0.04 0.03 0.03 0.02 0.02 0.02
0.00 0.00 0.00 0.00 0.00 0.00 0.00 0.00 0.00 0.00 0.00 0.00 0.00 0.00 0.00 0.00 0.00 0.00 0.00 0.00 0.00 0.00 0.00 0.00 0.00 0.00 0.00 0.01 0.01 0.02 0.03 0.01 0.01 0.02 0.02 0.03 0.01 0.01 0.22 0.25 0.02 0.01 0.01 0.01 0.21 0.03 0.02 0.01 0.01 0.02 0.28 0.34 0.05 0.02 0.01 0.02 0.02 0.02 0.01 0.02 0.06 0.07 0.09 0.01 0.02 0.05 0.08 0.01 0.01 0.02 0.16 0.11 0.16 0.14 0.05 0.04 0.04 0.04 0.03 0.03 0.03 0.02 0.02 0.02
0.00 0.00 0.00 0.00 0.00 0.00 0.00 0.00 0.00 0.00 0.00 0.00 0.00 0.00 0.00 0.00 0.00 0.00 0.00 0.00 0.00 0.00 0.00 0.00 0.00 0.00 0.00 0.00 0.01 0.02 0.01 0.01 0.01 0.01 0.01 0.01 0.05 0.25 0.22 0.02 0.01 0.01 0.01 0.10 0.16 0.03 0.02 0.01 0.01 0.01 0.40 0.20 0.06 0.01 0.01 0.01 0.01 0.01 0.01 0.02 0.07 0.06 0.06 0.02 0.02 0.02 0.02 0.01 0.01 0.05 0.15 0.04 0.01 0.34 0.02 0.04 0.04 0.04 0.03 0.03 0.03 0.02 0.01 0.01
0.00 0.00 0.00 0.00 0.00 0.00 0.00 0.00 0.00 0.00 0.00 0.00 0.00 0.00 0.00 0.00 0.00 0.00 0.00 0.00 0.00 0.00 0.00 0.00 0.00 0.00 0.00 0.00 0.00 0.01 0.01 0.01 0.02 0.09 0.14 0.20 0.08 0.22 0.03 0.01 0.01 0.01 0.13 0.09 0.13 0.02 0.02 0.01 0.01 0.01 0.26 0.24 0.10 0.02 0.02 0.01 0.01 0.01 0.01 0.01 0.10 0.03 0.03 0.02 0.02 0.02 0.01 0.01 0.01 0.08 0.06 0.05 0.01 0.19 0.14 0.04 0.04 0.04 0.03 0.03 0.02 0.02 0.01 0.01
0.00 0.00 0.00 0.00 0.00 0.00 0.00 0.00 0.00 0.00 0.00 0.00 0.00 0.00 0.00 0.00 0.00 0.00 0.00 0.00 0.00 0.00 0.00 0.00 0.00 0.00 0.00 0.00 0.00 0.01 0.01 0.02 0.05 0.24 0.01 0.02 0.11 0.12 0.02 0.01 0.01 0.06 0.13 0.01 0.06 0.02 0.01 0.01 0.01 0.04 0.39 0.10 0.10 0.25 0.11 0.03 0.02 0.01 0.02 0.01 0.21 0.00 0.02 0.01 0.01 0.01 0.01 0.01 0.07 0.12 0.01 0.02 0.02 0.17 0.07 0.05 0.04 0.03 0.03 0.02 0.02 0.02 0.01 0.02
0.00 0.00 0.00 0.00 0.00 0.00 0.00 0.00 0.00 0.00 0.00 0.00 0.00 0.00 0.00 0.00 0.00 0.00 0.00 0.00 0.00 0.00 0.00 0.00 0.00 0.00 0.00 0.00 0.00 0.01 0.02 0.03 0.05 0.06 0.01 0.02 0.05 0.02 0.02 0.01 0.02 0.06 0.05 0.01 0.04 0.02 0.01 0.01 0.04 0.12 0.32 0.04 0.02 0.09 0.09 0.17 0.11 0.02 0.01 0.01 0.20 0.01 0.01 0.01 0.01 0.02 0.03 0.09 0.06 0.05 0.01 0.02 0.02 0.13 0.07 0.05 0.04 0.03 0.02 0.02 0.01 0.01 0.01 0.01
0.00 0.00 0.00 0.00 0.00 0.00 0.00 0.00 0.00 0.00 0.00 0.00 0.00 0.00 0.00 0.00 0.00 0.00 0.00 0.00 0.00 0.00 0.00 0.00 0.00 0.00 0.00 0.00 0.00 0.01 0.01 0.02 0.04 0.03 0.01 0.02 0.02 0.02 0.01 0.01 0.02 0.03 0.04 0.01 0.02 0.01 0.01 0.06 0.06 0.06 0.29 0.05 0.03 0.03 0.02 0.01 0.09 0.08 0.09 0.01 0.20 0.01 0.01 0.01 0.01 0.01 0.02 0.04 0.02 0.02 0.01 0.02 0.02 0.10 0.06 0.05 0.04 0.03 0.03 0.02 0.01 0.01 0.01 0.01
0.00 0.00 0.00 0.00 0.00 0.00 0.00 0.00 0.00 0.00 0.00 0.00 0.00 0.00 0.00 0.00 0.00 0.00 0.00 0.00 0.00 0.00 0.00 0.00 0.00 0.00 0.00 0.00 0.00 0.00 0.01 0.01 0.03 0.02 0.01 0.01 0.01 0.01 0.01 0.01 0.02 0.03 0.03 0.01 0.01 0.01 0.12 0.08 0.06 0.08 0.24 0.06 0.03 0.03 0.02 0.01 0.02 0.03 0.07 0.01 0.19 0.01 0.01 0.00 0.01 0.02 0.02 0.02 0.02 0.01 0.00 0.01 0.02 0.07 0.05 0.05 0.04 0.03 0.03 0.02 0.02 0.01 0.01 0.00
0.00 0.00 0.00 0.00 0.00 0.00 0.00 0.00 0.00 0.00 0.00 0.00 0.00 0.00 0.00 0.00 0.00 0.00 0.00 0.00 0.00 0.00 0.00 0.00 0.00 0.00 0.00 0.00 0.00 0.00 0.00 0.01 0.01 0.02 0.00 0.00 0.00 0.00 0.00 0.01 0.01 0.02 0.01 0.01 0.01 0.02 0.11 0.01 0.02 0.06 0.20 0.06 0.03 0.02 0.02 0.01 0.01 0.02 0.02 0.01 0.17 0.01 0.01 0.00 0.00 0.00 0.00 0.00 0.00 0.00 0.00 0.01 0.02 0.05 0.04 0.04 0.04 0.03 0.02 0.02 0.02 0.01 0.00 0.00
0.00 0.00 0.00 0.00 0.00 0.00 0.00 0.00 0.00 0.00 0.00 0.00 0.00 0.00 0.00 0.00 0.00 0.00 0.00 0.00 0.00 0.00 0.00 0.00 0.00 0.00 0.00 0.00 0.00 0.00 0.00 0.00 0.00 0.00 0.00 0.00 0.00 0.00 0.00 0.00 0.00 0.00 0.01 0.02 0.03 0.07 0.08 0.01 0.02 0.05 0.19 0.08 0.04 0.02 0.02 0.02 0.01 0.01 0.01 0.02 0.16 0.14 0.09 0.00 0.00 0.00 0.00 0.00 0.00 0.00 0.00 0.01 0.02 0.03 0.02 0.03 0.04 0.03 0.02 0.03 0.02 0.00 0.00 0.00
0.00 0.00 0.00 0.00 0.00 0.00 0.00 0.00 0.00 0.00 0.00 0.00 0.00 0.00 0.00 0.00 0.00 0.00 0.00 0.00 0.00 0.00 0.00 0.00 0.00 0.00 0.00 0.00 0.00 0.00 0.00 0.00 0.00 0.00 0.00 0.00 0.00 0.00 0.00 0.00 0.00 0.00 0.01 0.03 0.03 0.05 0.02 0.01 0.02 0.06 0.16 0.09 0.04 0.03 0.03 0.02 0.01 0.01 0.01 0.02 0.02 0.06 0.07 0.00 0.00 0.00 0.00 0.00 0.00 0.00 0.00 0.00 0.01 0.01 0.01 0.01 0.04 0.03 0.03 0.00 0.00 0.00 0.00 0.00
0.00 0.00 0.00 0.00 0.00 0.00 0.00 0.00 0.00 0.00 0.00 0.00 0.00 0.00 0.00 0.00 0.00 0.00 0.00 0.00 0.00 0.00 0.00 0.00 0.00 0.00 0.00 0.00 0.00 0.00 0.00 0.00 0.00 0.00 0.00 0.00 0.00 0.00 0.00 0.00 0.00 0.00 0.00 0.00 0.01 0.01 0.01 0.02 0.03 0.06 0.11 0.08 0.03 0.02 0.02 0.01 0.01 0.00 0.01 0.02 0.03 0.08 0.01 0.00 0.00 0.00 0.00 0.00 0.00 0.00 0.00 0.00 0.00 0.00 0.00 0.00 0.00 0.00 0.00 0.00 0.00 0.00 0.00 0.00
