NEW_versions/Scripts/Results/Iao_50m/MaxFloodMaps/Iao_50m_1.2.asc
NCOLS 111
NROWS 84
XLLCENTER 750508.350000
YLLCENTER 2308429.860000
CELLSIZE 50.000000
NODATA_value -99999.000000
[rows 38 to 75 of 84, columns 0 to 83 of 111]
0.00 0.00 0.00 0.00 0.00 0.01 0.01 0.01 0.02 0.01 0.02 0.02 0.03 0.08 0.05 0.03 0.03 0.02 0.01 0.01 0.06 0.04 0.02 0.02 0.02 0.01 0.01 0.01 0.01 0.01 0.07 0.09 0.13 0.12 0.15 0.18 0.12 0.08 0.04 1.59 0.81 0.93 1.41 1.24 0.79 1.02 0.88 1.73 1.45 1.37 1.37 0.02 0.02 0.03 0.04 0.03 0.03 0.02 0.02 1.77 2.56 2.29 1.58 1.66 0.02 0.02 0.02 0.02 0.01 0.01 0.03 0.06 0.09 0.05 0.03 0.02 0.12 0.17 0.10 0.12 0.01 0.01 0.02 0.02
0.00 0.00 0.00 0.00 0.00 0.00 0.00 0.01 0.01 0.02 0.02 0.02 0.02 0.04 0.02 0.01 0.01 0.01 0.01 0.01 0.05 0.00 0.01 0.01 0.01 0.01 0.06 0.15 0.21 0.20 0.12 0.11 0.13 0.02 0.01 0.02 0.03 0.02 0.03 0.02 0.02 0.04 0.02 0.02 0.03 0.04 0.01 0.03 0.02 0.02 1.39 1.53 2.14 1.98 1.46 0.64 1.28 1.29 1.27 1.63 0.01 0.01 0.03 2.24 2.20 2.04 0.03 0.03 0.02 0.01 0.02 0.04 0.08 0.09 0.03 0.01 0.01 0.01 0.09 0.15 0.17 0.08 0.05 0.03
0.00 0.00 0.00 0.00 0.00 0.00 0.01 0.01 0.01 0.02 0.03 0.04 0.02 0.01 0.02 0.01 0.02 0.03 0.05 0.06 0.04 0.05 0.09 0.08 0.12 0.14 0.11 0.09 0.05 0.02 0.02 0.02 0.04 0.02 0.01 0.02 0.02 0.02 0.02 0.01 0.02 0.04 0.01 0.01 0.02 0.02 0.02 0.03 0.03 0.03 0.02 0.02 0.03 0.03 0.35 0.72 0.74 0.02 0.02 0.01 0.01 0.01 0.01 0.02 0.03 2.02 2.14 1.92 0.03 0.02 0.02 0.03 0.06 0.11 0.02 0.02 0.01 0.01 0.01 0.01 0.09 0.10 0.10 0.07
0.00 0.00 0.00 0.00 0.00 0.00 0.01 0.01 0.02 0.02 0.02 0.04 0.01 0.01 0.01 0.02 0.03 0.02 0.02 0.02 0.03 0.03 0.04 0.03 0.02 0.02 0.05 0.04 0.03 0.01 0.02 0.02 0.04 0.02 0.01 0.02 0.01 0.01 0.01 0.01 0.02 0.03 0.01 0.01 0.02 0.01 0.03 0.11 0.01 0.01 0.02 0.02 0.02 0.03 0.01 0.01 0.01 0.01 0.01 0.01 0.01 0.01 0.01 0.03 0.03 0.02 0.02 1.61 1.58 1.13 1.04 0.01 0.03 0.11 0.07 0.01 0.01 0.01 0.01 0.01 0.05 0.07 0.07 0.06
0.00 0.00 0.00 0.00 0.00 0.00 0.02 0.02 0.01 0.01 0.01 0.02 0.01 0.01 0.01 0.02 0.02 0.02 0.02 0.02 0.02 0.03 0.02 0.02 0.01 0.02 0.04 0.01 0.03 0.01 0.01 0.01 0.02 0.01 0.01 0.01 0.01 0.01 0.01 0.01 0.01 0.01 0.01 0.01 0.01 0.02 0.03 0.01 0.01 0.01 0.01 0.02 0.02 0.02 0.01 0.02 0.02 0.01 0.01 0.01 0.06 0.09 0.09 0.06 0.03 0.02 0.02 0.01 0.02 1.20 2.02 0.01 0.02 0.04 0.08 0.04 0.03 0.03 1.00 2.10 1.58 1.39 0.03 3.31
0.00 0.00 0.00 0.00 0.00 0.00 0.00 0.02 0.02 0.02 0.01 0.01 0.01 0.00 0.01 0.01 0.01 0.01 0.01 0.01 0.01 0.01 0.01 0.01 0.01 0.02 0.03 0.01 0.01 0.01 0.01 0.01 0.01 0.01 0.01 0.01 0.01 0.01 0.01 0.01 0.01 0.01 0.01 0.01 0.01 0.01 0.01 0.02 0.01 0.01 0.01 0.01 0.01 0.01 0.02 0.02 0.03 0.03 0.08 0.09 0.07 0.05 0.05 0.02 0.02 0.02 0.01 0.01 0.01 0.02 2.04 2.13 0.03 0.04 0.03 0.04 2.76 2.35 1.32 0.62 0.27 2.67 3.03 3.08
0.00 0.00 0.00 0.00 0.00 0.00 0.00 0.01 0.02 0.02 0.02 0.02 0.02 0.01 0.01 0.01 0.01 0.01 0.01 0.01 0.01 0.01 0.01 0.01 0.01 0.02 0.01 0.00 0.01 0.01 0.01 0.01 0.01 0.01 0.01 0.02 0.02 0.02 0.01 0.02 0.01 0.01 0.01 0.01 0.02 0.02 0.02 0.02 0.02 0.01 0.02 0.02 0.01 0.01 0.05 0.06 0.10 0.08 0.06 0.03 0.02 0.02 0.03 0.05 0.02 0.05 0.08 0.01 0.01 0.03 0.03 2.48 2.19 1.96 0.02 3.08 2.96 0.01 0.00 0.01 1.66 1.74 0.11 0.02
0.00 0.00 0.00 0.00 0.00 0.00 0.00 0.01 0.02 0.02 0.02 0.02 0.03 0.01 0.01 0.01 0.01 0.01 0.02 0.02 0.01 0.02 0.02 0.03 0.01 0.01 0.01 0.01 0.01 0.02 0.03 0.03 0.01 0.01 0.02 0.02 0.02 0.03 0.02 0.02 0.02 0.01 0.01 0.02 0.02 0.02 0.02 0.03 0.04 0.05 0.01 0.02 0.02 0.02 0.02 0.02 0.01 0.04 0.03 0.02 0.02 0.05 0.08 0.07 0.06 0.04 0.06 0.10 0.06 0.04 0.04 0.02 0.02 1.17 2.18 3.15 0.01 0.00 0.01 2.31 2.19 0.03 0.16 0.04
0.00 0.00 0.00 0.00 0.00 0.00 0.00 0.01 0.02 0.02 0.02 0.02 0.03 0.02 0.02 0.02 0.02 0.02 0.01 0.02 0.02 0.03 0.02 0.04 0.02 0.02 0.01 0.01 0.02 0.02 0.02 0.03 0.03 0.02 0.02 0.03 0.03 0.03 0.03 0.65 0.54 0.60 0.69 0.66 0.46 0.49 0.55 0.57 0.65 0.71 0.71 0.02 0.02 0.03 0.01 0.01 0.02 0.01 0.01 0.02 0.02 0.02 0.01 0.04 0.05 0.05 0.01 0.01 0.01 0.01 0.01 0.01 0.01 0.01 0.01 0.01 0.00 0.01 1.65 2.34 0.04 0.05 0.13 0.05
0.00 0.00 0.00 0.00 0.00 0.00 0.00 0.02 0.02 0.02 0.03 0.04 0.03 0.03 0.02 0.02 0.02 0.02 0.02 0.02 0.04 0.05 0.09 0.11 0.11 0.08 0.01 0.02 0.02 0.02 0.03 0.04 0.05 0.03 0.04 0.04 0.55 0.69 0.84 0.97 0.01 0.02 0.03 0.03 0.38 0.27 0.16 0.10 0.04 0.02 0.62 0.63 0.56 0.71 0.71 0.01 0.02 0.01 0.02 0.75 0.78 0.01 0.01 1.02 1.41 1.35 1.38 0.01 0.02 0.02 0.01 0.01 0.01 0.01 0.02 2.69 2.39 1.57 1.60 0.12 0.11 0.06 0.10 0.05
0.00 0.00 0.00 0.00 0.00 0.00 0.01 0.02 0.02 0.03 0.04 0.05 0.11 0.10 0.05 0.03 0.07 0.09 0.02 0.01 0.00 0.01 0.01 0.01 0.07 0.14 0.16 0.15 0.11 0.09 0.06 0.56 0.46 0.55 0.55 0.86 0.69 0.03 0.01 0.03 0.01 0.02 0.02 0.01 0.01 0.01 0.01 0.01 0.01 0.01 0.01 0.01 0.01 0.01 0.71 0.69 0.64 1.36 1.57 0.86 1.42 1.26 1.48 1.79 0.01 0.01 1.66 1.31 1.66 1.60 2.01 1.43 1.47 1.51 1.90 1.72 0.01 0.12 0.08 0.15 0.21 0.05 0.04 0.04
0.00 0.00 0.00 0.00 0.00 0.00 0.01 0.02 0.09 0.23 0.01 0.01 0.01 0.08 0.10 0.06 0.04 0.09 0.18 0.19 0.01 0.01 0.01 0.01 0.01 0.01 0.01 0.01 0.05 0.50 0.94 0.48 0.01 0.01 0.02 0.03 0.02 0.03 0.01 0.03 0.01 0.01 0.01 0.01 0.01 0.01 0.03 0.03 0.02 0.01 0.01 0.02 0.03 0.01 0.01 0.01 0.01 0.79 0.89 0.01 0.02 0.05 0.07 0.04 0.01 0.01 0.01 0.01 0.06 0.01 0.02 0.05 0.10 0.01 0.01 0.47 0.01 0.03 0.01 0.27 0.23 0.05 0.02 0.03
0.00 0.00 0.00 0.00 0.00 0.00 0.01 0.03 0.05 0.21 0.00 0.01 0.01 0.01 0.05 0.06 0.06 0.03 0.02 0.11 0.08 0.07 0.06 0.10 0.01 0.01 0.01 0.43 0.47 0.48 0.02 0.01 0.01 0.01 0.01 0.02 0.01 0.03 0.01 0.02 0.01 0.01 0.01 0.02 0.03 0.05 0.03 0.04 0.05 0.04 1.54 1.29 0.87 0.99 1.01 1.48 1.17 1.15 0.02 0.01 0.02 0.07 0.03 0.06 0.01 0.01 0.02 0.03 0.07 0.01 0.01 0.05 0.04 0.01 0.02 0.54 0.02 0.03 0.01 0.02 0.35 0.09 0.07 0.04
0.00 0.00 0.00 0.00 0.00 0.01 0.01 0.02 0.04 0.06 0.07 0.05 0.04 0.03 0.04 0.07 0.14 0.18 0.22 0.24 0.30 0.25 0.27 0.29 0.30 0.23 0.36 0.63 0.02 0.01 0.01 0.01 0.01 0.01 0.01 0.01 0.01 0.02 0.01 0.01 0.01 0.01 0.01 0.01 0.01 0.01 0.02 0.03 0.04 0.62 1.05 0.06 0.02 0.02 0.03 0.01 0.03 0.06 0.03 0.01 0.01 0.05 0.04 0.04 0.01 0.01 0.02 0.02 0.03 0.01 0.01 0.11 0.01 0.01 1.11 1.02 0.02 0.03 0.01 0.02 0.28 0.08 0.08 0.05
0.00 0.00 0.00 0.01 0.02 0.02 0.02 0.02 0.02 0.04 0.08 0.10 0.10 0.14 0.19 0.27 0.14 0.13 0.08 0.06 0.08 0.15 0.12 0.11 0.16 0.26 0.69 0.02 0.01 0.01 0.01 0.01 0.01 0.01 0.01 0.01 0.01 0.01 0.01 0.01 0.01 0.01 0.01 0.01 0.01 0.01 0.02 0.02 0.53 0.53 0.92 0.06 0.02 0.02 0.02 0.02 0.04 0.04 0.03 0.02 0.01 0.03 0.06 0.02 0.01 0.01 0.01 0.03 0.02 0.01 0.01 0.07 0.01 0.64 1.13 0.02 0.02 0.02 0.02 0.02 0.19 0.13 0.06 0.04
0.00 0.00 0.01 0.01 0.01 0.01 0.01 0.02 0.02 0.02 0.02 0.02 0.01 0.09 0.08 0.01 0.02 0.02 0.02 0.02 0.02 0.01 0.01 0.01 0.02 0.03 0.03 0.01 0.01 0.01 0.01 0.01 0.01 0.03 0.01 0.01 0.01 0.02 0.01 0.01 0.01 0.01 0.02 0.02 0.33 0.45 0.51 0.61 0.50 0.43 0.38 0.10 0.04 0.01 0.01 0.02 0.02 0.02 0.02 0.01 0.02 0.03 0.04 0.01 0.01 0.02 0.02 0.01 0.01 0.02 0.31 0.77 0.86 0.63 0.02 0.02 0.02 0.01 0.02 0.02 0.11 0.30 0.04 0.04
0.00 0.00 0.02 0.03 0.02 0.03 0.03 0.03 0.02 0.01 0.01 0.06 0.09 0.10 0.01 0.02 0.02 0.01 0.01 0.01 0.01 0.01 0.01 0.01 0.02 0.01 0.01 0.01 0.01 0.02 0.01 0.01 0.02 0.04 0.02 0.01 0.01 0.02 0.01 0.01 0.01 0.01 0.01 0.50 0.32 0.14 0.12 0.02 0.01 0.84 0.01 0.14 0.06 0.03 0.01 0.02 0.01 0.01 0.01 0.01 0.01 0.03 0.04 0.01 0.01 0.01 0.01 0.01 0.27 0.31 0.26 0.03 0.69 0.02 0.02 0.02 0.02 0.01 0.01 0.02 0.13 0.08 0.04 0.04
0.00 0.00 0.01 0.01 0.00 0.00 0.00 0.00 0.02 0.03 0.04 0.08 0.01 0.01 0.01 0.02 0.01 0.01 0.01 0.01 0.01 0.02 0.01 0.01 0.01 0.00 0.01 0.02 0.02 0.02 0.02 0.02 0.03 0.05 0.28 0.29 0.01 0.02 0.23 0.24 0.01 0.68 0.43 0.54 0.01 0.01 0.01 0.01 0.04 0.53 0.01 0.08 0.10 0.05 0.01 0.02 0.01 0.01 0.02 0.01 0.01 0.04 0.01 0.01 0.01 0.02 0.22 0.26 0.21 0.16 0.07 0.06 0.67 0.01 0.02 0.02 0.02 0.01 0.01 0.02 0.12 0.05 0.04 0.04
0.00 0.00 0.00 0.00 0.00 0.00 0.00 0.00 0.00 0.01 0.01 0.01 0.01 0.00 0.01 0.01 0.01 0.01 0.01 0.01 0.02 0.03 0.09 0.10 0.01 0.01 0.01 0.02 0.02 0.03 0.24 0.68 0.63 0.28 0.22 0.44 0.48 0.39 0.22 0.47 0.01 0.70 0.02 0.01 0.01 0.01 0.01 0.03 0.03 0.51 0.01 0.01 0.13 0.10 0.02 0.01 0.01 0.01 0.01 0.01 0.01 0.01 0.01 0.02 0.17 0.25 0.25 0.02 0.02 0.05 0.14 0.06 0.44 0.01 0.01 0.01 0.01 0.01 0.01 0.01 0.11 0.08 0.04 0.04
0.00 0.00 0.00 0.00 0.00 0.00 0.00 0.00 0.00 0.00 0.00 0.00 0.00 0.00 0.00 0.01 0.02 0.04 0.05 0.05 0.07 0.16 0.07 0.17 0.18 0.01 0.02 0.02 0.32 0.35 0.35 0.02 0.01 0.01 0.02 0.02 0.02 0.03 0.01 0.48 0.00 0.70 0.03 0.01 0.01 0.01 0.02 0.02 0.01 0.61 0.16 0.01 0.04 0.13 0.12 0.07 0.04 0.01 0.01 0.01 0.01 0.02 0.03 0.02 0.16 0.06 0.03 0.03 0.03 0.04 0.18 0.01 0.34 0.33 0.01 0.01 0.01 0.01 0.01 0.02 0.13 0.11 0.04 0.03
0.00 0.00 0.00 0.00 0.00 0.00 0.00 0.00 0.00 0.00 0.00 0.00 0.00 0.00 0.00 0.00 0.01 0.01 0.01 0.02 0.03 0.02 0.02 0.03 0.21 0.23 0.22 0.23 0.28 0.06 0.02 0.01 0.01 0.01 0.01 0.01 0.02 0.03 0.12 0.60 0.75 0.90 0.01 0.01 0.01 0.01 0.01 0.01 0.01 0.36 0.20 0.01 0.00 0.02 0.06 0.06 0.05 0.03 0.01 0.01 0.01 0.01 0.01 0.16 0.37 0.01 0.01 0.02 0.01 0.05 0.15 0.01 0.02 0.53 0.02 0.01 0.01 0.01 0.01 0.02 0.03 0.17 0.05 0.04
0.00 0.00 0.00 0.00 0.00 0.00 0.00 0.00 0.00 0.00 0.00 0.00 0.00 0.00 0.00 0.00 0.01 0.01 0.01 0.01 0.01 0.01 0.02 0.02 0.03 0.03 0.02 0.02 0.08 0.06 0.02 0.01 0.01 0.01 0.01 0.04 0.03 0.02 0.10 0.08 0.29 0.01 0.01 0.01 0.01 0.01 0.01 0.01 0.01 0.41 0.24 0.39 0.03 0.01 0.01 0.07 0.05 0.04 0.02 0.01 0.01 0.02 0.06 0.36 0.01 0.01 0.01 0.01 0.01 0.14 0.14 0.01 0.01 0.62 0.14 0.03 0.02 0.01 0.01 0.02 0.02 0.07 0.04 0.03
0.00 0.00 0.00 0.00 0.00 0.00 0.00 0.00 0.00 0.00 0.00 0.00 0.00 0.00 0.00 0.00 0.00 0.00 0.00 0.00 0.00 0.01 0.01 0.01 0.01 0.04 0.01 0.02 0.03 0.10 0.02 0.01 0.01 0.02 0.04 0.02 0.01 0.02 0.14 0.01 0.28 0.01 0.01 0.00 0.01 0.02 0.01 0.08 0.07 0.78 0.77 0.24 0.02 0.01 0.01 0.01 0.05 0.02 0.02 0.01 0.01 0.02 0.06 0.19 0.01 0.01 0.01 0.02 0.06 0.17 0.02 0.01 0.01 0.57 0.04 0.07 0.06 0.06 0.04 0.03 0.02 0.03 0.04 0.03
0.00 0.00 0.00 0.00 0.00 0.00 0.00 0.00 0.00 0.00 0.00 0.00 0.00 0.00 0.00 0.00 0.00 0.00 0.00 0.00 0.00 0.00 0.00 0.01 0.01 0.03 0.01 0.02 0.02 0.07 0.02 0.01 0.01 0.01 0.01 0.04 0.13 0.15 0.17 0.01 0.27 0.17 0.02 0.01 0.01 0.01 0.18 0.11 0.24 0.12 0.18 0.53 0.05 0.02 0.01 0.01 0.02 0.02 0.01 0.01 0.01 0.02 0.06 0.15 0.02 0.00 0.01 0.01 0.04 0.16 0.01 0.01 0.01 0.56 0.17 0.01 0.01 0.02 0.03 0.03 0.02 0.02 0.03 0.02
0.00 0.00 0.00 0.00 0.00 0.00 0.00 0.00 0.00 0.00 0.00 0.00 0.00 0.00 0.00 0.00 0.00 0.00 0.00 0.00 0.00 0.00 0.00 0.00 0.01 0.01 0.01 0.01 0.02 0.05 0.05 0.00 0.01 0.02 0.04 0.02 0.11 0.02 0.01 0.02 0.13 0.17 0.02 0.01 0.02 0.22 0.17 0.01 0.01 0.01 0.18 0.33 0.06 0.12 0.10 0.01 0.01 0.01 0.01 0.01 0.02 0.02 0.15 0.13 0.01 0.01 0.01 0.14 0.16 0.10 0.01 0.00 0.26 0.22 0.13 0.09 0.06 0.05 0.03 0.03 0.02 0.02 0.05 0.02
0.00 0.00 0.00 0.00 0.00 0.00 0.00 0.00 0.00 0.00 0.00 0.00 0.00 0.00 0.00 0.00 0.00 0.00 0.00 0.00 0.00 0.00 0.00 0.00 0.00 0.01 0.01 0.01 0.01 0.03 0.12 0.01 0.01 0.01 0.02 0.08 0.07 0.01 0.01 0.01 0.25 0.02 0.01 0.00 0.01 0.21 0.02 0.01 0.01 0.02 0.27 0.21 0.01 0.01 0.09 0.08 0.04 0.01 0.01 0.02 0.02 0.02 0.19 0.01 0.01 0.03 0.08 0.13 0.02 0.02 0.01 0.01 0.25 0.04 0.14 0.03 0.04 0.03 0.03 0.02 0.02 0.01 0.03 0.01
0.00 0.00 0.00 0.00 0.00 0.00 0.00 0.00 0.00 0.00 0.00 0.00 0.00 0.00 0.00 0.00 0.00 0.00 0.00 0.00 0.00 0.00 0.00 0.00 0.00 0.00 0.00 0.01 0.01 0.02 0.04 0.01 0.01 0.03 0.03 0.05 0.01 0.01 0.01 0.20 0.25 0.01 0.01 0.01 0.18 0.21 0.01 0.01 0.01 0.01 0.17 0.39 0.01 0.01 0.01 0.02 0.10 0.02 0.01 0.01 0.03 0.12 0.18 0.01 0.02 0.01 0.11 0.02 0.02 0.01 0.01 0.15 0.22 0.06 0.10 0.04 0.04 0.03 0.03 0.03 0.02 0.01 0.01 0.01
0.00 0.00 0.00 0.00 0.00 0.00 0.00 0.00 0.00 0.00 0.00 0.00 0.00 0.00 0.00 0.00 0.00 0.00 0.00 0.00 0.00 0.00 0.00 0.00 0.00 0.00 0.00 0.01 0.01 0.02 0.03 0.01 0.01 0.01 0.02 0.02 0.01 0.01 0.18 0.20 0.01 0.01 0.01 0.01 0.17 0.03 0.02 0.01 0.01 0.01 0.23 0.27 0.04 0.02 0.01 0.02 0.01 0.01 0.01 0.01 0.05 0.06 0.07 0.01 0.02 0.04 0.07 0.01 0.01 0.02 0.13 0.09 0.12 0.11 0.04 0.04 0.03 0.03 0.03 0.02 0.02 0.02 0.01 0.01
0.00 0.00 0.00 0.00 0.00 0.00 0.00 0.00 0.00 0.00 0.00 0.00 0.00 0.00 0.00 0.00 0.00 0.00 0.00 0.00 0.00 0.00 0.00 0.00 0.00 0.00 0.00 0.00 0.01 0.02 0.01 0.01 0.01 0.01 0.01 0.01 0.04 0.20 0.18 0.01 0.01 0.01 0.01 0.08 0.13 0.02 0.02 0.01 0.01 0.01 0.32 0.16 0.04 0.01 0.01 0.01 0.01 0.01 0.01 0.02 0.06 0.05 0.05 0.02 0.02 0.02 0.02 0.01 0.01 0.04 0.12 0.03 0.01 0.27 0.02 0.03 0.03 0.03 0.03 0.02 0.02 0.02 0.01 0.01
0.00 0.00 0.00 0.00 0.00 0.00 0.00 0.00 0.00 0.00 0.00 0.00 0.00 0.00 0.00 0.00 0.00 0.00 0.00 0.00 0.00 0.00 0.00 0.00 0.00 0.00 0.00 0.00 0.00 0.01 0.01 0.01 0.01 0.07 0.11 0.16 0.06 0.18 0.02 0.01 0.01 0.01 0.10 0.07 0.10 0.02 0.01 0.01 0.01 0.01 0.21 0.19 0.08 0.02 0.01 0.01 0.01 0.01 0.01 0.01 0.08 0.02 0.02 0.02 0.01 0.01 0.01 0.00 0.01 0.06 0.05 0.04 0.01 0.16 0.11 0.04 0.03 0.03 0.02 0.02 0.02 0.01 0.01 0.01
0.00 0.00 0.00 0.00 0.00 0.00 0.00 0.00 0.00 0.00 0.00 0.00 0.00 0.00 0.00 0.00 0.00 0.00 0.00 0.00 0.00 0.00 0.00 0.00 0.00 0.00 0.00 0.00 0.00 0.01 0.01 0.02 0.04 0.20 0.01 0.01 0.09 0.10 0.01 0.01 0.01 0.05 0.11 0.01 0.05 0.02 0.01 0.01 0.01 0.04 0.31 0.08 0.08 0.20 0.09 0.02 0.01 0.01 0.01 0.00 0.17 0.00 0.01 0.01 0.01 0.01 0.01 0.01 0.06 0.10 0.01 0.02 0.02 0.13 0.05 0.04 0.03 0.03 0.02 0.02 0.01 0.01 0.01 0.01
0.00 0.00 0.00 0.00 0.00 0.00 0.00 0.00 0.00 0.00 0.00 0.00 0.00 0.00 0.00 0.00 0.00 0.00 0.00 0.00 0.00 0.00 0.00 0.00 0.00 0.00 0.00 0.00 0.00 0.01 0.02 0.03 0.04 0.05 0.01 0.02 0.04 0.02 0.01 0.01 0.02 0.04 0.04 0.01 0.03 0.01 0.01 0.01 0.04 0.09 0.26 0.03 0.01 0.07 0.08 0.14 0.09 0.02 0.01 0.01 0.16 0.00 0.01 0.01 0.01 0.02 0.02 0.07 0.05 0.04 0.01 0.01 0.02 0.10 0.05 0.04 0.03 0.03 0.02 0.02 0.01 0.01 0.01 0.01
0.00 0.00 0.00 0.00 0.00 0.00 0.00 0.00 0.00 0.00 0.00 0.00 0.00 0.00 0.00 0.00 0.00 0.00 0.00 0.00 0.00 0.00 0.00 0.00 0.00 0.00 0.00 0.00 0.00 0.01 0.01 0.01 0.03 0.02 0.01 0.01 0.02 0.01 0.01 0.01 0.02 0.03 0.03 0.01 0.02 0.01 0.01 0.05 0.04 0.05 0.24 0.04 0.02 0.02 0.02 0.01 0.07 0.07 0.07 0.01 0.16 0.01 0.01 0.01 0.01 0.01 0.02 0.03 0.01 0.02 0.01 0.01 0.02 0.08 0.05 0.04 0.03 0.03 0.02 0.01 0.01 0.01 0.01 0.01
0.00 0.00 0.00 0.00 0.00 0.00 0.00 0.00 0.00 0.00 0.00 0.00 0.00 0.00 0.00 0.00 0.00 0.00 0.00 0.00 0.00 0.00 0.00 0.00 0.00 0.00 0.00 0.00 0.00 0.00 0.01 0.01 0.02 0.02 0.01 0.01 0.01 0.01 0.01 0.01 0.01 0.02 0.02 0.01 0.01 0.01 0.10 0.06 0.05 0.06 0.19 0.05 0.02 0.02 0.02 0.01 0.01 0.02 0.06 0.01 0.15 0.01 0.00 0.00 0.01 0.01 0.01 0.01 0.01 0.01 0.00 0.01 0.01 0.05 0.04 0.04 0.03 0.02 0.02 0.01 0.01 0.01 0.01 0.00
0.00 0.00 0.00 0.00 0.00 0.00 0.00 0.00 0.00 0.00 0.00 0.00 0.00 0.00 0.00 0.00 0.00 0.00 0.00 0.00 0.00 0.00 0.00 0.00 0.00 0.00 0.00 0.00 0.00 0.00 0.00 0.01 0.01 0.01 0.00 0.00 0.00 0.00 0.00 0.01 0.01 0.01 0.01 0.01 0.01 0.01 0.09 0.01 0.01 0.05 0.16 0.04 0.02 0.02 0.02 0.01 0.01 0.01 0.02 0.01 0.14 0.01 0.01 0.00 0.00 0.00 0.00 0.00 0.00 0.00 0.00 0.01 0.02 0.04 0.03 0.03 0.03 0.03 0.02 0.01 0.01 0.01 0.00 0.00
0.00 0.00 0.00 0.00 0.00 0.00 0.00 0.00 0.00 0.00 0.00 0.00 0.00 0.00 0.00 0.00 0.00 0.00 0.00 0.00 0.00 0.00 0.00 0.00 0.00 0.00 0.00 0.00 0.00 0.00 0.00 0.00 0.00 0.00 0.00 0.00 0.00 0.00 0.00 0.00 0.00 0.00 0.01 0.01 0.02 0.06 0.06 0.01 0.02 0.04 0.16 0.07 0.03 0.02 0.01 0.01 0.01 0.01 0.01 0.01 0.13 0.11 0.07 0.00 0.00 0.00 0.00 0.00 0.00 0.00 0.00 0.00 0.01 0.03 0.02 0.02 0.03 0.03 0.02 0.02 0.01 0.00 0.00 0.00
0.00 0.00 0.00 0.00 0.00 0.00 0.00 0.00 0.00 0.00 0.00 0.00 0.00 0.00 0.00 0.00 0.00 0.00 0.00 0.00 0.00 0.00 0.00 0.00 0.00 0.00 0.00 0.00 0.00 0.00 0.00 0.00 0.00 0.00 0.00 0.00 0.00 0.00 0.00 0.00 0.00 0.00 0.01 0.02 0.02 0.04 0.02 0.01 0.01 0.04 0.13 0.07 0.03 0.02 0.02 0.02 0.01 0.00 0.01 0.01 0.01 0.05 0.06 0.00 0.00 0.00 0.00 0.00 0.00 0.00 0.00 0.00 0.01 0.01 0.01 0.01 0.04 0.03 0.02 0.00 0.00 0.00 0.00 0.00
0.00 0.00 0.00 0.00 0.00 0.00 0.00 0.00 0.00 0.00 0.00 0.00 0.00 0.00 0.00 0.00 0.00 0.00 0.00 0.00 0.00 0.00 0.00 0.00 0.00 0.00 0.00 0.00 0.00 0.00 0.00 0.00 0.00 0.00 0.00 0.00 0.00 0.00 0.00 0.00 0.00 0.00 0.00 0.00 0.01 0.01 0.01 0.01 0.03 0.05 0.09 0.06 0.03 0.02 0.01 0.01 0.01 0.00 0.01 0.01 0.02 0.06 0.00 0.00 0.00 0.00 0.00 0.00 0.00 0.00 0.00 0.00 0.00 0.00 0.00 0.00 0.00 0.00 0.00 0.00 0.00 0.00 0.00 0.00
