NEW_versions/Scripts/Results/Iao_50m/MaxFloodMaps/Iao_50m_0.6.asc
NCOLS 111
NROWS 84
XLLCENTER 750508.350000
YLLCENTER 2308429.860000
CELLSIZE 50.000000
NODATA_value -99999.000000
[rows 0 to 37 of 84, columns 0 to 83 of 111]
0.00 0.00 0.00 0.00 0.00 0.00 0.00 0.00 0.00 0.00 0.00 0.00 0.00 0.00 0.00 0.00 0.00 0.00 0.00 0.00 0.00 0.00 0.00 0.00 0.00 0.00 0.00 0.00 0.00 0.00 0.00 0.00 0.00 0.00 0.00 0.00 0.00 0.00 0.00 0.00 0.00 0.00 0.00 0.00 0.00 0.00 0.00 0.00 0.00 0.00 0.00 0.00 0.00 0.00 0.00 0.00 0.00 0.00 0.00 0.00 0.00 0.00 0.00 0.00 0.00 0.00 0.00 0.00 0.00 0.00 0.00 0.00 0.00 0.00 0.00 0.00 0.00 0.00 0.00 0.00 0.00 0.00 0.00 0.00
0.00 0.00 0.00 0.00 0.00 0.00 0.00 0.00 0.00 0.00 0.00 0.00 0.00 0.00 0.00 0.00 0.00 0.00 0.00 0.00 0.00 0.00 0.00 0.00 0.00 0.00 0.00 0.00 0.00 0.00 0.00 0.00 0.00 0.00 0.00 0.00 0.00 0.00 0.00 0.00 0.00 0.00 0.00 0.00 0.00 0.00 0.00 0.00 0.00 0.00 0.00 0.00 0.00 0.01 0.00 0.00 0.01 0.00 0.01 0.00 0.01 0.00 0.00 0.00 0.00 0.00 0.00 0.00 0.00 0.00 0.00 0.00 0.00 0.00 0.00 0.00 0.00 0.00 0.00 0.00 0.00 0.00 0.00 0.00
0.00 0.00 0.00 0.00 0.00 0.00 0.00 0.00 0.00 0.00 0.00 0.00 0.00 0.00 0.00 0.00 0.00 0.00 0.00 0.00 0.00 0.00 0.00 0.00 0.00 0.00 0.00 0.00 0.00 0.00 0.00 0.00 0.00 0.00 0.00 0.00 0.00 0.00 0.00 0.00 0.00 0.00 0.00 0.00 0.00 0.00 0.00 0.00 0.00 0.00 0.00 0.01 0.01 0.01 0.00 0.01 0.01 0.01 0.01 0.01 0.01 0.00 0.00 0.00 0.00 0.00 0.00 0.00 0.01 0.01 0.00 0.00 0.00 0.00 0.00 0.00 0.00 0.00 0.00 0.00 0.00 0.00 0.00 0.00
0.00 0.00 0.00 0.00 0.00 0.00 0.00 0.00 0.00 0.00 0.00 0.00 0.00 0.00 0.00 0.00 0.00 0.00 0.00 0.00 0.00 0.00 0.00 0.00 0.00 0.00 0.00 0.00 0.00 0.00 0.00 0.00 0.00 0.00 0.00 0.00 0.00 0.00 0.00 0.00 0.00 0.00 0.00 0.00 0.00 0.00 0.00 0.01 0.01 0.01 0.01 0.01 0.01 0.01 0.01 0.01 0.01 0.01 0.01 0.01 0.01 0.01 0.00 0.00 0.00 0.00 0.00 0.01 0.01 0.01 0.00 0.01 0.01 0.00 0.00 0.00 0.00 0.00 0.00 0.00 0.00 0.00 0.00 0.00
0.00 0.00 0.00 0.00 0.00 0.00 0.00 0.00 0.00 0.00 0.00 0.00 0.00 0.00 0.00 0.00 0.00 0.00 0.00 0.00 0.00 0.00 0.00 0.00 0.00 0.00 0.00 0.00 0.00 0.00 0.00 0.00 0.00 0.00 0.00 0.00 0.00 0.00 0.00 0.00 0.00 0.00 0.00 0.00 0.00 0.00 0.00 0.01 0.01 0.01 0.01 0.01 0.01 0.01 0.01 0.01 0.01 0.01 0.01 0.01 0.01 0.01 0.00 0.00 0.00 0.01 0.01 0.01 0.02 0.01 0.01 0.01 0.01 0.01 0.01 0.00 0.00 0.00 0.00 0.00 0.00 0.00 0.00 0.00
0.00 0.00 0.00 0.00 0.00 0.00 0.00 0.00 0.00 0.00 0.00 0.00 0.00 0.00 0.00 0.00 0.00 0.00 0.00 0.00 0.00 0.00 0.00 0.00 0.00 0.00 0.00 0.00 0.00 0.00 0.00 0.00 0.00 0.00 0.00 0.00 0.00 0.00 0.00 0.00 0.00 0.00 0.00 0.00 0.00 0.00 0.00 0.01 0.01 0.01 0.01 0.01 0.02 0.01 0.01 0.01 0.01 0.01 0.02 0.01 0.01 0.01 0.01 0.00 0.00 0.00 0.01 0.02 0.02 0.01 0.01 0.01 0.01 0.01 0.01 0.01 0.00 0.00 0.00 0.00 0.00 0.00 0.00 0.01
0.00 0.00 0.00 0.00 0.00 0.00 0.00 0.00 0.00 0.00 0.00 0.00 0.00 0.00 0.00 0.00 0.00 0.00 0.00 0.00 0.00 0.00 0.00 0.00 0.00 0.00 0.00 0.00 0.00 0.00 0.00 0.00 0.00 0.00 0.00 0.00 0.00 0.00 0.00 0.00 0.00 0.00 0.00 0.00 0.00 0.00 0.01 0.01 0.01 0.01 0.01 0.01 0.02 0.02 0.01 0.01 0.01 0.01 0.02 0.02 0.01 0.01 0.01 0.01 0.00 0.00 0.01 0.03 0.02 0.01 0.01 0.01 0.01 0.01 0.01 0.01 0.00 0.01 0.00 0.00 0.00 0.00 0.00 0.01
0.00 0.00 0.00 0.00 0.00 0.00 0.00 0.00 0.00 0.00 0.00 0.00 0.00 0.00 0.00 0.00 0.00 0.00 0.00 0.00 0.00 0.00 0.00 0.00 0.00 0.00 0.00 0.00 0.00 0.00 0.00 0.00 0.00 0.00 0.00 0.00 0.00 0.00 0.00 0.00 0.00 0.00 0.01 0.01 0.01 0.01 0.01 0.01 0.01 0.01 0.01 0.01 0.02 0.02 0.02 0.01 0.01 0.02 0.02 0.02 0.01 0.01 0.01 0.01 0.01 0.00 0.01 0.03 0.01 0.01 0.01 0.01 0.01 0.01 0.02 0.01 0.01 0.01 0.01 0.00 0.00 0.01 0.00 0.00
0.00 0.00 0.00 0.00 0.00 0.00 0.00 0.00 0.00 0.00 0.00 0.00 0.00 0.00 0.00 0.00 0.00 0.00 0.00 0.00 0.00 0.00 0.00 0.00 0.00 0.00 0.00 0.00 0.00 0.00 0.00 0.00 0.00 0.00 0.00 0.00 0.00 0.00 0.00 0.00 0.01 0.01 0.01 0.01 0.01 0.01 0.01 0.01 0.01 0.01 0.01 0.01 0.02 0.02 0.02 0.02 0.02 0.02 0.02 0.02 0.01 0.01 0.01 0.01 0.01 0.00 0.01 0.03 0.01 0.01 0.01 0.01 0.01 0.01 0.02 0.01 0.01 0.01 0.01 0.01 0.01 0.01 0.01 0.00
0.00 0.00 0.00 0.00 0.00 0.00 0.00 0.00 0.00 0.00 0.00 0.00 0.00 0.00 0.00 0.00 0.00 0.00 0.00 0.00 0.00 0.00 0.00 0.00 0.00 0.00 0.00 0.00 0.00 0.00 0.00 0.00 0.00 0.00 0.00 0.01 0.00 0.01 0.00 0.01 0.01 0.01 0.01 0.01 0.01 0.01 0.01 0.01 0.01 0.01 0.01 0.02 0.02 0.02 0.02 0.02 0.02 0.02 0.02 0.03 0.02 0.01 0.01 0.01 0.01 0.00 0.01 0.08 0.01 0.01 0.01 0.01 0.01 0.02 0.02 0.02 0.01 0.01 0.01 0.00 0.01 0.01 0.01 0.01
0.00 0.00 0.00 0.00 0.00 0.00 0.00 0.00 0.00 0.00 0.00 0.00 0.00 0.00 0.00 0.00 0.00 0.00 0.00 0.00 0.00 0.00 0.00 0.00 0.00 0.00 0.00 0.00 0.00 0.00 0.00 0.01 0.01 0.01 0.01 0.01 0.00 0.01 0.00 0.01 0.01 0.01 0.01 0.01 0.01 0.01 0.02 0.01 0.01 0.01 0.02 0.03 0.05 0.02 0.02 0.02 0.02 0.02 0.03 0.03 0.02 0.01 0.01 0.01 0.01 0.01 0.01 0.05 0.03 0.01 0.01 0.01 0.01 0.02 0.02 0.02 0.01 0.01 0.01 0.00 0.01 0.02 0.02 0.01
0.00 0.00 0.00 0.00 0.00 0.00 0.00 0.00 0.00 0.00 0.00 0.00 0.00 0.00 0.00 0.00 0.00 0.00 0.00 0.00 0.00 0.00 0.00 0.00 0.00 0.00 0.00 0.00 0.00 0.00 0.00 0.01 0.01 0.01 0.01 0.01 0.01 0.01 0.01 0.00 0.01 0.01 0.01 0.01 0.01 0.01 0.01 0.01 0.01 0.02 0.02 0.02 0.05 0.08 0.05 0.04 0.03 0.03 0.03 0.05 0.03 0.02 0.01 0.01 0.01 0.01 0.00 0.02 0.03 0.03 0.03 0.01 0.01 0.03 0.02 0.02 0.01 0.01 0.01 0.01 0.01 0.02 0.01 0.01
0.00 0.00 0.00 0.00 0.00 0.00 0.00 0.00 0.00 0.00 0.00 0.00 0.00 0.00 0.00 0.00 0.00 0.00 0.00 0.00 0.00 0.00 0.00 0.00 0.00 0.01 0.01 0.01 0.01 0.00 0.01 0.01 0.01 0.01 0.01 0.01 0.02 0.01 0.01 0.00 0.01 0.01 0.01 0.01 0.01 0.02 0.02 0.02 0.02 0.03 0.05 0.01 0.00 0.01 0.03 0.11 0.04 0.03 0.06 0.05 0.08 0.03 0.03 0.04 0.01 0.01 0.00 0.01 0.01 0.04 0.06 0.05 0.04 0.05 0.02 0.02 0.02 0.01 0.01 0.01 0.00 0.02 0.02 0.01
0.00 0.00 0.00 0.00 0.00 0.00 0.00 0.00 0.00 0.00 0.00 0.00 0.00 0.00 0.00 0.01 0.01 0.00 0.01 0.01 0.00 0.01 0.01 0.01 0.01 0.01 0.01 0.01 0.01 0.00 0.01 0.01 0.01 0.01 0.01 0.01 0.02 0.02 0.01 0.00 0.01 0.01 0.01 0.01 0.02 0.02 0.02 0.02 0.02 0.02 0.03 0.03 0.02 0.00 0.01 0.12 0.14 0.00 0.03 0.09 0.09 0.02 0.00 0.07 0.03 0.01 0.00 0.02 0.02 0.01 0.02 0.03 0.05 0.16 0.17 0.02 0.02 0.02 0.02 0.01 0.01 0.02 0.02 0.01
0.00 0.00 0.00 0.00 0.00 0.00 0.00 0.00 0.00 0.00 0.00 0.00 0.00 0.01 0.01 0.01 0.01 0.01 0.01 0.01 0.01 0.01 0.01 0.01 0.01 0.01 0.01 0.01 0.01 0.01 0.01 0.01 0.01 0.01 0.01 0.01 0.03 0.02 0.01 0.00 0.01 0.01 0.01 0.01 0.01 0.02 0.03 0.03 0.04 0.04 0.03 0.03 0.06 0.00 0.01 0.01 0.14 0.00 0.00 0.04 0.15 0.01 0.00 0.00 0.06 0.01 0.00 0.03 0.02 0.02 0.01 0.02 0.01 0.01 0.17 0.14 0.15 0.01 0.02 0.04 0.01 0.02 0.02 0.01
0.00 0.00 0.00 0.00 0.00 0.00 0.00 0.00 0.00 0.00 0.00 0.01 0.01 0.01 0.01 0.01 0.01 0.01 0.01 0.01 0.01 0.01 0.01 0.01 0.01 0.01 0.01 0.01 0.01 0.01 0.01 0.01 0.01 0.01 0.01 0.02 0.03 0.02 0.01 0.01 0.00 0.01 0.01 0.01 0.01 0.02 0.02 0.03 0.05 0.06 0.08 0.09 0.16 0.07 0.04 0.15 0.14 0.00 0.01 0.03 0.20 0.01 0.00 0.01 0.03 0.06 0.00 0.06 0.02 0.02 0.01 0.03 0.02 0.00 0.00 0.01 0.18 0.02 0.03 0.03 0.02 0.02 0.02 0.01
0.00 0.00 0.00 0.00 0.00 0.00 0.00 0.01 0.00 0.00 0.01 0.01 0.01 0.01 0.01 0.02 0.01 0.01 0.01 0.01 0.01 0.01 0.01 0.01 0.01 0.01 0.01 0.01 0.01 0.01 0.01 0.01 0.01 0.01 0.02 0.02 0.02 0.02 0.01 0.01 0.00 0.01 0.01 0.01 0.01 0.01 0.01 0.01 0.01 0.01 0.01 0.01 0.01 0.08 0.07 0.07 0.14 0.02 0.00 0.02 0.10 0.11 0.10 0.01 0.05 0.03 0.00 0.03 0.05 0.02 0.01 0.03 0.04 0.01 0.01 0.00 0.32 0.04 0.03 0.02 0.02 0.02 0.02 0.01
0.00 0.00 0.00 0.00 0.00 0.00 0.01 0.01 0.01 0.01 0.01 0.01 0.01 0.01 0.01 0.02 0.02 0.01 0.02 0.01 0.01 0.01 0.01 0.02 0.01 0.01 0.01 0.01 0.01 0.01 0.01 0.01 0.02 0.01 0.02 0.03 0.02 0.01 0.01 0.01 0.00 0.01 0.01 0.01 0.01 0.01 0.01 0.01 0.00 0.00 0.00 0.01 0.01 0.01 0.05 0.09 0.24 0.27 0.01 0.00 0.04 0.13 0.40 0.09 0.10 0.07 0.01 0.02 0.07 0.01 0.02 0.01 0.06 0.01 0.01 0.00 0.33 0.03 0.00 0.03 0.02 0.02 0.01 0.01
0.00 0.00 0.00 0.00 0.00 0.01 0.01 0.01 0.01 0.01 0.01 0.01 0.01 0.01 0.01 0.01 0.02 0.02 0.02 0.01 0.01 0.01 0.01 0.02 0.01 0.01 0.01 0.01 0.01 0.01 0.01 0.02 0.03 0.02 0.02 0.02 0.02 0.01 0.01 0.01 0.01 0.01 0.01 0.01 0.01 0.01 0.01 0.01 0.01 0.01 0.01 0.00 0.00 0.01 0.01 0.01 0.02 0.25 0.25 0.01 0.02 0.02 0.03 0.28 0.08 0.11 0.09 0.02 0.06 0.01 0.02 0.03 0.04 0.04 0.01 0.01 0.16 0.01 0.00 0.05 0.02 0.02 0.01 0.01
0.00 0.00 0.00 0.00 0.01 0.01 0.01 0.01 0.02 0.01 0.01 0.01 0.01 0.01 0.01 0.02 0.02 0.02 0.04 0.01 0.01 0.01 0.01 0.02 0.02 0.00 0.01 0.01 0.01 0.01 0.01 0.02 0.07 0.03 0.02 0.02 0.02 0.01 0.01 0.00 0.01 0.01 0.01 0.01 0.01 0.01 0.02 0.02 0.01 0.01 0.01 0.01 0.01 0.01 0.01 0.01 0.01 0.01 0.30 0.30 0.02 0.00 0.03 0.02 0.10 0.08 0.14 0.10 0.08 0.01 0.01 0.02 0.06 0.07 0.02 0.02 0.27 0.00 0.00 0.04 0.09 0.07 0.03 0.01
0.00 0.00 0.00 0.01 0.01 0.01 0.01 0.01 0.01 0.01 0.01 0.01 0.01 0.01 0.01 0.02 0.02 0.03 0.05 0.02 0.01 0.01 0.01 0.02 0.02 0.01 0.01 0.01 0.01 0.01 0.01 0.02 0.05 0.10 0.02 0.02 0.02 0.04 0.01 0.01 0.01 0.01 0.02 0.01 0.01 0.02 0.03 0.05 0.01 0.01 0.01 0.01 0.01 0.01 0.01 0.01 0.01 0.01 0.01 0.29 0.25 0.01 0.00 0.01 0.05 0.11 0.15 0.19 0.29 0.25 0.01 0.02 0.11 0.06 0.03 0.06 0.29 0.01 0.00 0.07 0.07 0.02 0.02 0.02
0.00 0.00 0.01 0.01 0.01 0.01 0.01 0.01 0.01 0.02 0.01 0.01 0.01 0.01 0.02 0.02 0.02 0.03 0.03 0.03 0.01 0.01 0.01 0.02 0.02 0.02 0.01 0.01 0.01 0.02 0.02 0.01 0.02 0.09 0.06 0.01 0.03 0.03 0.01 0.01 0.01 0.03 0.02 0.01 0.01 0.01 0.02 0.07 0.06 0.02 0.01 0.01 0.01 0.02 0.02 0.04 0.01 0.00 0.01 0.01 0.29 0.37 0.01 0.01 0.01 0.01 0.01 0.01 0.01 0.21 0.33 0.01 0.00 0.05 0.03 0.01 0.29 0.22 0.23 0.08 0.03 0.01 0.02 0.01
0.00 0.00 0.00 0.01 0.01 0.01 0.01 0.01 0.01 0.02 0.01 0.01 0.01 0.01 0.01 0.00 0.02 0.04 0.04 0.06 0.01 0.01 0.01 0.02 0.03 0.03 0.01 0.01 0.02 0.01 0.02 0.02 0.02 0.03 0.09 0.05 0.03 0.02 0.01 0.00 0.01 0.04 0.02 0.01 0.00 0.01 0.01 0.01 0.03 0.04 0.03 0.02 0.02 0.01 0.01 0.04 0.05 0.01 0.00 0.01 0.01 0.36 0.28 0.01 0.01 0.01 0.02 0.02 0.01 0.01 0.24 0.25 0.02 0.02 0.03 0.04 0.01 0.01 0.26 0.30 0.02 0.02 0.02 0.01
0.00 0.00 0.00 0.01 0.01 0.01 0.01 0.01 0.01 0.02 0.02 0.01 0.01 0.01 0.01 0.00 0.00 0.02 0.03 0.10 0.05 0.00 0.01 0.03 0.02 0.03 0.01 0.02 0.03 0.04 0.03 0.03 0.03 0.03 0.13 0.03 0.02 0.01 0.01 0.01 0.01 0.03 0.04 0.01 0.00 0.00 0.01 0.01 0.03 0.03 0.09 0.09 0.02 0.01 0.01 0.01 0.06 0.14 0.01 0.00 0.01 0.01 0.40 0.29 0.01 0.00 0.01 0.01 0.03 0.01 0.01 0.34 0.24 0.02 0.01 0.02 0.03 0.00 0.00 0.25 0.04 0.02 0.02 0.02
0.00 0.00 0.00 0.01 0.01 0.01 0.01 0.02 0.02 0.01 0.01 0.01 0.02 0.01 0.01 0.01 0.01 0.01 0.02 0.07 0.25 0.06 0.06 0.06 0.03 0.02 0.01 0.00 0.01 0.01 0.03 0.05 0.10 0.06 0.19 0.03 0.02 0.01 0.01 0.01 0.01 0.03 0.06 0.01 0.00 0.00 0.00 0.00 0.01 0.01 0.01 0.08 0.12 0.01 0.01 0.01 0.01 0.05 0.08 0.08 0.00 0.01 0.01 0.37 0.33 0.01 0.01 0.01 0.01 0.01 0.01 0.01 0.29 0.02 0.01 0.01 0.04 0.04 0.02 0.24 0.06 0.02 0.02 0.02
0.00 0.00 0.01 0.01 0.01 0.01 0.02 0.03 0.03 0.02 0.01 0.01 0.01 0.01 0.02 0.01 0.01 0.00 0.00 0.01 0.01 0.07 0.14 0.19 0.02 0.01 0.01 0.00 0.01 0.01 0.01 0.01 0.01 0.03 0.23 0.19 0.02 0.01 0.01 0.01 0.01 0.02 0.10 0.01 0.01 0.00 0.01 0.01 0.01 0.01 0.01 0.01 0.11 0.01 0.01 0.01 0.01 0.01 0.01 0.13 0.01 0.00 0.01 0.01 0.36 0.46 0.26 0.20 0.17 0.14 0.01 0.01 0.17 0.20 0.01 0.00 0.00 0.01 0.01 0.46 0.01 0.02 0.02 0.01
0.00 0.01 0.01 0.02 0.02 0.02 0.02 0.03 0.04 0.03 0.02 0.02 0.02 0.02 0.05 0.01 0.01 0.01 0.00 0.00 0.01 0.01 0.01 0.19 0.20 0.01 0.01 0.01 0.00 0.01 0.01 0.01 0.01 0.02 0.01 0.40 0.20 0.01 0.01 0.01 0.01 0.09 0.07 0.01 0.01 0.01 0.01 0.02 0.02 0.01 0.01 0.01 0.17 0.01 0.01 0.01 0.01 0.01 0.01 0.07 0.15 0.01 0.01 0.00 0.01 0.01 0.13 0.29 0.29 0.25 0.29 0.28 0.32 0.46 0.64 0.64 0.01 0.00 0.01 0.40 0.47 0.02 0.02 0.02
0.01 0.01 0.01 0.01 0.01 0.02 0.02 0.03 0.05 0.06 0.08 0.07 0.07 0.01 0.03 0.04 0.01 0.01 0.01 0.00 0.00 0.01 0.01 0.01 0.21 0.02 0.01 0.01 0.00 0.01 0.01 0.02 0.02 0.02 0.02 0.02 0.30 0.01 0.01 0.01 0.06 0.07 0.01 0.01 0.01 0.01 0.01 0.01 0.01 0.02 0.04 0.03 0.08 0.08 0.01 0.01 0.01 0.01 0.02 0.01 0.09 0.16 0.01 0.00 0.00 0.01 0.01 0.01 0.01 0.01 0.01 0.01 0.01 0.01 0.01 0.63 0.45 0.01 0.01 0.01 0.40 0.02 0.01 0.01
0.00 0.00 0.00 0.01 0.01 0.01 0.04 0.05 0.04 0.02 0.02 0.06 0.17 0.17 0.19 0.02 0.02 0.01 0.01 0.01 0.01 0.00 0.01 0.01 0.21 0.21 0.01 0.01 0.00 0.01 0.01 0.02 0.02 0.04 0.03 0.02 0.23 0.24 0.01 0.01 0.12 0.03 0.01 0.01 0.02 0.02 0.01 0.00 0.01 0.01 0.01 0.02 0.06 0.10 0.06 0.01 0.01 0.01 0.01 0.02 0.01 0.06 0.07 0.01 0.01 0.00 0.01 0.00 0.01 0.01 0.01 0.01 0.01 0.02 0.01 0.02 0.46 0.55 0.55 0.00 0.40 0.40 0.01 0.01
0.00 0.00 0.01 0.01 0.01 0.01 0.01 0.02 0.02 0.01 0.01 0.01 0.01 0.01 0.15 0.22 0.26 0.02 0.01 0.01 0.01 0.00 0.00 0.01 0.01 0.22 0.01 0.01 0.00 0.01 0.01 0.01 0.00 0.01 0.02 0.02 0.01 0.31 0.01 0.01 0.08 0.02 0.01 0.01 0.02 0.02 0.01 0.01 0.01 0.01 0.01 0.02 0.03 0.17 0.08 0.06 0.01 0.01 0.01 0.01 0.01 0.04 0.18 0.01 0.02 0.01 0.02 0.01 0.00 0.01 0.02 0.03 0.02 0.01 0.02 0.01 0.02 0.01 0.55 0.53 0.00 0.51 0.02 0.01
0.00 0.00 0.00 0.01 0.01 0.01 0.01 0.01 0.01 0.02 0.01 0.01 0.01 0.02 0.01 0.01 0.20 0.24 0.25 0.01 0.01 0.01 0.01 0.01 0.01 0.28 0.01 0.01 0.00 0.01 0.01 0.01 0.01 0.01 0.02 0.03 0.03 0.26 0.01 0.01 0.09 0.02 0.01 0.01 0.03 0.02 0.01 0.01 0.01 0.00 0.01 0.02 0.04 0.06 0.14 0.06 0.01 0.01 0.01 0.02 0.02 0.08 0.05 0.01 0.04 0.03 0.03 0.01 0.01 0.00 0.00 0.01 0.03 0.06 0.03 0.02 0.02 0.01 0.01 0.47 0.69 0.44 0.49 0.01
0.00 0.00 0.00 0.00 0.01 0.01 0.01 0.01 0.01 0.01 0.02 0.02 0.02 0.02 0.01 0.02 0.02 0.02 0.25 0.51 0.26 0.01 0.01 0.01 0.01 0.17 0.08 0.01 0.00 0.01 0.01 0.01 0.01 0.01 0.01 0.01 0.02 0.32 0.26 0.01 0.08 0.01 0.01 0.01 0.04 0.01 0.02 0.01 0.01 0.01 0.00 0.00 0.01 0.03 0.12 0.14 0.01 0.01 0.01 0.03 0.02 0.06 0.09 0.01 0.07 0.03 0.01 0.01 0.02 0.02 0.02 0.00 0.00 0.01 0.01 0.01 0.01 0.01 0.01 0.01 0.01 0.44 0.71 0.71
0.00 0.00 0.00 0.00 0.00 0.00 0.00 0.01 0.01 0.01 0.01 0.01 0.02 0.02 0.03 0.03 0.02 0.01 0.01 0.01 0.22 0.65 0.36 0.01 0.01 0.17 0.17 0.01 0.01 0.01 0.05 0.02 0.02 0.02 0.02 0.01 0.01 0.01 0.25 0.36 0.40 0.01 0.02 0.01 0.04 0.01 0.03 0.01 0.01 0.02 0.01 0.01 0.01 0.03 0.06 0.23 0.01 0.01 0.01 0.02 0.04 0.06 0.15 0.03 0.05 0.01 0.01 0.01 0.01 0.02 0.04 0.04 0.01 0.01 0.00 0.00 0.01 0.02 0.01 0.00 0.01 0.02 0.03 0.66
0.00 0.00 0.00 0.00 0.00 0.01 0.01 0.00 0.01 0.01 0.01 0.01 0.02 0.02 0.02 0.01 0.01 0.01 0.01 0.01 0.01 0.01 0.20 0.30 0.28 0.04 0.13 0.14 0.11 0.01 0.00 0.03 0.01 0.02 0.02 0.02 0.01 0.01 0.01 0.01 0.23 0.30 0.01 0.01 0.04 0.01 0.02 0.02 0.01 0.03 0.01 0.01 0.01 0.00 0.00 0.32 0.15 0.01 0.01 0.01 0.01 0.12 0.09 0.02 0.07 0.01 0.01 0.01 0.01 0.01 0.01 0.03 0.03 0.03 0.01 0.01 0.05 0.02 0.00 0.01 0.01 0.02 0.03 0.02
0.00 0.00 0.00 0.00 0.00 0.01 0.01 0.01 0.01 0.02 0.03 0.03 0.02 0.00 0.00 0.00 0.00 0.00 0.01 0.01 0.01 0.01 0.01 0.01 0.34 0.38 0.43 0.00 0.12 0.01 0.01 0.02 0.02 0.01 0.01 0.03 0.01 0.01 0.01 0.01 0.13 0.37 0.01 0.01 0.07 0.01 0.02 0.03 0.01 0.03 0.05 0.01 0.01 0.01 0.01 0.01 0.20 0.20 0.20 0.01 0.01 0.12 0.12 0.03 0.02 0.06 0.04 0.01 0.01 0.00 0.01 0.02 0.03 0.03 0.05 0.03 0.02 0.03 0.01 0.01 0.02 0.04 0.02 0.01
0.00 0.00 0.00 0.00 0.01 0.01 0.01 0.03 0.03 0.02 0.02 0.04 0.04 0.03 0.03 0.01 0.01 0.01 0.01 0.05 0.09 0.12 0.00 0.00 0.00 0.06 0.28 0.41 0.40 0.41 0.01 0.02 0.02 0.02 0.02 0.03 0.04 0.01 0.01 0.01 0.00 0.37 0.34 0.31 0.31 0.40 0.41 0.41 0.01 0.01 0.02 0.02 0.05 0.01 0.02 0.00 0.01 0.01 0.17 0.31 0.01 0.00 0.35 0.02 0.01 0.00 0.04 0.05 0.06 0.01 0.01 0.02 0.03 0.04 0.09 0.02 0.02 0.03 0.02 0.01 0.02 0.07 0.01 0.01
0.00 0.00 0.00 0.00 0.01 0.01 0.01 0.01 0.01 0.00 0.01 0.02 0.04 0.06 0.06 0.10 0.10 0.13 0.14 0.12 0.08 0.20 0.15 0.17 0.19 0.16 0.09 0.04 0.04 0.48 0.62 0.47 0.54 0.45 0.55 0.64 0.65 0.57 0.01 0.01 0.01 0.00 0.00 0.00 0.00 0.00 0.00 0.32 0.00 0.01 0.02 0.03 0.03 0.03 0.02 0.02 0.01 0.01 0.01 0.11 0.14 0.00 0.12 0.01 0.02 0.01 0.01 0.02 0.05 0.08 0.06 0.04 0.04 0.03 0.10 0.17 0.01 0.02 0.02 0.02 0.01 0.01 0.02 0.01
0.00 0.00 0.00 0.00 0.00 0.00 0.01 0.01 0.01 0.03 0.03 0.04 0.03 0.02 0.08 0.05 0.07 0.04 0.02 0.02 0.02 0.02 0.02 0.02 0.02 0.02 0.02 0.04 0.03 0.02 0.03 0.06 0.04 0.05 0.02 0.01 0.04 0.53 1.05 1.04 0.01 0.01 0.01 0.01 0.01 0.01 0.01 0.38 0.01 0.02 0.01 0.01 0.03 0.05 0.03 0.03 0.02 0.02 0.01 0.05 0.25 0.07 0.09 0.07 0.02 0.01 0.01 0.02 0.03 0.02 0.04 0.04 0.04 0.04 0.03 0.12 0.09 0.10 0.01 0.01 0.01 0.01 0.01 0.01
