NEW_versions/Scripts/Results/Iao_50m/MaxFloodMaps/Iao_50m_1.4.asc
NCOLS 111
NROWS 84
XLLCENTER 750508.350000
YLLCENTER 2308429.860000
CELLSIZE 50.000000
NODATA_value -99999.000000
[rows 0 to 37 of 84, columns 0 to 83 of 111]
0.00 0.00 0.00 0.00 0.00 0.00 0.00 0.00 0.00 0.00 0.00 0.00 0.00 0.00 0.00 0.00 0.00 0.00 0.00 0.00 0.00 0.00 0.00 0.00 0.00 0.00 0.00 0.00 0.00 0.00 0.00 0.00 0.00 0.00 0.00 0.00 0.00 0.00 0.00 0.00 0.00 0.00 0.00 0.00 0.00 0.00 0.00 0.00 0.00 0.00 0.00 0.00 0.00 0.00 0.00 0.00 0.00 0.00 0.00 0.00 0.00 0.00 0.00 0.00 0.00 0.00 0.00 0.00 0.00 0.00 0.00 0.00 0.00 0.00 0.00 0.00 0.00 0.00 0.00 0.00 0.00 0.00 0.00 0.00
0.00 0.00 0.00 0.00 0.00 0.00 0.00 0.00 0.00 0.00 0.00 0.00 0.00 0.00 0.00 0.00 0.00 0.00 0.00 0.00 0.00 0.00 0.00 0.00 0.00 0.00 0.00 0.00 0.00 0.00 0.00 0.00 0.00 0.00 0.00 0.00 0.00 0.00 0.00 0.00 0.00 0.00 0.00 0.00 0.00 0.00 0.00 0.00 0.00 0.00 0.00 0.01 0.01 0.01 0.00 0.01 0.01 0.01 0.01 0.01 0.01 0.00 0.00 0.00 0.00 0.00 0.00 0.00 0.00 0.00 0.00 0.00 0.00 0.00 0.00 0.00 0.00 0.00 0.00 0.00 0.00 0.00 0.00 0.00
0.00 0.00 0.00 0.00 0.00 0.00 0.00 0.00 0.00 0.00 0.00 0.00 0.00 0.00 0.00 0.00 0.00 0.00 0.00 0.00 0.00 0.00 0.00 0.00 0.00 0.00 0.00 0.00 0.00 0.00 0.00 0.00 0.00 0.00 0.00 0.00 0.00 0.00 0.00 0.00 0.00 0.00 0.00 0.00 0.00 0.00 0.00 0.01 0.01 0.01 0.01 0.01 0.02 0.01 0.01 0.01 0.01 0.01 0.01 0.01 0.01 0.01 0.00 0.00 0.00 0.00 0.00 0.01 0.01 0.01 0.00 0.00 0.00 0.00 0.00 0.00 0.00 0.00 0.00 0.00 0.00 0.00 0.00 0.00
0.00 0.00 0.00 0.00 0.00 0.00 0.00 0.00 0.00 0.00 0.00 0.00 0.00 0.00 0.00 0.00 0.00 0.00 0.00 0.00 0.00 0.00 0.00 0.00 0.00 0.00 0.00 0.00 0.00 0.00 0.00 0.00 0.00 0.00 0.00 0.00 0.00 0.00 0.00 0.00 0.00 0.00 0.00 0.00 0.00 0.00 0.01 0.01 0.01 0.01 0.01 0.01 0.02 0.02 0.01 0.01 0.02 0.02 0.02 0.01 0.01 0.01 0.01 0.00 0.00 0.01 0.01 0.01 0.01 0.02 0.01 0.01 0.01 0.00 0.00 0.00 0.00 0.00 0.00 0.00 0.00 0.00 0.00 0.00
0.00 0.00 0.00 0.00 0.00 0.00 0.00 0.00 0.00 0.00 0.00 0.00 0.00 0.00 0.00 0.00 0.00 0.00 0.00 0.00 0.00 0.00 0.00 0.00 0.00 0.00 0.00 0.00 0.00 0.00 0.00 0.00 0.00 0.00 0.00 0.00 0.00 0.00 0.00 0.00 0.00 0.00 0.00 0.00 0.00 0.00 0.01 0.01 0.01 0.01 0.02 0.02 0.02 0.03 0.02 0.01 0.01 0.02 0.02 0.02 0.01 0.01 0.01 0.00 0.01 0.01 0.01 0.01 0.03 0.02 0.01 0.02 0.01 0.01 0.02 0.00 0.00 0.00 0.00 0.00 0.00 0.00 0.00 0.00
0.00 0.00 0.00 0.00 0.00 0.00 0.00 0.00 0.00 0.00 0.00 0.00 0.00 0.00 0.00 0.00 0.00 0.00 0.00 0.00 0.00 0.00 0.00 0.00 0.00 0.00 0.00 0.00 0.00 0.00 0.00 0.00 0.00 0.00 0.00 0.00 0.00 0.00 0.00 0.00 0.00 0.00 0.00 0.00 0.00 0.01 0.01 0.01 0.01 0.02 0.02 0.02 0.03 0.02 0.02 0.02 0.02 0.02 0.03 0.02 0.02 0.01 0.01 0.01 0.01 0.01 0.01 0.03 0.03 0.02 0.01 0.01 0.01 0.01 0.02 0.02 0.00 0.00 0.00 0.00 0.00 0.00 0.00 0.01
0.00 0.00 0.00 0.00 0.00 0.00 0.00 0.00 0.00 0.00 0.00 0.00 0.00 0.00 0.00 0.00 0.00 0.00 0.00 0.00 0.00 0.00 0.00 0.00 0.00 0.00 0.00 0.00 0.00 0.00 0.00 0.00 0.00 0.00 0.00 0.00 0.00 0.00 0.00 0.00 0.00 0.00 0.01 0.01 0.01 0.01 0.01 0.01 0.01 0.01 0.02 0.02 0.03 0.03 0.02 0.02 0.02 0.03 0.03 0.03 0.02 0.02 0.01 0.01 0.01 0.01 0.01 0.05 0.03 0.02 0.01 0.01 0.01 0.02 0.02 0.01 0.01 0.01 0.01 0.00 0.00 0.00 0.01 0.01
0.00 0.00 0.00 0.00 0.00 0.00 0.00 0.00 0.00 0.00 0.00 0.00 0.00 0.00 0.00 0.00 0.00 0.00 0.00 0.00 0.00 0.00 0.00 0.00 0.00 0.00 0.00 0.00 0.00 0.00 0.00 0.00 0.00 0.00 0.00 0.00 0.00 0.00 0.00 0.00 0.01 0.01 0.01 0.01 0.01 0.01 0.02 0.01 0.01 0.01 0.02 0.02 0.03 0.03 0.03 0.03 0.02 0.03 0.03 0.03 0.02 0.02 0.02 0.01 0.01 0.01 0.02 0.06 0.03 0.02 0.01 0.01 0.02 0.02 0.03 0.01 0.01 0.02 0.01 0.01 0.01 0.01 0.01 0.01
0.00 0.00 0.00 0.00 0.00 0.00 0.00 0.00 0.00 0.00 0.00 0.00 0.00 0.00 0.00 0.00 0.00 0.00 0.00 0.00 0.00 0.00 0.00 0.00 0.00 0.00 0.00 0.00 0.00 0.00 0.00 0.00 0.00 0.00 0.00 0.00 0.00 0.00 0.00 0.01 0.01 0.01 0.01 0.02 0.02 0.02 0.02 0.01 0.01 0.02 0.02 0.02 0.03 0.04 0.03 0.03 0.03 0.03 0.04 0.04 0.03 0.02 0.02 0.01 0.01 0.01 0.02 0.05 0.02 0.01 0.01 0.01 0.02 0.02 0.04 0.02 0.02 0.02 0.01 0.01 0.01 0.01 0.01 0.01
0.00 0.00 0.00 0.00 0.00 0.00 0.00 0.00 0.00 0.00 0.00 0.00 0.00 0.00 0.00 0.00 0.00 0.00 0.00 0.00 0.00 0.00 0.00 0.00 0.00 0.00 0.00 0.00 0.00 0.00 0.00 0.00 0.00 0.00 0.01 0.01 0.01 0.01 0.01 0.01 0.01 0.01 0.02 0.02 0.02 0.02 0.02 0.02 0.02 0.02 0.02 0.03 0.03 0.04 0.03 0.03 0.03 0.04 0.04 0.04 0.03 0.02 0.02 0.01 0.01 0.01 0.01 0.13 0.02 0.01 0.01 0.02 0.02 0.03 0.04 0.03 0.02 0.02 0.01 0.01 0.01 0.02 0.01 0.01
0.00 0.00 0.00 0.00 0.00 0.00 0.00 0.00 0.00 0.00 0.00 0.00 0.00 0.00 0.00 0.00 0.00 0.00 0.00 0.00 0.00 0.00 0.00 0.00 0.00 0.00 0.00 0.00 0.00 0.00 0.00 0.01 0.01 0.01 0.01 0.02 0.01 0.02 0.01 0.01 0.02 0.02 0.02 0.02 0.02 0.02 0.03 0.02 0.02 0.02 0.03 0.06 0.09 0.03 0.03 0.03 0.04 0.03 0.05 0.05 0.03 0.02 0.02 0.02 0.01 0.01 0.01 0.09 0.05 0.01 0.02 0.02 0.03 0.04 0.03 0.03 0.03 0.02 0.01 0.01 0.01 0.03 0.03 0.01
0.00 0.00 0.00 0.00 0.00 0.00 0.00 0.00 0.00 0.00 0.00 0.00 0.00 0.00 0.00 0.00 0.00 0.00 0.00 0.00 0.00 0.00 0.00 0.00 0.00 0.00 0.00 0.00 0.00 0.00 0.01 0.01 0.02 0.01 0.01 0.02 0.02 0.02 0.01 0.01 0.01 0.02 0.02 0.02 0.02 0.02 0.02 0.02 0.02 0.03 0.03 0.03 0.09 0.14 0.10 0.07 0.06 0.06 0.05 0.08 0.06 0.04 0.02 0.02 0.01 0.01 0.01 0.04 0.06 0.05 0.05 0.02 0.03 0.05 0.04 0.03 0.02 0.02 0.01 0.01 0.01 0.04 0.02 0.02
0.00 0.00 0.00 0.00 0.00 0.00 0.00 0.00 0.00 0.00 0.00 0.00 0.00 0.00 0.00 0.00 0.00 0.00 0.00 0.00 0.00 0.00 0.00 0.00 0.00 0.01 0.01 0.01 0.01 0.01 0.01 0.01 0.02 0.01 0.02 0.02 0.03 0.02 0.01 0.01 0.01 0.02 0.02 0.02 0.03 0.03 0.03 0.03 0.04 0.05 0.09 0.01 0.01 0.01 0.05 0.20 0.07 0.05 0.11 0.09 0.14 0.05 0.05 0.06 0.02 0.02 0.01 0.02 0.02 0.07 0.11 0.09 0.06 0.08 0.04 0.03 0.03 0.03 0.02 0.01 0.01 0.03 0.03 0.02
0.00 0.00 0.00 0.00 0.00 0.00 0.00 0.00 0.00 0.00 0.00 0.00 0.00 0.00 0.01 0.01 0.01 0.01 0.01 0.01 0.01 0.01 0.01 0.01 0.01 0.01 0.01 0.02 0.01 0.01 0.01 0.01 0.02 0.02 0.02 0.02 0.04 0.03 0.01 0.01 0.01 0.01 0.02 0.02 0.03 0.03 0.04 0.04 0.03 0.03 0.05 0.05 0.04 0.00 0.02 0.20 0.23 0.00 0.05 0.15 0.15 0.03 0.01 0.11 0.06 0.01 0.01 0.03 0.03 0.01 0.04 0.06 0.09 0.28 0.29 0.04 0.04 0.03 0.03 0.02 0.02 0.03 0.04 0.02
0.00 0.00 0.00 0.00 0.00 0.00 0.00 0.00 0.00 0.00 0.00 0.01 0.01 0.01 0.01 0.02 0.02 0.01 0.01 0.02 0.01 0.01 0.01 0.02 0.01 0.01 0.02 0.01 0.01 0.01 0.01 0.01 0.01 0.02 0.02 0.02 0.04 0.03 0.01 0.01 0.01 0.01 0.01 0.02 0.03 0.03 0.05 0.06 0.07 0.06 0.06 0.04 0.10 0.01 0.02 0.03 0.24 0.01 0.01 0.07 0.26 0.02 0.01 0.01 0.10 0.01 0.01 0.05 0.03 0.04 0.02 0.04 0.02 0.01 0.30 0.25 0.27 0.03 0.04 0.07 0.02 0.03 0.03 0.02
0.00 0.00 0.00 0.00 0.00 0.00 0.00 0.00 0.00 0.00 0.01 0.01 0.01 0.01 0.01 0.02 0.02 0.02 0.01 0.02 0.02 0.02 0.01 0.02 0.02 0.02 0.02 0.02 0.02 0.02 0.02 0.02 0.01 0.01 0.02 0.03 0.05 0.03 0.01 0.01 0.01 0.01 0.01 0.02 0.02 0.03 0.03 0.05 0.09 0.10 0.14 0.16 0.27 0.11 0.08 0.27 0.24 0.01 0.01 0.05 0.35 0.02 0.01 0.01 0.06 0.11 0.01 0.10 0.03 0.03 0.02 0.05 0.03 0.01 0.01 0.01 0.31 0.04 0.06 0.06 0.03 0.03 0.03 0.02
0.00 0.00 0.00 0.00 0.00 0.00 0.00 0.02 0.01 0.01 0.01 0.01 0.01 0.01 0.02 0.03 0.02 0.01 0.01 0.02 0.02 0.01 0.02 0.02 0.02 0.01 0.02 0.02 0.02 0.02 0.02 0.01 0.01 0.02 0.04 0.04 0.04 0.03 0.02 0.01 0.01 0.01 0.01 0.02 0.02 0.02 0.02 0.02 0.02 0.01 0.01 0.01 0.02 0.14 0.12 0.12 0.24 0.05 0.01 0.04 0.18 0.19 0.17 0.01 0.09 0.05 0.01 0.05 0.08 0.03 0.02 0.05 0.06 0.01 0.01 0.01 0.57 0.07 0.05 0.04 0.03 0.03 0.03 0.02
0.00 0.00 0.00 0.00 0.00 0.00 0.01 0.01 0.01 0.01 0.01 0.02 0.02 0.01 0.02 0.03 0.03 0.01 0.03 0.02 0.01 0.02 0.02 0.03 0.02 0.01 0.02 0.02 0.02 0.02 0.02 0.03 0.03 0.03 0.04 0.05 0.04 0.03 0.02 0.01 0.01 0.01 0.01 0.01 0.02 0.01 0.01 0.01 0.01 0.01 0.01 0.01 0.01 0.01 0.08 0.16 0.41 0.47 0.01 0.01 0.07 0.22 0.59 0.15 0.17 0.12 0.01 0.04 0.12 0.02 0.04 0.02 0.10 0.02 0.02 0.01 0.57 0.06 0.01 0.06 0.04 0.03 0.02 0.02
0.00 0.00 0.00 0.00 0.00 0.01 0.01 0.01 0.02 0.01 0.01 0.02 0.02 0.02 0.02 0.03 0.03 0.04 0.04 0.02 0.02 0.01 0.02 0.04 0.02 0.01 0.01 0.02 0.02 0.02 0.02 0.03 0.06 0.04 0.04 0.04 0.03 0.02 0.01 0.01 0.01 0.01 0.01 0.01 0.02 0.02 0.02 0.01 0.01 0.01 0.01 0.01 0.01 0.01 0.01 0.02 0.03 0.43 0.44 0.01 0.04 0.04 0.08 0.47 0.15 0.18 0.16 0.03 0.10 0.01 0.04 0.05 0.07 0.07 0.02 0.01 0.29 0.01 0.01 0.08 0.04 0.04 0.02 0.02
0.00 0.00 0.00 0.00 0.02 0.01 0.01 0.02 0.03 0.01 0.01 0.02 0.02 0.02 0.02 0.03 0.03 0.04 0.07 0.02 0.02 0.01 0.02 0.03 0.04 0.01 0.01 0.02 0.02 0.02 0.02 0.04 0.12 0.05 0.04 0.04 0.03 0.02 0.01 0.01 0.02 0.02 0.01 0.02 0.02 0.02 0.03 0.04 0.01 0.01 0.02 0.01 0.01 0.01 0.01 0.01 0.02 0.02 0.52 0.53 0.03 0.01 0.06 0.05 0.18 0.15 0.24 0.18 0.13 0.01 0.02 0.04 0.11 0.12 0.04 0.03 0.48 0.01 0.01 0.07 0.15 0.13 0.05 0.02
0.00 0.00 0.00 0.01 0.02 0.01 0.01 0.03 0.02 0.02 0.01 0.02 0.02 0.02 0.02 0.03 0.04 0.06 0.08 0.04 0.02 0.01 0.02 0.03 0.04 0.02 0.02 0.02 0.02 0.02 0.03 0.04 0.09 0.18 0.04 0.03 0.03 0.06 0.02 0.01 0.01 0.03 0.03 0.01 0.01 0.03 0.05 0.08 0.02 0.01 0.02 0.02 0.02 0.02 0.02 0.01 0.01 0.01 0.02 0.51 0.43 0.01 0.01 0.01 0.10 0.20 0.26 0.33 0.51 0.44 0.01 0.03 0.19 0.11 0.05 0.12 0.51 0.01 0.01 0.12 0.13 0.03 0.04 0.04
0.00 0.00 0.02 0.03 0.02 0.01 0.01 0.02 0.02 0.03 0.02 0.01 0.01 0.02 0.04 0.04 0.04 0.05 0.06 0.06 0.02 0.01 0.02 0.03 0.03 0.03 0.02 0.02 0.02 0.03 0.03 0.03 0.04 0.16 0.11 0.02 0.05 0.05 0.01 0.01 0.01 0.05 0.03 0.02 0.01 0.01 0.03 0.12 0.10 0.03 0.02 0.02 0.02 0.03 0.04 0.07 0.01 0.01 0.02 0.02 0.51 0.65 0.01 0.01 0.01 0.01 0.02 0.01 0.02 0.37 0.58 0.02 0.01 0.09 0.05 0.02 0.52 0.39 0.41 0.14 0.06 0.02 0.03 0.02
0.00 0.00 0.00 0.02 0.02 0.01 0.02 0.02 0.03 0.03 0.02 0.02 0.02 0.02 0.01 0.01 0.04 0.06 0.06 0.11 0.02 0.01 0.02 0.03 0.05 0.05 0.02 0.02 0.03 0.03 0.03 0.04 0.03 0.05 0.16 0.09 0.06 0.04 0.01 0.01 0.01 0.07 0.03 0.02 0.01 0.01 0.02 0.02 0.06 0.06 0.05 0.03 0.03 0.03 0.02 0.07 0.09 0.01 0.01 0.02 0.02 0.63 0.49 0.02 0.01 0.02 0.03 0.03 0.01 0.01 0.44 0.46 0.03 0.04 0.05 0.07 0.02 0.02 0.46 0.53 0.04 0.03 0.03 0.02
0.00 0.00 0.00 0.01 0.01 0.01 0.01 0.02 0.02 0.03 0.03 0.02 0.02 0.02 0.02 0.01 0.01 0.04 0.06 0.18 0.09 0.01 0.01 0.05 0.04 0.05 0.01 0.03 0.06 0.06 0.05 0.05 0.04 0.05 0.22 0.05 0.04 0.02 0.01 0.01 0.02 0.05 0.07 0.01 0.01 0.01 0.01 0.02 0.05 0.06 0.15 0.16 0.03 0.02 0.02 0.01 0.10 0.24 0.01 0.01 0.01 0.02 0.69 0.52 0.01 0.01 0.01 0.03 0.06 0.02 0.02 0.60 0.43 0.03 0.03 0.04 0.06 0.01 0.01 0.44 0.06 0.04 0.04 0.03
0.00 0.00 0.01 0.01 0.01 0.02 0.02 0.04 0.03 0.02 0.02 0.02 0.03 0.01 0.02 0.01 0.01 0.01 0.04 0.13 0.43 0.11 0.11 0.11 0.04 0.03 0.01 0.01 0.01 0.01 0.05 0.09 0.17 0.10 0.33 0.05 0.03 0.02 0.01 0.01 0.02 0.05 0.10 0.02 0.01 0.00 0.01 0.01 0.01 0.01 0.01 0.15 0.21 0.01 0.02 0.02 0.01 0.10 0.14 0.14 0.01 0.01 0.02 0.66 0.58 0.01 0.01 0.02 0.01 0.02 0.01 0.02 0.53 0.03 0.01 0.01 0.07 0.08 0.04 0.42 0.11 0.04 0.04 0.04
0.00 0.01 0.01 0.01 0.02 0.02 0.04 0.05 0.05 0.03 0.02 0.02 0.02 0.02 0.03 0.01 0.01 0.01 0.01 0.01 0.01 0.11 0.25 0.33 0.04 0.02 0.01 0.01 0.01 0.01 0.01 0.01 0.01 0.06 0.40 0.34 0.03 0.02 0.01 0.01 0.02 0.04 0.18 0.02 0.01 0.01 0.01 0.01 0.01 0.01 0.01 0.01 0.20 0.02 0.01 0.02 0.03 0.02 0.01 0.22 0.01 0.01 0.01 0.02 0.63 0.80 0.46 0.36 0.30 0.25 0.01 0.01 0.31 0.37 0.02 0.01 0.01 0.01 0.01 0.81 0.02 0.03 0.03 0.02
0.00 0.01 0.02 0.03 0.04 0.03 0.03 0.05 0.07 0.05 0.03 0.04 0.03 0.03 0.08 0.02 0.01 0.01 0.01 0.01 0.01 0.01 0.01 0.34 0.35 0.02 0.01 0.01 0.01 0.01 0.01 0.02 0.02 0.03 0.02 0.69 0.35 0.02 0.01 0.01 0.02 0.16 0.13 0.01 0.01 0.01 0.01 0.03 0.04 0.03 0.02 0.02 0.30 0.03 0.01 0.02 0.02 0.02 0.02 0.12 0.26 0.01 0.01 0.01 0.01 0.02 0.24 0.52 0.51 0.45 0.52 0.51 0.58 0.83 1.16 1.16 0.01 0.01 0.01 0.72 0.82 0.03 0.03 0.03
0.01 0.01 0.01 0.01 0.02 0.04 0.04 0.05 0.08 0.10 0.14 0.12 0.12 0.02 0.04 0.07 0.02 0.01 0.01 0.01 0.01 0.01 0.01 0.01 0.37 0.03 0.02 0.01 0.01 0.01 0.02 0.03 0.03 0.04 0.03 0.03 0.53 0.02 0.01 0.02 0.10 0.13 0.01 0.01 0.02 0.03 0.01 0.01 0.01 0.04 0.06 0.05 0.14 0.14 0.01 0.01 0.02 0.03 0.03 0.02 0.17 0.28 0.01 0.01 0.01 0.01 0.02 0.03 0.01 0.02 0.02 0.02 0.02 0.02 0.02 1.13 0.83 0.01 0.01 0.01 0.70 0.03 0.03 0.02
0.00 0.01 0.01 0.01 0.02 0.02 0.06 0.09 0.08 0.04 0.03 0.11 0.29 0.31 0.33 0.03 0.04 0.02 0.02 0.01 0.01 0.01 0.01 0.02 0.38 0.37 0.02 0.01 0.01 0.01 0.01 0.03 0.04 0.07 0.06 0.03 0.40 0.42 0.01 0.01 0.22 0.05 0.01 0.01 0.03 0.03 0.01 0.01 0.01 0.01 0.01 0.03 0.10 0.17 0.11 0.02 0.01 0.02 0.02 0.03 0.02 0.12 0.12 0.01 0.02 0.01 0.01 0.01 0.01 0.02 0.02 0.01 0.02 0.04 0.02 0.03 0.84 1.01 1.01 0.00 0.71 0.73 0.02 0.02
0.00 0.00 0.01 0.01 0.02 0.01 0.01 0.03 0.03 0.02 0.01 0.02 0.02 0.02 0.26 0.38 0.46 0.03 0.02 0.01 0.01 0.01 0.01 0.01 0.01 0.38 0.02 0.01 0.01 0.01 0.01 0.01 0.01 0.01 0.04 0.04 0.02 0.54 0.02 0.01 0.14 0.04 0.02 0.01 0.04 0.03 0.02 0.01 0.01 0.01 0.02 0.03 0.05 0.28 0.13 0.11 0.01 0.02 0.02 0.03 0.02 0.08 0.31 0.01 0.03 0.01 0.03 0.01 0.01 0.01 0.03 0.04 0.04 0.02 0.03 0.03 0.03 0.02 1.02 0.99 0.01 0.91 0.03 0.01
0.00 0.00 0.01 0.01 0.01 0.01 0.01 0.02 0.02 0.03 0.02 0.02 0.02 0.03 0.02 0.02 0.36 0.42 0.43 0.02 0.02 0.01 0.01 0.01 0.01 0.50 0.02 0.01 0.01 0.02 0.02 0.01 0.01 0.02 0.03 0.05 0.05 0.45 0.02 0.01 0.16 0.03 0.02 0.01 0.06 0.03 0.02 0.02 0.01 0.01 0.02 0.03 0.07 0.10 0.25 0.10 0.02 0.02 0.02 0.04 0.03 0.15 0.09 0.01 0.07 0.06 0.05 0.02 0.01 0.01 0.01 0.01 0.05 0.10 0.05 0.04 0.03 0.02 0.02 0.87 1.26 0.82 0.92 0.02
0.00 0.00 0.00 0.01 0.01 0.01 0.02 0.02 0.02 0.02 0.03 0.03 0.03 0.03 0.02 0.03 0.03 0.04 0.44 0.86 0.46 0.01 0.02 0.01 0.02 0.31 0.14 0.01 0.01 0.01 0.02 0.02 0.02 0.03 0.02 0.02 0.03 0.56 0.46 0.01 0.15 0.03 0.02 0.01 0.07 0.02 0.04 0.02 0.02 0.02 0.01 0.01 0.01 0.05 0.20 0.24 0.03 0.01 0.02 0.05 0.04 0.10 0.17 0.01 0.13 0.04 0.01 0.01 0.03 0.03 0.03 0.01 0.01 0.02 0.01 0.01 0.01 0.01 0.01 0.01 0.02 0.83 1.32 1.32
0.00 0.00 0.00 0.00 0.01 0.01 0.01 0.01 0.02 0.01 0.01 0.01 0.03 0.04 0.06 0.05 0.04 0.03 0.02 0.02 0.39 1.05 0.62 0.01 0.01 0.30 0.30 0.02 0.01 0.01 0.09 0.04 0.03 0.04 0.03 0.02 0.02 0.02 0.44 0.64 0.71 0.02 0.03 0.01 0.06 0.02 0.05 0.02 0.02 0.03 0.01 0.01 0.02 0.06 0.11 0.41 0.02 0.01 0.02 0.04 0.07 0.11 0.27 0.05 0.08 0.01 0.01 0.01 0.01 0.04 0.08 0.08 0.02 0.01 0.01 0.01 0.02 0.04 0.01 0.01 0.01 0.03 0.05 1.23
0.00 0.00 0.00 0.00 0.00 0.01 0.01 0.01 0.01 0.01 0.02 0.02 0.04 0.03 0.03 0.01 0.02 0.02 0.02 0.02 0.01 0.02 0.35 0.53 0.50 0.07 0.24 0.25 0.20 0.01 0.01 0.05 0.02 0.03 0.03 0.04 0.02 0.01 0.01 0.01 0.40 0.53 0.02 0.02 0.07 0.02 0.03 0.04 0.02 0.05 0.01 0.02 0.01 0.01 0.01 0.55 0.26 0.01 0.03 0.02 0.01 0.22 0.16 0.04 0.12 0.02 0.01 0.02 0.01 0.01 0.01 0.05 0.05 0.06 0.03 0.03 0.08 0.04 0.01 0.01 0.01 0.03 0.05 0.03
0.00 0.00 0.00 0.00 0.01 0.01 0.02 0.02 0.02 0.04 0.04 0.05 0.04 0.01 0.01 0.01 0.01 0.01 0.01 0.01 0.01 0.01 0.01 0.02 0.61 0.66 0.75 0.01 0.21 0.01 0.01 0.04 0.03 0.02 0.03 0.04 0.01 0.01 0.02 0.02 0.23 0.66 0.01 0.03 0.12 0.01 0.03 0.05 0.01 0.05 0.08 0.02 0.02 0.01 0.01 0.02 0.36 0.36 0.35 0.02 0.01 0.22 0.23 0.05 0.03 0.10 0.07 0.02 0.02 0.01 0.01 0.04 0.05 0.06 0.08 0.05 0.04 0.05 0.01 0.01 0.03 0.06 0.03 0.02
0.00 0.00 0.00 0.00 0.01 0.02 0.02 0.06 0.06 0.04 0.03 0.06 0.07 0.06 0.06 0.02 0.02 0.01 0.02 0.09 0.16 0.21 0.01 0.01 0.01 0.10 0.50 0.72 0.71 0.72 0.01 0.04 0.03 0.03 0.03 0.06 0.07 0.01 0.01 0.01 0.01 0.66 0.61 0.54 0.54 0.71 0.72 0.73 0.01 0.02 0.04 0.04 0.09 0.01 0.03 0.01 0.01 0.02 0.31 0.54 0.01 0.01 0.60 0.04 0.02 0.01 0.07 0.08 0.10 0.01 0.02 0.04 0.05 0.07 0.15 0.03 0.03 0.06 0.04 0.02 0.03 0.12 0.01 0.01
0.00 0.00 0.00 0.00 0.01 0.01 0.02 0.02 0.02 0.01 0.01 0.03 0.07 0.10 0.11 0.18 0.18 0.22 0.24 0.20 0.14 0.35 0.27 0.29 0.34 0.28 0.15 0.06 0.06 0.85 1.08 0.83 0.95 0.79 0.98 1.14 1.15 1.01 0.01 0.01 0.01 0.01 0.01 0.01 0.01 0.01 0.01 0.57 0.01 0.02 0.03 0.04 0.06 0.06 0.03 0.03 0.02 0.01 0.01 0.20 0.25 0.01 0.23 0.02 0.03 0.01 0.01 0.04 0.09 0.15 0.10 0.07 0.07 0.06 0.18 0.30 0.02 0.04 0.04 0.04 0.02 0.02 0.03 0.02
0.00 0.00 0.00 0.00 0.00 0.01 0.01 0.02 0.02 0.05 0.06 0.06 0.06 0.04 0.14 0.09 0.12 0.07 0.04 0.03 0.03 0.04 0.04 0.03 0.04 0.04 0.04 0.07 0.05 0.03 0.05 0.10 0.08 0.08 0.04 0.02 0.07 0.95 1.85 1.82 0.01 0.02 0.02 0.02 0.01 0.01 0.02 0.69 0.01 0.03 0.02 0.02 0.04 0.09 0.05 0.05 0.04 0.03 0.03 0.10 0.51 0.14 0.16 0.13 0.03 0.01 0.01 0.03 0.05 0.04 0.08 0.08 0.08 0.07 0.05 0.21 0.17 0.18 0.02 0.02 0.02 0.01 0.02 0.02
