NEW_versions/Scripts/Results/Iao_50m/MaxFloodMaps/Iao_50m_1.8.asc
NCOLS 111
NROWS 84
XLLCENTER 750508.350000
YLLCENTER 2308429.860000
CELLSIZE 50.000000
NODATA_value -99999.000000
[rows 0 to 37 of 84, columns 0 to 83 of 111]
0.00 0.00 0.00 0.00 0.00 0.00 0.00 0.00 0.00 0.00 0.00 0.00 0.00 0.00 0.00 0.00 0.00 0.00 0.00 0.00 0.00 0.00 0.00 0.00 0.00 0.00 0.00 0.00 0.00 0.00 0.00 0.00 0.00 0.00 0.00 0.00 0.00 0.00 0.00 0.00 0.00 0.00 0.00 0.00 0.00 0.00 0.00 0.00 0.00 0.00 0.00 0.00 0.00 0.00 0.00 0.00 0.00 0.00 0.00 0.00 0.00 0.00 0.00 0.00 0.00 0.00 0.00 0.00 0.00 0.00 0.00 0.00 0.00 0.00 0.00 0.00 0.00 0.00 0.00 0.00 0.00 0.00 0.00 0.00
0.00 0.00 0.00 0.00 0.00 0.00 0.00 0.00 0.00 0.00 0.00 0.00 0.00 0.00 0.00 0.00 0.00 0.00 0.00 0.00 0.00 0.00 0.00 0.00 0.00 0.00 0.00 0.00 0.00 0.00 0.00 0.00 0.00 0.00 0.00 0.00 0.00 0.00 0.00 0.00 0.00 0.00 0.00 0.00 0.00 0.00 0.00 0.00 0.00 0.00 0.00 0.01 0.01 0.01 0.01 0.01 0.01 0.01 0.01 0.01 0.01 0.00 0.00 0.00 0.00 0.00 0.00 0.00 0.00 0.00 0.00 0.00 0.00 0.00 0.00 0.00 0.00 0.00 0.00 0.00 0.00 0.00 0.00 0.00
0.00 0.00 0.00 0.00 0.00 0.00 0.00 0.00 0.00 0.00 0.00 0.00 0.00 0.00 0.00 0.00 0.00 0.00 0.00 0.00 0.00 0.00 0.00 0.00 0.00 0.00 0.00 0.00 0.00 0.00 0.00 0.00 0.00 0.00 0.00 0.00 0.00 0.00 0.00 0.00 0.00 0.00 0.00 0.00 0.00 0.00 0.00 0.01 0.01 0.01 0.01 0.01 0.02 0.02 0.01 0.01 0.02 0.02 0.02 0.01 0.02 0.01 0.00 0.00 0.00 0.00 0.00 0.01 0.01 0.02 0.00 0.00 0.00 0.00 0.00 0.00 0.00 0.00 0.00 0.00 0.00 0.00 0.00 0.00
0.00 0.00 0.00 0.00 0.00 0.00 0.00 0.00 0.00 0.00 0.00 0.00 0.00 0.00 0.00 0.00 0.00 0.00 0.00 0.00 0.00 0.00 0.00 0.00 0.00 0.00 0.00 0.00 0.00 0.00 0.00 0.00 0.00 0.00 0.00 0.00 0.00 0.00 0.00 0.00 0.00 0.00 0.00 0.00 0.00 0.00 0.01 0.01 0.01 0.01 0.01 0.01 0.02 0.02 0.01 0.01 0.02 0.02 0.02 0.02 0.01 0.01 0.01 0.00 0.00 0.01 0.01 0.01 0.01 0.03 0.01 0.01 0.01 0.00 0.00 0.00 0.00 0.00 0.00 0.00 0.00 0.00 0.00 0.00
0.00 0.00 0.00 0.00 0.00 0.00 0.00 0.00 0.00 0.00 0.00 0.00 0.00 0.00 0.00 0.00 0.00 0.00 0.00 0.00 0.00 0.00 0.00 0.00 0.00 0.00 0.00 0.00 0.00 0.00 0.00 0.00 0.00 0.00 0.00 0.00 0.00 0.00 0.00 0.00 0.00 0.00 0.00 0.00 0.00 0.00 0.01 0.01 0.02 0.02 0.02 0.02 0.02 0.03 0.03 0.01 0.02 0.02 0.03 0.02 0.02 0.01 0.01 0.01 0.01 0.01 0.01 0.01 0.03 0.02 0.01 0.02 0.01 0.01 0.02 0.00 0.00 0.00 0.00 0.00 0.00 0.00 0.00 0.00
0.00 0.00 0.00 0.00 0.00 0.00 0.00 0.00 0.00 0.00 0.00 0.00 0.00 0.00 0.00 0.00 0.00 0.00 0.00 0.00 0.00 0.00 0.00 0.00 0.00 0.00 0.00 0.00 0.00 0.00 0.00 0.00 0.00 0.00 0.00 0.00 0.00 0.00 0.00 0.00 0.00 0.00 0.00 0.00 0.00 0.01 0.01 0.01 0.02 0.02 0.02 0.02 0.04 0.03 0.02 0.02 0.02 0.02 0.04 0.02 0.02 0.02 0.01 0.01 0.01 0.01 0.01 0.04 0.04 0.02 0.02 0.02 0.02 0.02 0.02 0.02 0.00 0.00 0.00 0.00 0.00 0.00 0.00 0.01
0.00 0.00 0.00 0.00 0.00 0.00 0.00 0.00 0.00 0.00 0.00 0.00 0.00 0.00 0.00 0.00 0.00 0.00 0.00 0.00 0.00 0.00 0.00 0.00 0.00 0.00 0.00 0.00 0.00 0.00 0.00 0.00 0.00 0.00 0.00 0.00 0.00 0.00 0.00 0.00 0.00 0.00 0.01 0.01 0.01 0.01 0.01 0.01 0.02 0.02 0.02 0.03 0.04 0.04 0.02 0.02 0.02 0.03 0.03 0.03 0.02 0.02 0.02 0.01 0.01 0.01 0.02 0.06 0.03 0.02 0.02 0.01 0.02 0.02 0.03 0.01 0.01 0.02 0.01 0.00 0.00 0.00 0.01 0.01
0.00 0.00 0.00 0.00 0.00 0.00 0.00 0.00 0.00 0.00 0.00 0.00 0.00 0.00 0.00 0.00 0.00 0.00 0.00 0.00 0.00 0.00 0.00 0.00 0.00 0.00 0.00 0.00 0.00 0.00 0.00 0.00 0.00 0.00 0.00 0.00 0.00 0.00 0.00 0.00 0.01 0.01 0.01 0.01 0.01 0.01 0.02 0.01 0.01 0.02 0.02 0.03 0.04 0.04 0.03 0.03 0.03 0.03 0.04 0.04 0.03 0.02 0.02 0.01 0.01 0.01 0.02 0.07 0.03 0.02 0.01 0.02 0.02 0.03 0.03 0.02 0.01 0.02 0.01 0.01 0.01 0.01 0.01 0.01
0.00 0.00 0.00 0.00 0.00 0.00 0.00 0.00 0.00 0.00 0.00 0.00 0.00 0.00 0.00 0.00 0.00 0.00 0.00 0.00 0.00 0.00 0.00 0.00 0.00 0.00 0.00 0.00 0.00 0.00 0.00 0.00 0.00 0.00 0.00 0.00 0.00 0.00 0.00 0.01 0.01 0.01 0.01 0.02 0.02 0.02 0.03 0.02 0.02 0.02 0.02 0.03 0.04 0.04 0.04 0.04 0.03 0.04 0.04 0.04 0.03 0.02 0.02 0.02 0.01 0.01 0.02 0.05 0.02 0.01 0.01 0.02 0.02 0.03 0.05 0.03 0.02 0.02 0.02 0.01 0.01 0.02 0.01 0.01
0.00 0.00 0.00 0.00 0.00 0.00 0.00 0.00 0.00 0.00 0.00 0.00 0.00 0.00 0.00 0.00 0.00 0.00 0.00 0.00 0.00 0.00 0.00 0.00 0.00 0.00 0.00 0.00 0.00 0.00 0.00 0.00 0.00 0.00 0.01 0.01 0.01 0.01 0.01 0.01 0.01 0.02 0.02 0.02 0.02 0.02 0.03 0.02 0.02 0.02 0.03 0.03 0.04 0.04 0.04 0.04 0.04 0.04 0.05 0.05 0.03 0.03 0.02 0.02 0.01 0.01 0.02 0.16 0.02 0.01 0.01 0.02 0.03 0.04 0.04 0.04 0.03 0.02 0.02 0.01 0.01 0.03 0.01 0.02
0.00 0.00 0.00 0.00 0.00 0.00 0.00 0.00 0.00 0.00 0.00 0.00 0.00 0.00 0.00 0.00 0.00 0.00 0.00 0.00 0.00 0.00 0.00 0.00 0.00 0.00 0.00 0.00 0.00 0.00 0.00 0.01 0.01 0.01 0.01 0.02 0.01 0.02 0.01 0.02 0.02 0.02 0.02 0.02 0.02 0.03 0.03 0.02 0.02 0.03 0.03 0.07 0.11 0.04 0.04 0.04 0.04 0.04 0.05 0.06 0.04 0.03 0.02 0.02 0.02 0.01 0.01 0.10 0.05 0.01 0.02 0.02 0.03 0.04 0.04 0.04 0.03 0.02 0.02 0.01 0.02 0.03 0.03 0.02
0.00 0.00 0.00 0.00 0.00 0.00 0.00 0.00 0.00 0.00 0.00 0.00 0.00 0.00 0.00 0.00 0.00 0.00 0.00 0.00 0.00 0.00 0.00 0.00 0.00 0.00 0.00 0.00 0.00 0.00 0.01 0.01 0.02 0.02 0.02 0.02 0.03 0.02 0.01 0.01 0.02 0.02 0.03 0.03 0.03 0.03 0.03 0.02 0.03 0.04 0.04 0.04 0.11 0.16 0.11 0.09 0.06 0.07 0.05 0.09 0.07 0.04 0.03 0.02 0.02 0.02 0.01 0.04 0.07 0.05 0.06 0.02 0.03 0.06 0.05 0.04 0.03 0.02 0.02 0.01 0.01 0.05 0.03 0.02
0.00 0.00 0.00 0.00 0.00 0.00 0.00 0.00 0.00 0.00 0.00 0.00 0.00 0.00 0.00 0.00 0.00 0.00 0.00 0.00 0.00 0.00 0.00 0.00 0.00 0.01 0.01 0.01 0.01 0.01 0.01 0.02 0.02 0.02 0.02 0.02 0.04 0.02 0.01 0.01 0.01 0.02 0.02 0.03 0.03 0.03 0.03 0.03 0.04 0.06 0.10 0.02 0.01 0.01 0.06 0.23 0.08 0.06 0.13 0.11 0.16 0.06 0.05 0.08 0.02 0.02 0.01 0.03 0.03 0.08 0.12 0.11 0.07 0.09 0.05 0.04 0.03 0.03 0.02 0.01 0.01 0.03 0.04 0.02
0.00 0.00 0.00 0.00 0.00 0.00 0.00 0.00 0.00 0.00 0.00 0.00 0.00 0.00 0.01 0.01 0.02 0.01 0.01 0.01 0.01 0.01 0.01 0.01 0.01 0.01 0.02 0.03 0.01 0.01 0.01 0.01 0.02 0.02 0.02 0.02 0.05 0.03 0.01 0.01 0.02 0.01 0.02 0.02 0.03 0.03 0.04 0.05 0.04 0.04 0.06 0.06 0.05 0.00 0.03 0.23 0.27 0.01 0.06 0.18 0.18 0.04 0.01 0.13 0.07 0.01 0.01 0.03 0.04 0.01 0.05 0.07 0.10 0.32 0.34 0.04 0.05 0.03 0.04 0.02 0.02 0.04 0.04 0.02
0.00 0.00 0.00 0.00 0.00 0.00 0.00 0.00 0.00 0.00 0.00 0.01 0.01 0.01 0.02 0.02 0.02 0.01 0.02 0.03 0.01 0.02 0.02 0.03 0.01 0.02 0.02 0.02 0.02 0.01 0.01 0.01 0.02 0.02 0.02 0.03 0.05 0.04 0.01 0.01 0.01 0.01 0.01 0.02 0.03 0.04 0.06 0.06 0.09 0.08 0.07 0.05 0.11 0.01 0.02 0.03 0.28 0.01 0.01 0.08 0.30 0.02 0.01 0.01 0.12 0.02 0.01 0.05 0.03 0.04 0.03 0.05 0.02 0.01 0.35 0.29 0.32 0.03 0.04 0.08 0.03 0.03 0.04 0.02
0.00 0.00 0.00 0.00 0.00 0.00 0.00 0.00 0.00 0.00 0.01 0.01 0.01 0.01 0.02 0.02 0.02 0.02 0.02 0.03 0.02 0.02 0.02 0.02 0.02 0.02 0.02 0.02 0.02 0.02 0.02 0.02 0.02 0.02 0.03 0.04 0.06 0.04 0.02 0.01 0.01 0.01 0.02 0.02 0.02 0.03 0.03 0.06 0.10 0.12 0.17 0.19 0.32 0.13 0.09 0.31 0.28 0.01 0.02 0.06 0.41 0.03 0.01 0.01 0.07 0.13 0.01 0.12 0.03 0.04 0.02 0.06 0.03 0.01 0.01 0.01 0.37 0.04 0.07 0.07 0.04 0.03 0.04 0.03
0.00 0.00 0.00 0.00 0.00 0.00 0.00 0.02 0.01 0.01 0.01 0.01 0.02 0.01 0.02 0.04 0.02 0.01 0.01 0.02 0.02 0.02 0.02 0.03 0.02 0.01 0.02 0.02 0.02 0.02 0.02 0.02 0.02 0.03 0.04 0.05 0.05 0.03 0.02 0.01 0.01 0.01 0.02 0.02 0.02 0.02 0.02 0.02 0.02 0.01 0.01 0.02 0.02 0.16 0.14 0.14 0.28 0.06 0.01 0.05 0.21 0.22 0.20 0.01 0.10 0.06 0.01 0.06 0.10 0.04 0.02 0.06 0.07 0.01 0.01 0.01 0.66 0.08 0.06 0.05 0.04 0.04 0.03 0.02
0.00 0.00 0.00 0.00 0.00 0.00 0.01 0.02 0.01 0.01 0.01 0.02 0.02 0.02 0.02 0.03 0.03 0.02 0.03 0.02 0.02 0.02 0.02 0.04 0.02 0.01 0.02 0.02 0.03 0.03 0.02 0.03 0.04 0.03 0.05 0.05 0.04 0.03 0.02 0.01 0.01 0.01 0.02 0.02 0.02 0.02 0.01 0.01 0.01 0.01 0.01 0.01 0.01 0.01 0.10 0.18 0.48 0.56 0.01 0.01 0.09 0.26 0.66 0.17 0.20 0.13 0.01 0.04 0.14 0.02 0.05 0.03 0.11 0.02 0.02 0.01 0.66 0.07 0.01 0.07 0.05 0.04 0.03 0.02
0.00 0.00 0.00 0.00 0.00 0.01 0.02 0.01 0.02 0.01 0.02 0.02 0.02 0.02 0.02 0.03 0.03 0.04 0.05 0.02 0.02 0.02 0.03 0.05 0.02 0.01 0.01 0.02 0.02 0.03 0.03 0.03 0.07 0.04 0.05 0.05 0.04 0.02 0.02 0.01 0.02 0.01 0.02 0.02 0.02 0.02 0.02 0.02 0.01 0.01 0.01 0.01 0.01 0.01 0.01 0.02 0.04 0.51 0.52 0.01 0.04 0.05 0.11 0.55 0.17 0.21 0.19 0.04 0.12 0.01 0.05 0.05 0.08 0.09 0.02 0.01 0.34 0.01 0.01 0.09 0.04 0.05 0.03 0.02
0.00 0.00 0.00 0.00 0.02 0.01 0.02 0.02 0.03 0.01 0.01 0.02 0.03 0.02 0.02 0.03 0.04 0.05 0.09 0.02 0.02 0.01 0.02 0.04 0.04 0.01 0.01 0.02 0.03 0.03 0.03 0.04 0.14 0.06 0.05 0.04 0.03 0.03 0.02 0.01 0.03 0.02 0.01 0.02 0.03 0.02 0.04 0.04 0.01 0.01 0.02 0.01 0.01 0.01 0.01 0.02 0.02 0.03 0.61 0.62 0.04 0.01 0.08 0.06 0.21 0.17 0.28 0.21 0.16 0.01 0.03 0.05 0.13 0.14 0.05 0.04 0.56 0.01 0.01 0.08 0.18 0.15 0.06 0.02
0.00 0.00 0.00 0.01 0.02 0.01 0.02 0.03 0.03 0.02 0.02 0.02 0.02 0.03 0.03 0.03 0.04 0.07 0.10 0.04 0.02 0.01 0.02 0.03 0.04 0.03 0.02 0.02 0.02 0.03 0.03 0.04 0.11 0.21 0.05 0.03 0.03 0.08 0.02 0.01 0.01 0.03 0.03 0.02 0.02 0.04 0.06 0.10 0.02 0.01 0.02 0.02 0.02 0.02 0.02 0.01 0.01 0.02 0.02 0.59 0.51 0.01 0.01 0.01 0.11 0.24 0.30 0.39 0.59 0.52 0.01 0.03 0.23 0.13 0.06 0.14 0.60 0.01 0.01 0.14 0.15 0.04 0.04 0.05
0.00 0.00 0.02 0.03 0.02 0.01 0.02 0.03 0.03 0.03 0.03 0.01 0.02 0.02 0.04 0.05 0.05 0.05 0.07 0.07 0.02 0.01 0.02 0.03 0.04 0.03 0.02 0.02 0.03 0.03 0.03 0.03 0.05 0.18 0.12 0.02 0.06 0.06 0.02 0.01 0.02 0.06 0.03 0.02 0.01 0.01 0.03 0.14 0.12 0.03 0.03 0.03 0.02 0.03 0.05 0.08 0.01 0.01 0.02 0.02 0.60 0.77 0.01 0.01 0.01 0.01 0.02 0.01 0.02 0.43 0.68 0.02 0.01 0.10 0.06 0.03 0.61 0.46 0.47 0.17 0.07 0.03 0.03 0.03
0.00 0.00 0.00 0.02 0.02 0.01 0.02 0.03 0.03 0.04 0.03 0.02 0.02 0.02 0.01 0.01 0.05 0.07 0.07 0.13 0.02 0.01 0.02 0.04 0.06 0.06 0.03 0.02 0.03 0.03 0.04 0.04 0.04 0.06 0.18 0.10 0.06 0.04 0.01 0.01 0.02 0.08 0.04 0.02 0.01 0.01 0.02 0.02 0.06 0.07 0.06 0.03 0.03 0.03 0.02 0.08 0.11 0.01 0.01 0.02 0.03 0.74 0.58 0.02 0.01 0.03 0.03 0.04 0.01 0.02 0.51 0.53 0.03 0.05 0.06 0.08 0.02 0.02 0.54 0.62 0.05 0.03 0.04 0.03
0.00 0.00 0.00 0.01 0.02 0.02 0.01 0.02 0.03 0.04 0.03 0.02 0.02 0.02 0.03 0.01 0.01 0.05 0.07 0.21 0.11 0.01 0.02 0.06 0.05 0.06 0.01 0.03 0.07 0.07 0.06 0.06 0.05 0.06 0.26 0.05 0.04 0.03 0.01 0.01 0.02 0.06 0.09 0.02 0.01 0.01 0.01 0.02 0.05 0.07 0.18 0.19 0.03 0.02 0.03 0.02 0.12 0.28 0.01 0.01 0.01 0.02 0.81 0.61 0.02 0.01 0.01 0.03 0.07 0.03 0.02 0.70 0.51 0.04 0.03 0.04 0.07 0.01 0.01 0.51 0.08 0.04 0.04 0.04
0.00 0.00 0.01 0.01 0.02 0.03 0.03 0.05 0.04 0.03 0.02 0.03 0.04 0.02 0.02 0.01 0.01 0.01 0.04 0.15 0.50 0.12 0.12 0.13 0.05 0.03 0.01 0.01 0.01 0.01 0.06 0.10 0.20 0.12 0.39 0.06 0.03 0.02 0.01 0.01 0.02 0.05 0.12 0.02 0.01 0.01 0.01 0.01 0.01 0.02 0.02 0.17 0.25 0.01 0.02 0.03 0.02 0.11 0.16 0.17 0.01 0.01 0.02 0.77 0.68 0.01 0.02 0.03 0.01 0.02 0.01 0.03 0.62 0.04 0.02 0.01 0.09 0.10 0.05 0.50 0.13 0.04 0.05 0.04
0.00 0.01 0.01 0.02 0.02 0.03 0.04 0.06 0.06 0.04 0.02 0.03 0.03 0.03 0.04 0.02 0.01 0.01 0.01 0.01 0.02 0.13 0.29 0.39 0.04 0.02 0.01 0.01 0.01 0.01 0.02 0.02 0.01 0.06 0.47 0.40 0.04 0.02 0.01 0.01 0.02 0.05 0.21 0.02 0.01 0.01 0.02 0.01 0.02 0.01 0.01 0.01 0.24 0.02 0.02 0.03 0.03 0.02 0.02 0.26 0.02 0.01 0.01 0.02 0.74 0.94 0.54 0.42 0.35 0.29 0.01 0.01 0.36 0.43 0.02 0.01 0.01 0.01 0.01 0.94 0.02 0.03 0.03 0.03
0.00 0.01 0.03 0.04 0.04 0.04 0.04 0.06 0.08 0.06 0.04 0.04 0.03 0.04 0.09 0.02 0.01 0.01 0.01 0.01 0.01 0.02 0.02 0.40 0.41 0.03 0.02 0.01 0.01 0.01 0.01 0.02 0.02 0.04 0.03 0.80 0.41 0.02 0.01 0.02 0.02 0.19 0.15 0.02 0.02 0.01 0.02 0.03 0.04 0.03 0.02 0.03 0.35 0.03 0.01 0.02 0.03 0.03 0.02 0.14 0.30 0.02 0.01 0.01 0.01 0.03 0.28 0.61 0.60 0.53 0.61 0.60 0.68 0.98 1.36 1.36 0.01 0.01 0.01 0.85 0.96 0.04 0.04 0.03
0.02 0.02 0.01 0.02 0.02 0.04 0.05 0.06 0.09 0.12 0.16 0.14 0.15 0.02 0.05 0.08 0.02 0.02 0.02 0.01 0.01 0.02 0.02 0.01 0.44 0.04 0.02 0.02 0.01 0.01 0.03 0.03 0.04 0.04 0.03 0.04 0.62 0.02 0.01 0.02 0.12 0.15 0.01 0.01 0.02 0.03 0.01 0.01 0.01 0.04 0.07 0.06 0.16 0.17 0.02 0.02 0.02 0.03 0.04 0.03 0.20 0.33 0.01 0.01 0.01 0.01 0.02 0.03 0.01 0.03 0.02 0.02 0.03 0.03 0.03 1.32 0.97 0.01 0.01 0.01 0.82 0.04 0.03 0.02
0.00 0.01 0.01 0.01 0.02 0.02 0.08 0.11 0.09 0.05 0.04 0.13 0.34 0.36 0.39 0.04 0.05 0.02 0.02 0.01 0.01 0.01 0.01 0.02 0.44 0.43 0.02 0.02 0.01 0.01 0.01 0.03 0.05 0.08 0.07 0.03 0.47 0.49 0.01 0.01 0.25 0.06 0.01 0.01 0.03 0.03 0.02 0.01 0.01 0.01 0.01 0.04 0.12 0.20 0.13 0.02 0.02 0.03 0.03 0.03 0.02 0.14 0.15 0.01 0.03 0.01 0.01 0.01 0.01 0.02 0.02 0.02 0.02 0.04 0.03 0.04 0.99 1.19 1.19 0.01 0.83 0.85 0.03 0.02
0.00 0.00 0.01 0.01 0.02 0.02 0.02 0.04 0.04 0.02 0.02 0.02 0.02 0.02 0.30 0.45 0.54 0.03 0.03 0.02 0.02 0.01 0.01 0.01 0.01 0.44 0.02 0.02 0.01 0.02 0.02 0.01 0.01 0.01 0.05 0.05 0.03 0.63 0.02 0.02 0.17 0.05 0.02 0.01 0.05 0.03 0.02 0.02 0.01 0.02 0.02 0.03 0.06 0.33 0.15 0.13 0.01 0.02 0.03 0.03 0.03 0.09 0.36 0.01 0.04 0.01 0.04 0.01 0.01 0.01 0.03 0.05 0.04 0.03 0.03 0.03 0.03 0.03 1.19 1.16 0.01 1.06 0.04 0.01
0.00 0.00 0.01 0.01 0.01 0.01 0.02 0.02 0.03 0.04 0.02 0.02 0.02 0.03 0.02 0.03 0.42 0.50 0.51 0.02 0.02 0.01 0.01 0.01 0.02 0.58 0.03 0.02 0.01 0.02 0.02 0.01 0.01 0.02 0.03 0.06 0.06 0.53 0.02 0.01 0.19 0.04 0.02 0.01 0.07 0.04 0.03 0.02 0.02 0.01 0.02 0.04 0.08 0.12 0.30 0.12 0.03 0.02 0.02 0.04 0.03 0.18 0.11 0.01 0.08 0.06 0.06 0.02 0.02 0.01 0.01 0.02 0.06 0.11 0.05 0.05 0.04 0.03 0.02 1.02 1.46 0.96 1.08 0.02
0.00 0.00 0.00 0.01 0.01 0.01 0.02 0.02 0.03 0.02 0.04 0.03 0.03 0.04 0.02 0.04 0.04 0.04 0.52 0.99 0.54 0.02 0.02 0.01 0.02 0.36 0.16 0.02 0.01 0.02 0.03 0.02 0.02 0.03 0.03 0.02 0.03 0.66 0.54 0.01 0.17 0.03 0.03 0.01 0.08 0.02 0.05 0.02 0.02 0.02 0.01 0.01 0.01 0.06 0.24 0.28 0.03 0.01 0.03 0.06 0.05 0.12 0.20 0.01 0.15 0.05 0.01 0.01 0.04 0.04 0.04 0.01 0.01 0.02 0.01 0.02 0.02 0.01 0.01 0.02 0.02 0.98 1.55 1.55
0.00 0.00 0.00 0.00 0.01 0.01 0.01 0.01 0.02 0.01 0.02 0.02 0.03 0.05 0.07 0.05 0.04 0.03 0.02 0.02 0.45 1.21 0.73 0.01 0.02 0.35 0.35 0.02 0.01 0.01 0.11 0.04 0.03 0.05 0.03 0.03 0.03 0.02 0.52 0.75 0.82 0.02 0.04 0.01 0.08 0.02 0.05 0.02 0.02 0.04 0.01 0.01 0.02 0.07 0.13 0.49 0.02 0.01 0.02 0.04 0.08 0.12 0.31 0.06 0.09 0.01 0.01 0.01 0.01 0.04 0.09 0.09 0.02 0.01 0.01 0.01 0.02 0.04 0.01 0.01 0.02 0.03 0.05 1.44
0.00 0.00 0.00 0.00 0.01 0.01 0.01 0.01 0.01 0.01 0.02 0.02 0.04 0.03 0.03 0.02 0.02 0.02 0.03 0.02 0.02 0.02 0.41 0.62 0.58 0.09 0.28 0.29 0.23 0.01 0.01 0.06 0.02 0.03 0.04 0.04 0.02 0.02 0.01 0.01 0.47 0.63 0.02 0.02 0.08 0.02 0.04 0.05 0.02 0.06 0.01 0.03 0.01 0.01 0.01 0.64 0.31 0.01 0.03 0.02 0.01 0.26 0.19 0.05 0.14 0.02 0.02 0.02 0.01 0.01 0.01 0.06 0.05 0.07 0.03 0.03 0.10 0.05 0.01 0.02 0.02 0.04 0.06 0.04
0.00 0.00 0.00 0.00 0.01 0.01 0.03 0.02 0.02 0.04 0.05 0.06 0.05 0.01 0.01 0.01 0.01 0.01 0.01 0.01 0.01 0.01 0.01 0.02 0.72 0.78 0.88 0.01 0.24 0.01 0.01 0.05 0.04 0.03 0.03 0.05 0.01 0.02 0.02 0.03 0.27 0.77 0.01 0.03 0.14 0.02 0.04 0.06 0.02 0.05 0.10 0.02 0.03 0.01 0.01 0.02 0.42 0.42 0.41 0.02 0.01 0.26 0.27 0.05 0.04 0.12 0.08 0.02 0.03 0.01 0.02 0.04 0.06 0.06 0.09 0.05 0.05 0.06 0.01 0.02 0.04 0.08 0.04 0.02
0.00 0.00 0.00 0.00 0.01 0.02 0.03 0.06 0.07 0.04 0.04 0.08 0.09 0.07 0.07 0.03 0.02 0.02 0.02 0.11 0.19 0.24 0.01 0.01 0.01 0.12 0.59 0.85 0.84 0.84 0.01 0.04 0.04 0.03 0.04 0.06 0.08 0.01 0.01 0.01 0.01 0.77 0.71 0.64 0.64 0.83 0.84 0.85 0.02 0.03 0.05 0.05 0.11 0.01 0.04 0.01 0.01 0.02 0.37 0.63 0.02 0.01 0.69 0.05 0.02 0.01 0.09 0.10 0.12 0.01 0.02 0.04 0.05 0.09 0.18 0.04 0.03 0.06 0.04 0.03 0.04 0.13 0.01 0.01
0.00 0.00 0.00 0.00 0.01 0.01 0.02 0.02 0.02 0.01 0.01 0.04 0.08 0.12 0.13 0.21 0.21 0.26 0.28 0.24 0.17 0.41 0.32 0.34 0.40 0.33 0.18 0.08 0.08 0.99 1.27 0.97 1.11 0.93 1.16 1.34 1.34 1.18 0.02 0.01 0.01 0.01 0.01 0.01 0.01 0.01 0.01 0.66 0.01 0.03 0.03 0.05 0.07 0.07 0.03 0.04 0.02 0.01 0.01 0.24 0.30 0.01 0.27 0.03 0.03 0.02 0.01 0.05 0.10 0.17 0.12 0.08 0.09 0.07 0.21 0.35 0.03 0.04 0.04 0.04 0.03 0.03 0.04 0.02
0.00 0.00 0.00 0.00 0.00 0.01 0.01 0.02 0.03 0.06 0.07 0.08 0.07 0.05 0.16 0.11 0.14 0.08 0.05 0.04 0.04 0.04 0.04 0.04 0.05 0.04 0.04 0.08 0.06 0.04 0.05 0.12 0.09 0.10 0.04 0.02 0.08 1.12 2.16 2.12 0.01 0.02 0.02 0.02 0.02 0.01 0.02 0.81 0.01 0.04 0.02 0.03 0.05 0.10 0.06 0.06 0.05 0.04 0.03 0.12 0.63 0.17 0.19 0.15 0.04 0.01 0.01 0.03 0.05 0.05 0.09 0.09 0.09 0.08 0.06 0.24 0.20 0.21 0.03 0.03 0.02 0.02 0.02 0.02
