NEW_versions/Scripts/Results/Iao_50m/MaxFloodMaps/Iao_50m_1.5.asc
NCOLS 111
NROWS 84
XLLCENTER 750508.350000
YLLCENTER 2308429.860000
CELLSIZE 50.000000
NODATA_value -99999.000000
[rows 0 to 37 of 84, columns 0 to 83 of 111]
0.00 0.00 0.00 0.00 0.00 0.00 0.00 0.00 0.00 0.00 0.00 0.00 0.00 0.00 0.00 0.00 0.00 0.00 0.00 0.00 0.00 0.00 0.00 0.00 0.00 0.00 0.00 0.00 0.00 0.00 0.00 0.00 0.00 0.00 0.00 0.00 0.00 0.00 0.00 0.00 0.00 0.00 0.00 0.00 0.00 0.00 0.00 0.00 0.00 0.00 0.00 0.00 0.00 0.00 0.00 0.00 0.00 0.00 0.00 0.00 0.00 0.00 0.00 0.00 0.00 0.00 0.00 0.00 0.00 0.00 0.00 0.00 0.00 0.00 0.00 0.00 0.00 0.00 0.00 0.00 0.00 0.00 0.00 0.00
0.00 0.00 0.00 0.00 0.00 0.00 0.00 0.00 0.00 0.00 0.00 0.00 0.00 0.00 0.00 0.00 0.00 0.00 0.00 0.00 0.00 0.00 0.00 0.00 0.00 0.00 0.00 0.00 0.00 0.00 0.00 0.00 0.00 0.00 0.00 0.00 0.00 0.00 0.00 0.00 0.00 0.00 0.00 0.00 0.00 0.00 0.00 0.00 0.00 0.00 0.00 0.01 0.01 0.01 0.00 0.01 0.01 0.01 0.01 0.01 0.01 0.00 0.00 0.00 0.00 0.00 0.00 0.00 0.00 0.00 0.00 0.00 0.00 0.00 0.00 0.00 0.00 0.00 0.00 0.00 0.00 0.00 0.00 0.00
0.00 0.00 0.00 0.00 0.00 0.00 0.00 0.00 0.00 0.00 0.00 0.00 0.00 0.00 0.00 0.00 0.00 0.00 0.00 0.00 0.00 0.00 0.00 0.00 0.00 0.00 0.00 0.00 0.00 0.00 0.00 0.00 0.00 0.00 0.00 0.00 0.00 0.00 0.00 0.00 0.00 0.00 0.00 0.00 0.00 0.00 0.00 0.01 0.01 0.01 0.01 0.01 0.02 0.01 0.01 0.01 0.02 0.01 0.01 0.01 0.01 0.01 0.00 0.00 0.00 0.00 0.00 0.01 0.01 0.01 0.00 0.00 0.00 0.00 0.00 0.00 0.00 0.00 0.00 0.00 0.00 0.00 0.00 0.00
0.00 0.00 0.00 0.00 0.00 0.00 0.00 0.00 0.00 0.00 0.00 0.00 0.00 0.00 0.00 0.00 0.00 0.00 0.00 0.00 0.00 0.00 0.00 0.00 0.00 0.00 0.00 0.00 0.00 0.00 0.00 0.00 0.00 0.00 0.00 0.00 0.00 0.00 0.00 0.00 0.00 0.00 0.00 0.00 0.00 0.00 0.01 0.01 0.01 0.01 0.01 0.01 0.02 0.02 0.01 0.01 0.02 0.02 0.02 0.01 0.01 0.01 0.01 0.00 0.00 0.01 0.01 0.01 0.01 0.02 0.01 0.01 0.01 0.00 0.00 0.00 0.00 0.00 0.00 0.00 0.00 0.00 0.00 0.00
0.00 0.00 0.00 0.00 0.00 0.00 0.00 0.00 0.00 0.00 0.00 0.00 0.00 0.00 0.00 0.00 0.00 0.00 0.00 0.00 0.00 0.00 0.00 0.00 0.00 0.00 0.00 0.00 0.00 0.00 0.00 0.00 0.00 0.00 0.00 0.00 0.00 0.00 0.00 0.00 0.00 0.00 0.00 0.00 0.00 0.00 0.01 0.01 0.01 0.02 0.02 0.02 0.02 0.03 0.02 0.01 0.01 0.02 0.03 0.02 0.02 0.01 0.01 0.00 0.01 0.01 0.01 0.01 0.03 0.02 0.01 0.02 0.01 0.01 0.02 0.00 0.00 0.00 0.00 0.00 0.00 0.00 0.00 0.00
0.00 0.00 0.00 0.00 0.00 0.00 0.00 0.00 0.00 0.00 0.00 0.00 0.00 0.00 0.00 0.00 0.00 0.00 0.00 0.00 0.00 0.00 0.00 0.00 0.00 0.00 0.00 0.00 0.00 0.00 0.00 0.00 0.00 0.00 0.00 0.00 0.00 0.00 0.00 0.00 0.00 0.00 0.00 0.00 0.00 0.01 0.01 0.01 0.01 0.02 0.02 0.02 0.03 0.02 0.02 0.02 0.02 0.02 0.03 0.02 0.02 0.01 0.01 0.01 0.01 0.01 0.01 0.03 0.03 0.02 0.01 0.02 0.01 0.01 0.02 0.02 0.00 0.00 0.00 0.00 0.00 0.00 0.00 0.01
0.00 0.00 0.00 0.00 0.00 0.00 0.00 0.00 0.00 0.00 0.00 0.00 0.00 0.00 0.00 0.00 0.00 0.00 0.00 0.00 0.00 0.00 0.00 0.00 0.00 0.00 0.00 0.00 0.00 0.00 0.00 0.00 0.00 0.00 0.00 0.00 0.00 0.00 0.00 0.00 0.00 0.00 0.01 0.01 0.01 0.01 0.01 0.01 0.01 0.02 0.02 0.02 0.04 0.03 0.02 0.02 0.02 0.03 0.03 0.03 0.02 0.02 0.01 0.01 0.01 0.01 0.01 0.05 0.03 0.02 0.02 0.01 0.02 0.02 0.02 0.01 0.01 0.01 0.01 0.00 0.00 0.00 0.01 0.01
0.00 0.00 0.00 0.00 0.00 0.00 0.00 0.00 0.00 0.00 0.00 0.00 0.00 0.00 0.00 0.00 0.00 0.00 0.00 0.00 0.00 0.00 0.00 0.00 0.00 0.00 0.00 0.00 0.00 0.00 0.00 0.00 0.00 0.00 0.00 0.00 0.00 0.00 0.00 0.00 0.01 0.01 0.01 0.01 0.01 0.01 0.02 0.01 0.01 0.02 0.02 0.02 0.04 0.03 0.03 0.03 0.03 0.03 0.03 0.03 0.02 0.02 0.02 0.01 0.01 0.01 0.02 0.06 0.03 0.02 0.01 0.01 0.02 0.02 0.03 0.02 0.01 0.02 0.01 0.01 0.01 0.01 0.01 0.01
0.00 0.00 0.00 0.00 0.00 0.00 0.00 0.00 0.00 0.00 0.00 0.00 0.00 0.00 0.00 0.00 0.00 0.00 0.00 0.00 0.00 0.00 0.00 0.00 0.00 0.00 0.00 0.00 0.00 0.00 0.00 0.00 0.00 0.00 0.00 0.00 0.00 0.00 0.00 0.01 0.01 0.01 0.01 0.02 0.02 0.02 0.03 0.01 0.02 0.02 0.02 0.02 0.03 0.04 0.03 0.03 0.03 0.03 0.04 0.04 0.03 0.02 0.02 0.01 0.01 0.01 0.02 0.05 0.02 0.01 0.01 0.02 0.02 0.02 0.04 0.02 0.02 0.02 0.02 0.01 0.01 0.02 0.01 0.01
0.00 0.00 0.00 0.00 0.00 0.00 0.00 0.00 0.00 0.00 0.00 0.00 0.00 0.00 0.00 0.00 0.00 0.00 0.00 0.00 0.00 0.00 0.00 0.00 0.00 0.00 0.00 0.00 0.00 0.00 0.00 0.00 0.00 0.00 0.01 0.01 0.01 0.01 0.01 0.01 0.01 0.01 0.02 0.02 0.02 0.02 0.02 0.02 0.02 0.02 0.02 0.03 0.04 0.04 0.04 0.03 0.03 0.04 0.04 0.05 0.03 0.02 0.02 0.02 0.01 0.01 0.01 0.14 0.02 0.01 0.01 0.02 0.02 0.03 0.04 0.03 0.02 0.02 0.01 0.01 0.01 0.02 0.01 0.02
0.00 0.00 0.00 0.00 0.00 0.00 0.00 0.00 0.00 0.00 0.00 0.00 0.00 0.00 0.00 0.00 0.00 0.00 0.00 0.00 0.00 0.00 0.00 0.00 0.00 0.00 0.00 0.00 0.00 0.00 0.00 0.01 0.01 0.01 0.01 0.02 0.01 0.02 0.01 0.02 0.02 0.02 0.02 0.02 0.02 0.02 0.03 0.02 0.02 0.02 0.03 0.06 0.10 0.04 0.04 0.04 0.04 0.04 0.05 0.06 0.03 0.02 0.02 0.02 0.01 0.01 0.01 0.09 0.05 0.01 0.02 0.02 0.03 0.04 0.04 0.03 0.03 0.02 0.01 0.01 0.01 0.03 0.03 0.02
0.00 0.00 0.00 0.00 0.00 0.00 0.00 0.00 0.00 0.00 0.00 0.00 0.00 0.00 0.00 0.00 0.00 0.00 0.00 0.00 0.00 0.00 0.00 0.00 0.00 0.00 0.00 0.00 0.00 0.00 0.01 0.01 0.02 0.02 0.01 0.02 0.02 0.02 0.01 0.01 0.02 0.02 0.02 0.02 0.02 0.03 0.03 0.02 0.02 0.03 0.03 0.03 0.10 0.14 0.10 0.08 0.06 0.06 0.05 0.08 0.06 0.04 0.02 0.02 0.01 0.01 0.01 0.04 0.06 0.05 0.05 0.02 0.03 0.05 0.04 0.03 0.03 0.02 0.01 0.01 0.01 0.04 0.03 0.02
0.00 0.00 0.00 0.00 0.00 0.00 0.00 0.00 0.00 0.00 0.00 0.00 0.00 0.00 0.00 0.00 0.00 0.00 0.00 0.00 0.00 0.00 0.00 0.00 0.00 0.01 0.01 0.01 0.01 0.01 0.01 0.01 0.02 0.02 0.02 0.02 0.03 0.02 0.01 0.01 0.01 0.02 0.02 0.02 0.03 0.03 0.03 0.03 0.04 0.05 0.09 0.01 0.01 0.01 0.05 0.21 0.07 0.05 0.12 0.10 0.15 0.06 0.05 0.07 0.02 0.02 0.01 0.03 0.03 0.07 0.11 0.10 0.06 0.08 0.04 0.03 0.03 0.03 0.02 0.01 0.01 0.03 0.03 0.02
0.00 0.00 0.00 0.00 0.00 0.00 0.00 0.00 0.00 0.00 0.00 0.00 0.00 0.00 0.01 0.01 0.02 0.01 0.01 0.01 0.01 0.01 0.01 0.01 0.01 0.01 0.01 0.02 0.01 0.01 0.01 0.01 0.02 0.02 0.02 0.02 0.04 0.03 0.01 0.01 0.01 0.01 0.02 0.02 0.03 0.03 0.04 0.04 0.04 0.04 0.05 0.05 0.04 0.00 0.02 0.21 0.24 0.01 0.05 0.16 0.16 0.03 0.01 0.12 0.06 0.01 0.01 0.03 0.03 0.01 0.04 0.06 0.09 0.29 0.30 0.04 0.04 0.03 0.04 0.02 0.02 0.03 0.04 0.02
0.00 0.00 0.00 0.00 0.00 0.00 0.00 0.00 0.00 0.00 0.00 0.01 0.01 0.01 0.01 0.02 0.02 0.01 0.01 0.02 0.01 0.01 0.02 0.02 0.01 0.01 0.02 0.02 0.02 0.01 0.01 0.01 0.01 0.02 0.02 0.02 0.05 0.04 0.01 0.01 0.01 0.01 0.01 0.02 0.03 0.03 0.06 0.06 0.08 0.07 0.06 0.05 0.10 0.01 0.02 0.03 0.25 0.01 0.01 0.08 0.27 0.02 0.01 0.01 0.11 0.01 0.01 0.05 0.03 0.04 0.02 0.04 0.02 0.01 0.31 0.26 0.28 0.03 0.04 0.07 0.03 0.03 0.03 0.02
0.00 0.00 0.00 0.00 0.00 0.00 0.00 0.00 0.00 0.00 0.01 0.01 0.01 0.01 0.01 0.02 0.02 0.02 0.01 0.03 0.02 0.02 0.02 0.02 0.02 0.02 0.02 0.02 0.02 0.02 0.02 0.02 0.02 0.01 0.02 0.03 0.05 0.03 0.02 0.01 0.01 0.01 0.01 0.02 0.02 0.03 0.03 0.06 0.09 0.11 0.15 0.17 0.28 0.12 0.08 0.28 0.25 0.01 0.01 0.05 0.37 0.02 0.01 0.01 0.06 0.12 0.01 0.11 0.03 0.03 0.02 0.06 0.03 0.01 0.01 0.01 0.33 0.04 0.06 0.06 0.03 0.03 0.03 0.02
0.00 0.00 0.00 0.00 0.00 0.00 0.00 0.02 0.01 0.01 0.01 0.01 0.01 0.01 0.02 0.03 0.02 0.01 0.01 0.02 0.02 0.02 0.02 0.02 0.02 0.01 0.02 0.02 0.02 0.02 0.02 0.02 0.01 0.02 0.04 0.04 0.04 0.03 0.02 0.01 0.01 0.01 0.01 0.02 0.02 0.02 0.02 0.02 0.02 0.01 0.01 0.02 0.02 0.15 0.12 0.13 0.25 0.05 0.01 0.04 0.19 0.20 0.18 0.01 0.09 0.05 0.01 0.05 0.09 0.03 0.02 0.05 0.07 0.01 0.01 0.01 0.59 0.07 0.06 0.04 0.04 0.04 0.03 0.02
0.00 0.00 0.00 0.00 0.00 0.00 0.01 0.01 0.01 0.01 0.01 0.02 0.02 0.01 0.02 0.03 0.03 0.02 0.03 0.02 0.01 0.02 0.02 0.03 0.02 0.01 0.02 0.02 0.02 0.02 0.02 0.03 0.03 0.03 0.04 0.05 0.04 0.03 0.02 0.01 0.01 0.01 0.01 0.01 0.02 0.02 0.01 0.01 0.01 0.01 0.01 0.01 0.01 0.01 0.09 0.16 0.43 0.50 0.01 0.01 0.08 0.23 0.61 0.15 0.18 0.12 0.01 0.04 0.12 0.02 0.04 0.03 0.10 0.02 0.02 0.01 0.59 0.06 0.01 0.06 0.04 0.03 0.02 0.02
0.00 0.00 0.00 0.00 0.00 0.01 0.01 0.01 0.02 0.01 0.01 0.02 0.02 0.02 0.02 0.03 0.03 0.04 0.04 0.02 0.02 0.02 0.02 0.04 0.02 0.01 0.01 0.02 0.02 0.02 0.02 0.03 0.06 0.04 0.04 0.04 0.03 0.02 0.01 0.01 0.01 0.01 0.01 0.02 0.02 0.02 0.02 0.01 0.01 0.01 0.01 0.01 0.01 0.01 0.01 0.02 0.03 0.45 0.46 0.01 0.04 0.04 0.09 0.49 0.15 0.19 0.17 0.04 0.10 0.01 0.04 0.05 0.07 0.08 0.02 0.01 0.30 0.01 0.01 0.08 0.04 0.04 0.02 0.02
0.00 0.00 0.00 0.00 0.02 0.01 0.02 0.02 0.03 0.01 0.01 0.02 0.02 0.02 0.02 0.03 0.04 0.04 0.08 0.02 0.02 0.01 0.02 0.03 0.04 0.01 0.01 0.02 0.02 0.02 0.02 0.04 0.12 0.05 0.04 0.04 0.03 0.03 0.02 0.01 0.02 0.02 0.01 0.02 0.02 0.02 0.03 0.04 0.01 0.01 0.02 0.01 0.01 0.01 0.01 0.01 0.02 0.03 0.54 0.55 0.03 0.01 0.07 0.05 0.19 0.15 0.25 0.19 0.14 0.01 0.03 0.04 0.11 0.12 0.04 0.03 0.50 0.01 0.01 0.07 0.16 0.14 0.06 0.02
0.00 0.00 0.00 0.01 0.02 0.01 0.01 0.03 0.02 0.02 0.01 0.02 0.02 0.02 0.03 0.03 0.04 0.06 0.08 0.04 0.02 0.01 0.02 0.03 0.04 0.02 0.02 0.02 0.02 0.03 0.03 0.04 0.09 0.19 0.04 0.03 0.03 0.07 0.02 0.01 0.01 0.03 0.03 0.02 0.01 0.04 0.05 0.09 0.02 0.01 0.02 0.02 0.02 0.02 0.02 0.01 0.01 0.02 0.02 0.53 0.45 0.01 0.01 0.01 0.10 0.21 0.27 0.35 0.53 0.46 0.01 0.03 0.20 0.12 0.06 0.12 0.54 0.01 0.01 0.12 0.13 0.03 0.04 0.04
0.00 0.00 0.02 0.03 0.02 0.01 0.02 0.02 0.03 0.03 0.02 0.01 0.02 0.02 0.04 0.04 0.04 0.05 0.06 0.06 0.02 0.01 0.02 0.03 0.04 0.03 0.02 0.02 0.02 0.03 0.03 0.03 0.04 0.16 0.11 0.02 0.05 0.05 0.01 0.01 0.01 0.05 0.03 0.02 0.01 0.01 0.03 0.12 0.11 0.03 0.02 0.02 0.02 0.03 0.04 0.07 0.01 0.01 0.02 0.02 0.53 0.68 0.01 0.01 0.01 0.01 0.02 0.01 0.02 0.39 0.61 0.02 0.01 0.09 0.05 0.02 0.54 0.41 0.42 0.15 0.06 0.02 0.03 0.02
0.00 0.00 0.00 0.02 0.02 0.01 0.02 0.02 0.03 0.03 0.03 0.02 0.02 0.02 0.01 0.01 0.04 0.07 0.06 0.11 0.02 0.01 0.02 0.03 0.05 0.06 0.02 0.02 0.03 0.03 0.03 0.04 0.03 0.05 0.16 0.09 0.06 0.04 0.01 0.01 0.01 0.08 0.03 0.02 0.01 0.01 0.02 0.02 0.06 0.06 0.05 0.03 0.03 0.03 0.02 0.07 0.09 0.01 0.01 0.02 0.02 0.66 0.51 0.02 0.01 0.02 0.03 0.03 0.01 0.02 0.46 0.48 0.03 0.04 0.05 0.08 0.02 0.02 0.48 0.55 0.04 0.03 0.04 0.02
0.00 0.00 0.00 0.01 0.02 0.01 0.01 0.02 0.02 0.03 0.03 0.02 0.02 0.02 0.02 0.01 0.01 0.04 0.06 0.19 0.10 0.01 0.01 0.06 0.04 0.05 0.01 0.03 0.06 0.06 0.06 0.05 0.05 0.05 0.23 0.05 0.04 0.02 0.01 0.01 0.02 0.05 0.08 0.01 0.01 0.01 0.01 0.02 0.05 0.06 0.16 0.17 0.03 0.02 0.02 0.01 0.11 0.25 0.01 0.01 0.01 0.02 0.72 0.54 0.01 0.01 0.01 0.03 0.06 0.02 0.02 0.63 0.45 0.03 0.03 0.04 0.07 0.01 0.01 0.46 0.07 0.04 0.04 0.03
0.00 0.00 0.01 0.01 0.01 0.03 0.03 0.04 0.03 0.02 0.02 0.02 0.03 0.01 0.02 0.01 0.01 0.01 0.04 0.13 0.45 0.11 0.11 0.11 0.05 0.03 0.01 0.01 0.01 0.01 0.05 0.09 0.18 0.11 0.35 0.05 0.03 0.02 0.01 0.01 0.02 0.05 0.11 0.02 0.01 0.01 0.01 0.01 0.01 0.01 0.02 0.15 0.22 0.01 0.02 0.02 0.02 0.10 0.14 0.15 0.01 0.01 0.02 0.69 0.61 0.01 0.01 0.02 0.01 0.02 0.01 0.02 0.55 0.03 0.01 0.01 0.08 0.08 0.05 0.44 0.12 0.04 0.04 0.04
0.00 0.01 0.01 0.01 0.02 0.02 0.04 0.06 0.05 0.03 0.02 0.03 0.03 0.02 0.03 0.01 0.01 0.01 0.01 0.01 0.01 0.12 0.26 0.35 0.04 0.02 0.01 0.01 0.01 0.01 0.02 0.02 0.01 0.06 0.42 0.36 0.03 0.02 0.01 0.01 0.02 0.04 0.19 0.02 0.01 0.01 0.01 0.01 0.01 0.01 0.01 0.01 0.21 0.02 0.01 0.02 0.03 0.02 0.02 0.23 0.01 0.01 0.01 0.02 0.66 0.84 0.48 0.37 0.31 0.26 0.01 0.01 0.32 0.39 0.02 0.01 0.01 0.01 0.01 0.84 0.02 0.03 0.03 0.02
0.00 0.01 0.02 0.03 0.04 0.04 0.04 0.05 0.07 0.05 0.04 0.04 0.03 0.03 0.08 0.02 0.01 0.01 0.01 0.01 0.01 0.01 0.02 0.35 0.36 0.02 0.02 0.01 0.01 0.01 0.01 0.02 0.02 0.03 0.02 0.72 0.37 0.02 0.01 0.01 0.02 0.17 0.14 0.01 0.01 0.01 0.01 0.03 0.04 0.03 0.02 0.02 0.31 0.03 0.01 0.02 0.02 0.03 0.02 0.13 0.27 0.02 0.01 0.01 0.01 0.03 0.25 0.54 0.53 0.47 0.54 0.53 0.61 0.87 1.21 1.21 0.01 0.01 0.01 0.76 0.86 0.03 0.04 0.03
0.02 0.01 0.01 0.01 0.02 0.04 0.04 0.05 0.08 0.11 0.14 0.12 0.13 0.02 0.05 0.07 0.02 0.02 0.01 0.01 0.01 0.01 0.02 0.01 0.39 0.03 0.02 0.01 0.01 0.01 0.02 0.03 0.03 0.04 0.03 0.03 0.55 0.02 0.01 0.02 0.11 0.13 0.01 0.01 0.02 0.03 0.01 0.01 0.01 0.04 0.07 0.05 0.14 0.15 0.01 0.01 0.02 0.03 0.04 0.02 0.18 0.30 0.01 0.01 0.01 0.01 0.02 0.03 0.01 0.02 0.02 0.02 0.02 0.02 0.02 1.18 0.87 0.01 0.01 0.01 0.73 0.03 0.03 0.02
0.00 0.01 0.01 0.01 0.02 0.02 0.07 0.10 0.08 0.04 0.03 0.12 0.31 0.32 0.35 0.03 0.04 0.02 0.02 0.01 0.01 0.01 0.01 0.02 0.39 0.38 0.02 0.01 0.01 0.01 0.01 0.03 0.04 0.07 0.06 0.03 0.42 0.44 0.01 0.01 0.23 0.05 0.01 0.01 0.03 0.03 0.01 0.01 0.01 0.01 0.01 0.03 0.11 0.18 0.12 0.02 0.01 0.02 0.03 0.03 0.02 0.12 0.13 0.01 0.02 0.01 0.01 0.01 0.01 0.02 0.02 0.01 0.02 0.04 0.03 0.03 0.88 1.06 1.06 0.00 0.74 0.76 0.02 0.02
0.00 0.00 0.01 0.01 0.02 0.02 0.02 0.04 0.03 0.02 0.01 0.02 0.02 0.02 0.27 0.40 0.48 0.03 0.02 0.01 0.01 0.01 0.01 0.01 0.01 0.40 0.02 0.01 0.01 0.02 0.01 0.01 0.01 0.01 0.04 0.04 0.02 0.56 0.02 0.02 0.15 0.04 0.02 0.01 0.04 0.03 0.02 0.01 0.01 0.01 0.02 0.03 0.05 0.30 0.14 0.12 0.01 0.02 0.02 0.03 0.02 0.08 0.33 0.01 0.03 0.01 0.03 0.01 0.01 0.01 0.03 0.05 0.04 0.02 0.03 0.03 0.03 0.02 1.06 1.03 0.01 0.95 0.03 0.01
0.00 0.00 0.01 0.01 0.01 0.01 0.01 0.02 0.02 0.03 0.02 0.02 0.02 0.03 0.02 0.03 0.37 0.44 0.45 0.02 0.02 0.01 0.01 0.01 0.02 0.52 0.03 0.02 0.01 0.02 0.02 0.01 0.01 0.02 0.03 0.06 0.05 0.47 0.02 0.01 0.17 0.04 0.02 0.01 0.06 0.03 0.02 0.02 0.01 0.01 0.02 0.04 0.07 0.11 0.26 0.10 0.02 0.02 0.02 0.04 0.03 0.16 0.10 0.01 0.07 0.06 0.05 0.02 0.01 0.01 0.01 0.02 0.05 0.10 0.05 0.05 0.03 0.02 0.02 0.91 1.31 0.85 0.96 0.02
0.00 0.00 0.00 0.01 0.01 0.01 0.02 0.02 0.02 0.02 0.03 0.03 0.03 0.03 0.02 0.03 0.03 0.04 0.46 0.89 0.48 0.01 0.02 0.01 0.02 0.32 0.15 0.01 0.01 0.01 0.03 0.02 0.02 0.03 0.02 0.02 0.03 0.59 0.48 0.01 0.15 0.03 0.03 0.01 0.07 0.02 0.04 0.02 0.02 0.02 0.01 0.01 0.01 0.05 0.21 0.25 0.03 0.01 0.03 0.05 0.04 0.11 0.18 0.01 0.14 0.05 0.01 0.01 0.03 0.04 0.03 0.01 0.01 0.02 0.01 0.01 0.01 0.01 0.01 0.02 0.02 0.87 1.38 1.38
0.00 0.00 0.00 0.00 0.01 0.01 0.01 0.01 0.02 0.01 0.01 0.02 0.03 0.04 0.06 0.05 0.04 0.03 0.02 0.02 0.40 1.09 0.65 0.01 0.02 0.31 0.31 0.02 0.01 0.01 0.10 0.04 0.03 0.04 0.03 0.03 0.03 0.02 0.46 0.66 0.74 0.02 0.03 0.01 0.07 0.02 0.05 0.02 0.02 0.04 0.01 0.01 0.02 0.06 0.11 0.43 0.02 0.01 0.02 0.04 0.07 0.11 0.28 0.05 0.08 0.01 0.01 0.01 0.01 0.04 0.08 0.08 0.02 0.01 0.01 0.01 0.02 0.04 0.01 0.01 0.01 0.03 0.05 1.28
0.00 0.00 0.00 0.00 0.00 0.01 0.01 0.01 0.01 0.01 0.02 0.02 0.04 0.03 0.03 0.01 0.02 0.02 0.02 0.02 0.02 0.02 0.36 0.55 0.52 0.08 0.25 0.26 0.21 0.01 0.01 0.05 0.02 0.03 0.04 0.04 0.02 0.01 0.01 0.01 0.41 0.56 0.02 0.02 0.07 0.02 0.04 0.04 0.02 0.05 0.01 0.03 0.01 0.01 0.01 0.57 0.27 0.01 0.03 0.02 0.01 0.23 0.17 0.04 0.13 0.02 0.01 0.02 0.01 0.01 0.01 0.06 0.05 0.06 0.03 0.03 0.09 0.04 0.01 0.01 0.01 0.04 0.05 0.03
0.00 0.00 0.00 0.00 0.01 0.01 0.03 0.02 0.02 0.04 0.05 0.05 0.04 0.01 0.01 0.01 0.01 0.01 0.01 0.01 0.01 0.01 0.01 0.02 0.64 0.69 0.79 0.01 0.22 0.01 0.01 0.04 0.03 0.02 0.03 0.05 0.01 0.01 0.02 0.02 0.24 0.69 0.01 0.03 0.12 0.02 0.04 0.05 0.01 0.05 0.09 0.02 0.02 0.01 0.01 0.02 0.37 0.38 0.36 0.02 0.01 0.23 0.24 0.05 0.04 0.11 0.07 0.02 0.02 0.01 0.02 0.04 0.06 0.06 0.08 0.05 0.04 0.06 0.01 0.01 0.03 0.07 0.03 0.02
0.00 0.00 0.00 0.00 0.01 0.02 0.02 0.06 0.06 0.04 0.03 0.07 0.08 0.06 0.06 0.03 0.02 0.01 0.02 0.09 0.16 0.22 0.01 0.01 0.01 0.11 0.52 0.76 0.75 0.75 0.01 0.04 0.03 0.03 0.03 0.06 0.07 0.01 0.01 0.01 0.01 0.69 0.63 0.57 0.57 0.74 0.75 0.76 0.02 0.02 0.05 0.04 0.10 0.01 0.04 0.01 0.01 0.02 0.33 0.56 0.01 0.01 0.62 0.04 0.02 0.01 0.08 0.09 0.10 0.01 0.02 0.04 0.05 0.08 0.16 0.04 0.03 0.06 0.04 0.02 0.03 0.12 0.01 0.01
0.00 0.00 0.00 0.00 0.01 0.01 0.02 0.02 0.02 0.01 0.01 0.03 0.07 0.10 0.11 0.18 0.19 0.23 0.25 0.21 0.15 0.37 0.28 0.31 0.35 0.29 0.16 0.07 0.07 0.88 1.13 0.87 0.99 0.83 1.03 1.19 1.20 1.05 0.01 0.01 0.01 0.01 0.01 0.01 0.01 0.01 0.01 0.59 0.01 0.02 0.03 0.05 0.06 0.06 0.03 0.03 0.02 0.01 0.01 0.21 0.27 0.01 0.24 0.02 0.03 0.02 0.01 0.04 0.09 0.15 0.10 0.07 0.08 0.06 0.19 0.31 0.02 0.04 0.04 0.04 0.02 0.03 0.03 0.02
0.00 0.00 0.00 0.00 0.00 0.01 0.01 0.02 0.03 0.05 0.06 0.07 0.06 0.04 0.14 0.10 0.12 0.07 0.04 0.04 0.04 0.04 0.04 0.03 0.05 0.04 0.04 0.07 0.06 0.04 0.05 0.10 0.08 0.09 0.04 0.02 0.07 0.99 1.93 1.90 0.01 0.02 0.02 0.02 0.01 0.01 0.02 0.72 0.01 0.03 0.02 0.02 0.05 0.09 0.05 0.05 0.04 0.03 0.03 0.10 0.54 0.15 0.17 0.13 0.03 0.01 0.01 0.03 0.05 0.04 0.08 0.08 0.08 0.07 0.06 0.22 0.18 0.19 0.02 0.02 0.02 0.01 0.02 0.02
