NEW_versions/Scripts/Results/Iao_50m/MaxFloodMaps/Iao_50m_0.4.asc
NCOLS 111
NROWS 84
XLLCENTER 750508.350000
YLLCENTER 2308429.860000
CELLSIZE 50.000000
NODATA_value -99999.000000
[rows 0 to 37 of 84, columns 0 to 83 of 111]
0.00 0.00 0.00 0.00 0.00 0.00 0.00 0.00 0.00 0.00 0.00 0.00 0.00 0.00 0.00 0.00 0.00 0.00 0.00 0.00 0.00 0.00 0.00 0.00 0.00 0.00 0.00 0.00 0.00 0.00 0.00 0.00 0.00 0.00 0.00 0.00 0.00 0.00 0.00 0.00 0.00 0.00 0.00 0.00 0.00 0.00 0.00 0.00 0.00 0.00 0.00 0.00 0.00 0.00 0.00 0.00 0.00 0.00 0.00 0.00 0.00 0.00 0.00 0.00 0.00 0.00 0.00 0.00 0.00 0.00 0.00 0.00 0.00 0.00 0.00 0.00 0.00 0.00 0.00 0.00 0.00 0.00 0.00 0.00
0.00 0.00 0.00 0.00 0.00 0.00 0.00 0.00 0.00 0.00 0.00 0.00 0.00 0.00 0.00 0.00 0.00 0.00 0.00 0.00 0.00 0.00 0.00 0.00 0.00 0.00 0.00 0.00 0.00 0.00 0.00 0.00 0.00 0.00 0.00 0.00 0.00 0.00 0.00 0.00 0.00 0.00 0.00 0.00 0.00 0.00 0.00 0.00 0.00 0.00 0.00 0.00 0.00 0.00 0.00 0.00 0.00 0.00 0.00 0.00 0.00 0.00 0.00 0.00 0.00 0.00 0.00 0.00 0.00 0.00 0.00 0.00 0.00 0.00 0.00 0.00 0.00 0.00 0.00 0.00 0.00 0.00 0.00 0.00
0.00 0.00 0.00 0.00 0.00 0.00 0.00 0.00 0.00 0.00 0.00 0.00 0.00 0.00 0.00 0.00 0.00 0.00 0.00 0.00 0.00 0.00 0.00 0.00 0.00 0.00 0.00 0.00 0.00 0.00 0.00 0.00 0.00 0.00 0.00 0.00 0.00 0.00 0.00 0.00 0.00 0.00 0.00 0.00 0.00 0.00 0.00 0.00 0.00 0.00 0.00 0.00 0.01 0.01 0.00 0.00 0.01 0.01 0.01 0.00 0.01 0.00 0.00 0.00 0.00 0.00 0.00 0.00 0.00 0.01 0.00 0.00 0.00 0.00 0.00 0.00 0.00 0.00 0.00 0.00 0.00 0.00 0.00 0.00
0.00 0.00 0.00 0.00 0.00 0.00 0.00 0.00 0.00 0.00 0.00 0.00 0.00 0.00 0.00 0.00 0.00 0.00 0.00 0.00 0.00 0.00 0.00 0.00 0.00 0.00 0.00 0.00 0.00 0.00 0.00 0.00 0.00 0.00 0.00 0.00 0.00 0.00 0.00 0.00 0.00 0.00 0.00 0.00 0.00 0.00 0.00 0.00 0.00 0.00 0.01 0.01 0.01 0.01 0.00 0.00 0.01 0.01 0.01 0.01 0.01 0.00 0.00 0.00 0.00 0.00 0.00 0.00 0.00 0.01 0.00 0.01 0.00 0.00 0.00 0.00 0.00 0.00 0.00 0.00 0.00 0.00 0.00 0.00
0.00 0.00 0.00 0.00 0.00 0.00 0.00 0.00 0.00 0.00 0.00 0.00 0.00 0.00 0.00 0.00 0.00 0.00 0.00 0.00 0.00 0.00 0.00 0.00 0.00 0.00 0.00 0.00 0.00 0.00 0.00 0.00 0.00 0.00 0.00 0.00 0.00 0.00 0.00 0.00 0.00 0.00 0.00 0.00 0.00 0.00 0.00 0.00 0.01 0.01 0.01 0.01 0.01 0.01 0.01 0.00 0.01 0.01 0.01 0.01 0.01 0.01 0.00 0.00 0.00 0.00 0.00 0.00 0.01 0.01 0.00 0.01 0.01 0.00 0.01 0.00 0.00 0.00 0.00 0.00 0.00 0.00 0.00 0.00
0.00 0.00 0.00 0.00 0.00 0.00 0.00 0.00 0.00 0.00 0.00 0.00 0.00 0.00 0.00 0.00 0.00 0.00 0.00 0.00 0.00 0.00 0.00 0.00 0.00 0.00 0.00 0.00 0.00 0.00 0.00 0.00 0.00 0.00 0.00 0.00 0.00 0.00 0.00 0.00 0.00 0.00 0.00 0.00 0.00 0.00 0.00 0.00 0.01 0.01 0.01 0.01 0.01 0.01 0.01 0.01 0.01 0.01 0.01 0.01 0.01 0.01 0.00 0.00 0.00 0.00 0.01 0.01 0.01 0.01 0.01 0.01 0.01 0.01 0.01 0.01 0.00 0.00 0.00 0.00 0.00 0.00 0.00 0.00
0.00 0.00 0.00 0.00 0.00 0.00 0.00 0.00 0.00 0.00 0.00 0.00 0.00 0.00 0.00 0.00 0.00 0.00 0.00 0.00 0.00 0.00 0.00 0.00 0.00 0.00 0.00 0.00 0.00 0.00 0.00 0.00 0.00 0.00 0.00 0.00 0.00 0.00 0.00 0.00 0.00 0.00 0.00 0.00 0.00 0.00 0.00 0.01 0.01 0.01 0.01 0.01 0.01 0.01 0.01 0.01 0.01 0.01 0.01 0.01 0.01 0.01 0.01 0.00 0.00 0.00 0.01 0.02 0.01 0.01 0.01 0.01 0.01 0.01 0.01 0.01 0.00 0.01 0.00 0.00 0.00 0.00 0.00 0.00
0.00 0.00 0.00 0.00 0.00 0.00 0.00 0.00 0.00 0.00 0.00 0.00 0.00 0.00 0.00 0.00 0.00 0.00 0.00 0.00 0.00 0.00 0.00 0.00 0.00 0.00 0.00 0.00 0.00 0.00 0.00 0.00 0.00 0.00 0.00 0.00 0.00 0.00 0.00 0.00 0.00 0.00 0.00 0.00 0.00 0.00 0.01 0.00 0.01 0.01 0.01 0.01 0.01 0.01 0.01 0.01 0.01 0.01 0.01 0.01 0.01 0.01 0.01 0.01 0.00 0.00 0.01 0.03 0.01 0.01 0.01 0.01 0.01 0.01 0.01 0.01 0.00 0.01 0.00 0.00 0.00 0.00 0.00 0.00
0.00 0.00 0.00 0.00 0.00 0.00 0.00 0.00 0.00 0.00 0.00 0.00 0.00 0.00 0.00 0.00 0.00 0.00 0.00 0.00 0.00 0.00 0.00 0.00 0.00 0.00 0.00 0.00 0.00 0.00 0.00 0.00 0.00 0.00 0.00 0.00 0.00 0.00 0.00 0.00 0.00 0.00 0.01 0.01 0.01 0.01 0.01 0.01 0.01 0.01 0.01 0.01 0.01 0.02 0.01 0.01 0.01 0.01 0.02 0.02 0.01 0.01 0.01 0.01 0.00 0.00 0.01 0.02 0.01 0.01 0.01 0.01 0.01 0.01 0.02 0.01 0.01 0.01 0.01 0.00 0.00 0.01 0.00 0.00
0.00 0.00 0.00 0.00 0.00 0.00 0.00 0.00 0.00 0.00 0.00 0.00 0.00 0.00 0.00 0.00 0.00 0.00 0.00 0.00 0.00 0.00 0.00 0.00 0.00 0.00 0.00 0.00 0.00 0.00 0.00 0.00 0.00 0.00 0.00 0.01 0.00 0.00 0.00 0.00 0.01 0.01 0.01 0.01 0.01 0.01 0.01 0.01 0.01 0.01 0.01 0.01 0.01 0.02 0.01 0.01 0.01 0.02 0.02 0.02 0.01 0.01 0.01 0.01 0.01 0.00 0.01 0.06 0.01 0.00 0.01 0.01 0.01 0.01 0.02 0.01 0.01 0.01 0.01 0.00 0.00 0.01 0.01 0.01
0.00 0.00 0.00 0.00 0.00 0.00 0.00 0.00 0.00 0.00 0.00 0.00 0.00 0.00 0.00 0.00 0.00 0.00 0.00 0.00 0.00 0.00 0.00 0.00 0.00 0.00 0.00 0.00 0.00 0.00 0.00 0.00 0.00 0.00 0.00 0.01 0.00 0.01 0.00 0.01 0.01 0.01 0.01 0.01 0.01 0.01 0.01 0.01 0.01 0.01 0.01 0.02 0.04 0.01 0.01 0.01 0.02 0.01 0.02 0.02 0.01 0.01 0.01 0.01 0.01 0.00 0.00 0.04 0.02 0.00 0.01 0.01 0.01 0.02 0.01 0.01 0.01 0.01 0.01 0.00 0.01 0.01 0.01 0.01
0.00 0.00 0.00 0.00 0.00 0.00 0.00 0.00 0.00 0.00 0.00 0.00 0.00 0.00 0.00 0.00 0.00 0.00 0.00 0.00 0.00 0.00 0.00 0.00 0.00 0.00 0.00 0.00 0.00 0.00 0.00 0.01 0.01 0.01 0.01 0.01 0.01 0.01 0.00 0.00 0.01 0.01 0.01 0.01 0.01 0.01 0.01 0.01 0.01 0.01 0.01 0.01 0.04 0.06 0.04 0.03 0.02 0.02 0.02 0.03 0.02 0.02 0.01 0.01 0.01 0.01 0.00 0.02 0.02 0.02 0.02 0.01 0.01 0.02 0.02 0.01 0.01 0.01 0.01 0.00 0.00 0.02 0.01 0.01
0.00 0.00 0.00 0.00 0.00 0.00 0.00 0.00 0.00 0.00 0.00 0.00 0.00 0.00 0.00 0.00 0.00 0.00 0.00 0.00 0.00 0.00 0.00 0.00 0.00 0.00 0.01 0.00 0.00 0.00 0.00 0.01 0.01 0.01 0.01 0.01 0.01 0.01 0.01 0.00 0.01 0.01 0.01 0.01 0.01 0.01 0.01 0.01 0.02 0.02 0.04 0.01 0.00 0.00 0.02 0.08 0.03 0.02 0.05 0.04 0.06 0.02 0.02 0.03 0.01 0.01 0.00 0.01 0.01 0.03 0.05 0.04 0.03 0.03 0.02 0.01 0.01 0.01 0.01 0.01 0.00 0.01 0.01 0.01
0.00 0.00 0.00 0.00 0.00 0.00 0.00 0.00 0.00 0.00 0.00 0.00 0.00 0.00 0.00 0.00 0.01 0.00 0.00 0.01 0.00 0.00 0.00 0.00 0.00 0.01 0.01 0.01 0.00 0.00 0.00 0.01 0.01 0.01 0.01 0.01 0.02 0.01 0.00 0.00 0.01 0.01 0.01 0.01 0.01 0.01 0.02 0.02 0.01 0.01 0.02 0.02 0.02 0.00 0.01 0.09 0.10 0.00 0.02 0.06 0.07 0.01 0.00 0.05 0.03 0.00 0.00 0.01 0.01 0.00 0.02 0.03 0.04 0.12 0.12 0.02 0.02 0.01 0.01 0.01 0.01 0.01 0.02 0.01
0.00 0.00 0.00 0.00 0.00 0.00 0.00 0.00 0.00 0.00 0.00 0.00 0.00 0.00 0.01 0.01 0.01 0.01 0.01 0.01 0.00 0.01 0.01 0.01 0.00 0.01 0.01 0.01 0.01 0.01 0.00 0.01 0.01 0.01 0.01 0.01 0.02 0.01 0.01 0.00 0.00 0.00 0.01 0.01 0.01 0.01 0.02 0.02 0.03 0.03 0.03 0.02 0.04 0.00 0.01 0.01 0.10 0.00 0.00 0.03 0.11 0.01 0.00 0.00 0.04 0.01 0.00 0.02 0.01 0.02 0.01 0.02 0.01 0.00 0.13 0.10 0.11 0.01 0.02 0.03 0.01 0.01 0.01 0.01
0.00 0.00 0.00 0.00 0.00 0.00 0.00 0.00 0.00 0.00 0.00 0.00 0.01 0.00 0.01 0.01 0.01 0.01 0.01 0.01 0.01 0.01 0.01 0.01 0.01 0.01 0.01 0.01 0.01 0.01 0.01 0.01 0.01 0.01 0.01 0.01 0.02 0.01 0.01 0.00 0.00 0.01 0.01 0.01 0.01 0.01 0.01 0.02 0.04 0.04 0.06 0.07 0.12 0.05 0.03 0.11 0.10 0.00 0.01 0.02 0.15 0.01 0.00 0.00 0.02 0.05 0.00 0.04 0.01 0.01 0.01 0.02 0.01 0.00 0.00 0.01 0.13 0.02 0.03 0.02 0.01 0.01 0.01 0.01
0.00 0.00 0.00 0.00 0.00 0.00 0.00 0.01 0.00 0.00 0.00 0.01 0.01 0.01 0.01 0.01 0.01 0.01 0.00 0.01 0.01 0.01 0.01 0.01 0.01 0.01 0.01 0.01 0.01 0.01 0.01 0.01 0.01 0.01 0.01 0.02 0.02 0.01 0.01 0.01 0.00 0.01 0.01 0.01 0.01 0.01 0.01 0.01 0.01 0.00 0.01 0.01 0.01 0.06 0.05 0.05 0.10 0.01 0.00 0.02 0.08 0.08 0.07 0.00 0.04 0.02 0.00 0.02 0.04 0.01 0.01 0.02 0.03 0.00 0.00 0.00 0.24 0.03 0.02 0.02 0.01 0.01 0.01 0.01
0.00 0.00 0.00 0.00 0.00 0.00 0.00 0.01 0.00 0.00 0.01 0.01 0.01 0.01 0.01 0.01 0.01 0.01 0.01 0.01 0.01 0.01 0.01 0.01 0.01 0.01 0.01 0.01 0.01 0.01 0.01 0.01 0.01 0.01 0.02 0.02 0.02 0.01 0.01 0.00 0.00 0.01 0.01 0.01 0.01 0.01 0.00 0.00 0.00 0.00 0.00 0.00 0.00 0.01 0.03 0.07 0.18 0.20 0.01 0.00 0.03 0.09 0.33 0.07 0.08 0.05 0.00 0.02 0.05 0.01 0.02 0.01 0.04 0.01 0.01 0.00 0.24 0.02 0.00 0.02 0.02 0.01 0.01 0.01
0.00 0.00 0.00 0.00 0.00 0.01 0.01 0.01 0.01 0.01 0.01 0.01 0.01 0.01 0.01 0.01 0.01 0.02 0.02 0.01 0.01 0.01 0.01 0.02 0.01 0.00 0.01 0.01 0.01 0.01 0.01 0.01 0.03 0.02 0.02 0.02 0.01 0.01 0.01 0.00 0.01 0.00 0.01 0.01 0.01 0.01 0.01 0.01 0.00 0.01 0.01 0.00 0.00 0.00 0.00 0.01 0.01 0.18 0.19 0.00 0.02 0.02 0.02 0.21 0.06 0.08 0.07 0.01 0.04 0.00 0.02 0.02 0.03 0.03 0.01 0.00 0.12 0.01 0.00 0.03 0.02 0.02 0.01 0.01
0.00 0.00 0.00 0.00 0.01 0.00 0.01 0.01 0.01 0.00 0.01 0.01 0.01 0.01 0.01 0.01 0.01 0.02 0.03 0.01 0.01 0.01 0.01 0.01 0.02 0.00 0.01 0.01 0.01 0.01 0.01 0.02 0.05 0.02 0.02 0.02 0.01 0.01 0.01 0.00 0.01 0.01 0.01 0.01 0.01 0.01 0.01 0.02 0.00 0.01 0.01 0.01 0.01 0.00 0.00 0.01 0.01 0.01 0.22 0.22 0.01 0.00 0.01 0.01 0.07 0.06 0.10 0.08 0.06 0.00 0.01 0.02 0.04 0.05 0.02 0.01 0.20 0.00 0.00 0.03 0.06 0.06 0.02 0.01
0.00 0.00 0.00 0.00 0.01 0.00 0.01 0.01 0.01 0.01 0.01 0.01 0.01 0.01 0.01 0.01 0.02 0.03 0.03 0.02 0.01 0.01 0.01 0.01 0.02 0.01 0.01 0.01 0.01 0.01 0.01 0.02 0.04 0.08 0.02 0.01 0.01 0.03 0.01 0.00 0.00 0.01 0.01 0.01 0.01 0.01 0.02 0.04 0.01 0.01 0.01 0.01 0.01 0.01 0.01 0.00 0.00 0.01 0.01 0.21 0.18 0.01 0.00 0.00 0.04 0.08 0.10 0.13 0.21 0.18 0.01 0.01 0.08 0.05 0.02 0.05 0.21 0.01 0.00 0.05 0.05 0.01 0.02 0.02
0.00 0.00 0.01 0.01 0.01 0.00 0.01 0.01 0.01 0.01 0.01 0.00 0.01 0.01 0.02 0.02 0.02 0.02 0.02 0.02 0.01 0.01 0.01 0.01 0.01 0.01 0.01 0.01 0.01 0.01 0.01 0.01 0.02 0.07 0.04 0.01 0.02 0.02 0.01 0.00 0.01 0.02 0.01 0.01 0.00 0.00 0.01 0.05 0.04 0.01 0.01 0.01 0.01 0.01 0.02 0.03 0.00 0.00 0.01 0.01 0.21 0.27 0.00 0.00 0.00 0.00 0.01 0.00 0.01 0.15 0.23 0.01 0.00 0.03 0.02 0.01 0.21 0.16 0.17 0.06 0.02 0.01 0.01 0.01
0.00 0.00 0.00 0.01 0.01 0.01 0.01 0.01 0.01 0.01 0.01 0.01 0.01 0.01 0.00 0.00 0.02 0.03 0.03 0.05 0.01 0.00 0.01 0.01 0.02 0.02 0.01 0.01 0.01 0.01 0.01 0.02 0.01 0.02 0.07 0.04 0.02 0.02 0.00 0.00 0.01 0.03 0.01 0.01 0.00 0.01 0.01 0.01 0.02 0.03 0.02 0.01 0.01 0.01 0.01 0.03 0.04 0.00 0.00 0.01 0.01 0.26 0.20 0.01 0.00 0.01 0.01 0.01 0.00 0.01 0.17 0.18 0.01 0.02 0.02 0.03 0.01 0.01 0.19 0.22 0.02 0.01 0.01 0.01
0.00 0.00 0.00 0.01 0.01 0.01 0.01 0.01 0.01 0.01 0.01 0.01 0.01 0.01 0.01 0.00 0.00 0.02 0.02 0.08 0.04 0.00 0.01 0.02 0.02 0.02 0.00 0.01 0.02 0.03 0.02 0.02 0.02 0.02 0.09 0.02 0.02 0.01 0.00 0.00 0.01 0.02 0.03 0.01 0.00 0.00 0.01 0.01 0.02 0.03 0.06 0.07 0.01 0.01 0.01 0.01 0.04 0.10 0.00 0.00 0.00 0.01 0.29 0.21 0.01 0.00 0.00 0.01 0.02 0.01 0.01 0.24 0.17 0.01 0.01 0.01 0.02 0.00 0.00 0.18 0.03 0.02 0.02 0.01
0.00 0.00 0.00 0.00 0.01 0.01 0.01 0.02 0.01 0.01 0.01 0.01 0.01 0.01 0.01 0.01 0.00 0.00 0.02 0.05 0.19 0.04 0.04 0.05 0.02 0.01 0.01 0.00 0.00 0.01 0.02 0.04 0.07 0.04 0.14 0.02 0.01 0.01 0.01 0.00 0.01 0.02 0.04 0.01 0.00 0.00 0.00 0.00 0.00 0.01 0.01 0.06 0.09 0.00 0.01 0.01 0.01 0.04 0.06 0.06 0.00 0.00 0.01 0.27 0.24 0.00 0.01 0.01 0.00 0.01 0.01 0.01 0.20 0.01 0.01 0.00 0.03 0.03 0.02 0.17 0.05 0.02 0.02 0.02
0.00 0.00 0.00 0.01 0.01 0.01 0.02 0.02 0.02 0.01 0.01 0.01 0.01 0.01 0.01 0.01 0.00 0.00 0.00 0.01 0.01 0.05 0.11 0.14 0.02 0.01 0.00 0.00 0.00 0.00 0.01 0.01 0.01 0.02 0.17 0.14 0.01 0.01 0.01 0.01 0.01 0.02 0.08 0.01 0.00 0.00 0.01 0.00 0.01 0.01 0.01 0.01 0.08 0.01 0.01 0.01 0.01 0.01 0.01 0.09 0.01 0.00 0.00 0.01 0.26 0.33 0.19 0.14 0.12 0.10 0.00 0.00 0.12 0.14 0.01 0.00 0.00 0.00 0.00 0.33 0.01 0.01 0.01 0.01
0.00 0.01 0.01 0.01 0.02 0.01 0.01 0.02 0.03 0.02 0.01 0.02 0.01 0.01 0.03 0.01 0.01 0.00 0.00 0.00 0.00 0.01 0.01 0.14 0.15 0.01 0.01 0.01 0.00 0.01 0.01 0.01 0.01 0.01 0.01 0.30 0.15 0.01 0.00 0.01 0.01 0.07 0.06 0.01 0.01 0.00 0.01 0.01 0.02 0.01 0.01 0.01 0.13 0.01 0.00 0.01 0.01 0.01 0.01 0.05 0.11 0.01 0.00 0.00 0.00 0.01 0.09 0.20 0.20 0.18 0.20 0.20 0.22 0.31 0.44 0.44 0.00 0.00 0.00 0.29 0.33 0.01 0.01 0.01
0.01 0.01 0.01 0.01 0.01 0.02 0.02 0.02 0.03 0.04 0.06 0.05 0.05 0.01 0.02 0.03 0.01 0.01 0.01 0.00 0.00 0.01 0.01 0.00 0.16 0.01 0.01 0.01 0.00 0.00 0.01 0.01 0.01 0.02 0.01 0.01 0.22 0.01 0.00 0.01 0.04 0.05 0.00 0.00 0.01 0.01 0.00 0.00 0.01 0.02 0.03 0.02 0.06 0.06 0.01 0.01 0.01 0.01 0.01 0.01 0.07 0.11 0.01 0.00 0.00 0.00 0.01 0.01 0.01 0.01 0.01 0.01 0.01 0.01 0.01 0.43 0.31 0.00 0.00 0.00 0.28 0.01 0.01 0.01
0.00 0.00 0.00 0.01 0.01 0.01 0.03 0.04 0.03 0.02 0.01 0.05 0.12 0.13 0.14 0.01 0.02 0.01 0.01 0.00 0.00 0.00 0.00 0.01 0.16 0.15 0.01 0.01 0.00 0.00 0.01 0.01 0.02 0.03 0.03 0.01 0.17 0.18 0.00 0.00 0.09 0.02 0.01 0.00 0.01 0.01 0.01 0.00 0.00 0.00 0.00 0.01 0.04 0.07 0.05 0.01 0.01 0.01 0.01 0.01 0.01 0.05 0.05 0.00 0.01 0.00 0.00 0.00 0.00 0.01 0.01 0.01 0.01 0.02 0.01 0.01 0.31 0.37 0.37 0.00 0.28 0.29 0.01 0.01
0.00 0.00 0.00 0.01 0.01 0.01 0.01 0.01 0.01 0.01 0.01 0.01 0.01 0.01 0.11 0.16 0.19 0.01 0.01 0.01 0.01 0.00 0.00 0.00 0.00 0.16 0.01 0.01 0.00 0.01 0.01 0.00 0.00 0.00 0.02 0.02 0.01 0.23 0.01 0.01 0.06 0.02 0.01 0.01 0.02 0.01 0.01 0.01 0.00 0.01 0.01 0.01 0.02 0.12 0.06 0.05 0.01 0.01 0.01 0.01 0.01 0.03 0.12 0.00 0.01 0.00 0.01 0.01 0.00 0.00 0.01 0.02 0.02 0.01 0.01 0.01 0.01 0.01 0.37 0.36 0.00 0.36 0.01 0.00
0.00 0.00 0.00 0.00 0.01 0.01 0.01 0.01 0.01 0.01 0.01 0.01 0.01 0.01 0.01 0.01 0.15 0.18 0.18 0.01 0.01 0.00 0.00 0.01 0.01 0.21 0.01 0.01 0.00 0.01 0.01 0.01 0.01 0.01 0.01 0.02 0.02 0.19 0.01 0.00 0.07 0.01 0.01 0.00 0.03 0.01 0.01 0.01 0.01 0.00 0.01 0.01 0.03 0.04 0.11 0.04 0.01 0.01 0.01 0.02 0.01 0.06 0.03 0.00 0.03 0.02 0.02 0.01 0.01 0.00 0.00 0.01 0.02 0.04 0.02 0.02 0.01 0.01 0.01 0.31 0.47 0.30 0.33 0.01
0.00 0.00 0.00 0.00 0.00 0.00 0.01 0.01 0.01 0.01 0.01 0.01 0.01 0.01 0.01 0.01 0.01 0.01 0.19 0.38 0.19 0.01 0.01 0.00 0.01 0.13 0.06 0.01 0.00 0.01 0.01 0.01 0.01 0.01 0.01 0.01 0.01 0.24 0.19 0.00 0.06 0.01 0.01 0.00 0.03 0.01 0.02 0.01 0.01 0.01 0.00 0.00 0.00 0.02 0.08 0.10 0.01 0.00 0.01 0.02 0.02 0.04 0.06 0.00 0.06 0.02 0.01 0.00 0.01 0.01 0.01 0.00 0.00 0.01 0.00 0.01 0.01 0.01 0.01 0.01 0.01 0.29 0.48 0.48
0.00 0.00 0.00 0.00 0.00 0.00 0.00 0.01 0.01 0.01 0.01 0.01 0.01 0.02 0.02 0.02 0.02 0.01 0.01 0.01 0.16 0.49 0.26 0.00 0.01 0.13 0.13 0.01 0.00 0.01 0.04 0.02 0.01 0.02 0.01 0.01 0.01 0.01 0.18 0.26 0.30 0.01 0.01 0.01 0.03 0.01 0.02 0.01 0.01 0.01 0.00 0.00 0.01 0.02 0.04 0.17 0.01 0.00 0.01 0.01 0.03 0.04 0.10 0.02 0.03 0.00 0.00 0.00 0.01 0.02 0.03 0.03 0.01 0.00 0.00 0.00 0.01 0.02 0.00 0.00 0.01 0.01 0.02 0.44
0.00 0.00 0.00 0.00 0.00 0.00 0.00 0.00 0.00 0.01 0.01 0.01 0.01 0.01 0.01 0.01 0.01 0.01 0.01 0.01 0.01 0.01 0.14 0.22 0.20 0.03 0.10 0.10 0.08 0.00 0.00 0.02 0.01 0.01 0.01 0.02 0.01 0.01 0.00 0.00 0.17 0.22 0.01 0.01 0.03 0.01 0.01 0.02 0.01 0.02 0.01 0.01 0.01 0.00 0.00 0.23 0.11 0.00 0.01 0.01 0.00 0.08 0.06 0.02 0.05 0.01 0.01 0.01 0.00 0.00 0.01 0.02 0.02 0.02 0.01 0.01 0.03 0.02 0.00 0.01 0.01 0.01 0.02 0.01
0.00 0.00 0.00 0.00 0.00 0.01 0.01 0.01 0.01 0.02 0.02 0.02 0.02 0.00 0.00 0.00 0.00 0.00 0.00 0.00 0.00 0.00 0.01 0.01 0.25 0.27 0.31 0.00 0.09 0.00 0.00 0.02 0.01 0.01 0.01 0.02 0.00 0.01 0.01 0.01 0.09 0.27 0.00 0.01 0.05 0.01 0.01 0.02 0.01 0.02 0.03 0.01 0.01 0.00 0.01 0.01 0.14 0.14 0.14 0.01 0.00 0.08 0.08 0.02 0.01 0.04 0.03 0.01 0.01 0.00 0.01 0.02 0.02 0.02 0.03 0.02 0.02 0.02 0.00 0.01 0.01 0.03 0.01 0.01
0.00 0.00 0.00 0.00 0.00 0.01 0.01 0.02 0.03 0.02 0.01 0.03 0.03 0.03 0.03 0.01 0.01 0.01 0.01 0.04 0.07 0.09 0.00 0.00 0.00 0.04 0.20 0.30 0.29 0.29 0.01 0.02 0.01 0.01 0.01 0.02 0.03 0.00 0.00 0.00 0.00 0.27 0.25 0.22 0.22 0.29 0.29 0.29 0.01 0.01 0.02 0.02 0.04 0.00 0.01 0.00 0.00 0.01 0.12 0.22 0.01 0.00 0.24 0.02 0.01 0.00 0.03 0.03 0.04 0.00 0.01 0.02 0.02 0.03 0.06 0.01 0.01 0.02 0.02 0.01 0.01 0.05 0.01 0.00
0.00 0.00 0.00 0.00 0.00 0.00 0.01 0.01 0.01 0.00 0.00 0.01 0.03 0.04 0.05 0.07 0.08 0.09 0.10 0.09 0.06 0.15 0.11 0.12 0.14 0.12 0.06 0.03 0.03 0.34 0.44 0.34 0.39 0.32 0.39 0.46 0.46 0.40 0.01 0.00 0.00 0.00 0.00 0.00 0.00 0.00 0.00 0.23 0.00 0.01 0.01 0.02 0.02 0.02 0.01 0.01 0.01 0.00 0.01 0.08 0.10 0.00 0.08 0.01 0.01 0.01 0.00 0.02 0.04 0.06 0.04 0.03 0.03 0.02 0.07 0.12 0.01 0.02 0.02 0.01 0.01 0.01 0.01 0.01
0.00 0.00 0.00 0.00 0.00 0.00 0.00 0.01 0.01 0.02 0.03 0.03 0.03 0.02 0.06 0.04 0.05 0.03 0.02 0.01 0.01 0.02 0.02 0.01 0.02 0.02 0.01 0.03 0.02 0.01 0.02 0.04 0.03 0.03 0.02 0.01 0.03 0.37 0.74 0.74 0.01 0.01 0.01 0.01 0.01 0.00 0.01 0.27 0.00 0.01 0.01 0.01 0.02 0.04 0.02 0.02 0.02 0.01 0.01 0.04 0.16 0.04 0.06 0.04 0.01 0.01 0.00 0.01 0.02 0.02 0.03 0.03 0.03 0.03 0.02 0.08 0.07 0.07 0.01 0.01 0.01 0.01 0.01 0.01
