NEW_versions/Scripts/Results/Iao_50m/MaxFloodMaps/Iao_50m_1.2.asc
NCOLS 111
NROWS 84
XLLCENTER 750508.350000
YLLCENTER 2308429.860000
CELLSIZE 50.000000
NODATA_value -99999.000000
[rows 0 to 37 of 84, columns 0 to 83 of 111]
0.00 0.00 0.00 0.00 0.00 0.00 0.00 0.00 0.00 0.00 0.00 0.00 0.00 0.00 0.00 0.00 0.00 0.00 0.00 0.00 0.00 0.00 0.00 0.00 0.00 0.00 0.00 0.00 0.00 0.00 0.00 0.00 0.00 0.00 0.00 0.00 0.00 0.00 0.00 0.00 0.00 0.00 0.00 0.00 0.00 0.00 0.00 0.00 0.00 0.00 0.00 0.00 0.00 0.00 0.00 0.00 0.00 0.00 0.00 0.00 0.00 0.00 0.00 0.00 0.00 0.00 0.00 0.00 0.00 0.00 0.00 0.00 0.00 0.00 0.00 0.00 0.00 0.00 0.00 0.00 0.00 0.00 0.00 0.00
0.00 0.00 0.00 0.00 0.00 0.00 0.00 0.00 0.00 0.00 0.00 0.00 0.00 0.00 0.00 0.00 0.00 0.00 0.00 0.00 0.00 0.00 0.00 0.00 0.00 0.00 0.00 0.00 0.00 0.00 0.00 0.00 0.00 0.00 0.00 0.00 0.00 0.00 0.00 0.00 0.00 0.00 0.00 0.00 0.00 0.00 0.00 0.00 0.00 0.00 0.00 0.01 0.01 0.01 0.00 0.01 0.01 0.01 0.01 0.01 0.01 0.00 0.00 0.00 0.00 0.00 0.00 0.00 0.00 0.00 0.00 0.00 0.00 0.00 0.00 0.00 0.00 0.00 0.00 0.00 0.00 0.00 0.00 0.00
0.00 0.00 0.00 0.00 0.00 0.00 0.00 0.00 0.00 0.00 0.00 0.00 0.00 0.00 0.00 0.00 0.00 0.00 0.00 0.00 0.00 0.00 0.00 0.00 0.00 0.00 0.00 0.00 0.00 0.00 0.00 0.00 0.00 0.00 0.00 0.00 0.00 0.00 0.00 0.00 0.00 0.00 0.00 0.00 0.00 0.00 0.00 0.01 0.01 0.01 0.01 0.01 0.02 0.01 0.01 0.01 0.01 0.01 0.01 0.01 0.01 0.01 0.00 0.00 0.00 0.00 0.00 0.00 0.01 0.01 0.00 0.00 0.00 0.00 0.00 0.00 0.00 0.00 0.00 0.00 0.00 0.00 0.00 0.00
0.00 0.00 0.00 0.00 0.00 0.00 0.00 0.00 0.00 0.00 0.00 0.00 0.00 0.00 0.00 0.00 0.00 0.00 0.00 0.00 0.00 0.00 0.00 0.00 0.00 0.00 0.00 0.00 0.00 0.00 0.00 0.00 0.00 0.00 0.00 0.00 0.00 0.00 0.00 0.00 0.00 0.00 0.00 0.00 0.00 0.00 0.00 0.01 0.01 0.01 0.01 0.01 0.02 0.02 0.01 0.01 0.01 0.02 0.02 0.01 0.01 0.01 0.01 0.00 0.00 0.00 0.01 0.01 0.01 0.02 0.01 0.01 0.01 0.00 0.00 0.00 0.00 0.00 0.00 0.00 0.00 0.00 0.00 0.00
0.00 0.00 0.00 0.00 0.00 0.00 0.00 0.00 0.00 0.00 0.00 0.00 0.00 0.00 0.00 0.00 0.00 0.00 0.00 0.00 0.00 0.00 0.00 0.00 0.00 0.00 0.00 0.00 0.00 0.00 0.00 0.00 0.00 0.00 0.00 0.00 0.00 0.00 0.00 0.00 0.00 0.00 0.00 0.00 0.00 0.00 0.01 0.01 0.01 0.01 0.01 0.02 0.02 0.02 0.02 0.01 0.01 0.02 0.02 0.02 0.01 0.01 0.01 0.00 0.01 0.01 0.01 0.01 0.03 0.02 0.01 0.01 0.01 0.01 0.01 0.00 0.00 0.00 0.00 0.00 0.00 0.00 0.00 0.00
0.00 0.00 0.00 0.00 0.00 0.00 0.00 0.00 0.00 0.00 0.00 0.00 0.00 0.00 0.00 0.00 0.00 0.00 0.00 0.00 0.00 0.00 0.00 0.00 0.00 0.00 0.00 0.00 0.00 0.00 0.00 0.00 0.00 0.00 0.00 0.00 0.00 0.00 0.00 0.00 0.00 0.00 0.00 0.00 0.00 0.00 0.01 0.01 0.01 0.01 0.02 0.02 0.03 0.02 0.02 0.02 0.02 0.02 0.03 0.02 0.02 0.01 0.01 0.01 0.01 0.01 0.01 0.03 0.03 0.02 0.01 0.01 0.01 0.01 0.02 0.01 0.00 0.00 0.00 0.00 0.00 0.00 0.00 0.01
0.00 0.00 0.00 0.00 0.00 0.00 0.00 0.00 0.00 0.00 0.00 0.00 0.00 0.00 0.00 0.00 0.00 0.00 0.00 0.00 0.00 0.00 0.00 0.00 0.00 0.00 0.00 0.00 0.00 0.00 0.00 0.00 0.00 0.00 0.00 0.00 0.00 0.00 0.00 0.00 0.00 0.00 0.00 0.01 0.01 0.01 0.01 0.01 0.01 0.01 0.02 0.02 0.03 0.03 0.02 0.02 0.02 0.02 0.03 0.03 0.02 0.01 0.01 0.01 0.01 0.01 0.01 0.05 0.03 0.02 0.01 0.01 0.01 0.02 0.02 0.01 0.01 0.01 0.01 0.00 0.00 0.00 0.01 0.01
0.00 0.00 0.00 0.00 0.00 0.00 0.00 0.00 0.00 0.00 0.00 0.00 0.00 0.00 0.00 0.00 0.00 0.00 0.00 0.00 0.00 0.00 0.00 0.00 0.00 0.00 0.00 0.00 0.00 0.00 0.00 0.00 0.00 0.00 0.00 0.00 0.00 0.00 0.00 0.00 0.01 0.01 0.01 0.01 0.01 0.01 0.02 0.01 0.01 0.01 0.02 0.02 0.03 0.03 0.03 0.02 0.02 0.03 0.03 0.03 0.02 0.02 0.01 0.01 0.01 0.01 0.02 0.05 0.02 0.01 0.01 0.01 0.01 0.02 0.02 0.01 0.01 0.02 0.01 0.01 0.01 0.01 0.01 0.01
0.00 0.00 0.00 0.00 0.00 0.00 0.00 0.00 0.00 0.00 0.00 0.00 0.00 0.00 0.00 0.00 0.00 0.00 0.00 0.00 0.00 0.00 0.00 0.00 0.00 0.00 0.00 0.00 0.00 0.00 0.00 0.00 0.00 0.00 0.00 0.00 0.00 0.00 0.00 0.01 0.01 0.01 0.01 0.01 0.02 0.01 0.02 0.01 0.01 0.01 0.02 0.02 0.03 0.03 0.03 0.03 0.03 0.03 0.03 0.03 0.02 0.02 0.02 0.01 0.01 0.01 0.01 0.04 0.02 0.01 0.01 0.01 0.02 0.02 0.04 0.02 0.02 0.02 0.01 0.01 0.01 0.01 0.01 0.01
0.00 0.00 0.00 0.00 0.00 0.00 0.00 0.00 0.00 0.00 0.00 0.00 0.00 0.00 0.00 0.00 0.00 0.00 0.00 0.00 0.00 0.00 0.00 0.00 0.00 0.00 0.00 0.00 0.00 0.00 0.00 0.00 0.00 0.00 0.01 0.01 0.01 0.01 0.01 0.01 0.01 0.01 0.01 0.02 0.02 0.02 0.02 0.02 0.01 0.02 0.02 0.02 0.03 0.03 0.03 0.03 0.03 0.03 0.04 0.04 0.03 0.02 0.02 0.01 0.01 0.01 0.01 0.12 0.01 0.01 0.01 0.02 0.02 0.03 0.03 0.03 0.02 0.02 0.01 0.01 0.01 0.02 0.01 0.01
0.00 0.00 0.00 0.00 0.00 0.00 0.00 0.00 0.00 0.00 0.00 0.00 0.00 0.00 0.00 0.00 0.00 0.00 0.00 0.00 0.00 0.00 0.00 0.00 0.00 0.00 0.00 0.00 0.00 0.00 0.00 0.01 0.01 0.01 0.01 0.02 0.01 0.02 0.01 0.01 0.02 0.02 0.02 0.02 0.02 0.02 0.03 0.02 0.02 0.02 0.03 0.05 0.09 0.03 0.03 0.03 0.03 0.03 0.04 0.05 0.03 0.02 0.02 0.01 0.01 0.01 0.01 0.08 0.04 0.01 0.02 0.02 0.02 0.03 0.03 0.03 0.02 0.02 0.01 0.01 0.01 0.02 0.03 0.01
0.00 0.00 0.00 0.00 0.00 0.00 0.00 0.00 0.00 0.00 0.00 0.00 0.00 0.00 0.00 0.00 0.00 0.00 0.00 0.00 0.00 0.00 0.00 0.00 0.00 0.00 0.00 0.00 0.00 0.00 0.01 0.01 0.01 0.01 0.01 0.02 0.02 0.02 0.01 0.01 0.01 0.02 0.02 0.02 0.02 0.02 0.02 0.02 0.02 0.03 0.03 0.03 0.08 0.12 0.09 0.07 0.05 0.05 0.04 0.07 0.05 0.03 0.02 0.02 0.01 0.01 0.01 0.03 0.05 0.04 0.05 0.02 0.02 0.04 0.04 0.03 0.02 0.02 0.01 0.01 0.01 0.04 0.02 0.01
0.00 0.00 0.00 0.00 0.00 0.00 0.00 0.00 0.00 0.00 0.00 0.00 0.00 0.00 0.00 0.00 0.00 0.00 0.00 0.00 0.00 0.00 0.00 0.00 0.00 0.01 0.01 0.01 0.01 0.01 0.01 0.01 0.02 0.01 0.01 0.02 0.03 0.02 0.01 0.01 0.01 0.01 0.02 0.02 0.02 0.02 0.02 0.03 0.03 0.04 0.08 0.01 0.01 0.01 0.05 0.18 0.06 0.05 0.10 0.08 0.13 0.05 0.04 0.06 0.02 0.01 0.01 0.02 0.02 0.06 0.10 0.09 0.06 0.07 0.04 0.03 0.03 0.02 0.02 0.01 0.01 0.02 0.03 0.01
0.00 0.00 0.00 0.00 0.00 0.00 0.00 0.00 0.00 0.00 0.00 0.00 0.00 0.00 0.01 0.01 0.01 0.01 0.01 0.01 0.01 0.01 0.01 0.01 0.01 0.01 0.01 0.02 0.01 0.01 0.01 0.01 0.02 0.01 0.01 0.02 0.04 0.02 0.01 0.01 0.01 0.01 0.01 0.02 0.02 0.03 0.03 0.04 0.03 0.03 0.05 0.05 0.04 0.00 0.02 0.18 0.21 0.00 0.05 0.14 0.14 0.03 0.01 0.10 0.05 0.01 0.00 0.03 0.03 0.01 0.04 0.05 0.08 0.25 0.26 0.03 0.04 0.03 0.03 0.02 0.02 0.03 0.03 0.02
0.00 0.00 0.00 0.00 0.00 0.00 0.00 0.00 0.00 0.00 0.00 0.01 0.01 0.01 0.01 0.01 0.02 0.01 0.01 0.02 0.01 0.01 0.01 0.02 0.01 0.01 0.02 0.01 0.01 0.01 0.01 0.01 0.01 0.01 0.02 0.02 0.04 0.03 0.01 0.01 0.01 0.01 0.01 0.02 0.02 0.03 0.05 0.05 0.07 0.06 0.05 0.04 0.09 0.00 0.02 0.02 0.22 0.01 0.01 0.07 0.23 0.02 0.01 0.01 0.09 0.01 0.01 0.04 0.02 0.03 0.02 0.04 0.01 0.01 0.27 0.22 0.24 0.02 0.03 0.06 0.02 0.02 0.03 0.02
0.00 0.00 0.00 0.00 0.00 0.00 0.00 0.00 0.00 0.00 0.01 0.01 0.01 0.01 0.01 0.02 0.02 0.02 0.01 0.02 0.01 0.01 0.01 0.02 0.02 0.01 0.02 0.02 0.02 0.01 0.01 0.01 0.01 0.01 0.02 0.03 0.04 0.03 0.01 0.01 0.01 0.01 0.01 0.01 0.02 0.03 0.03 0.05 0.08 0.09 0.13 0.15 0.25 0.10 0.07 0.24 0.21 0.01 0.01 0.04 0.32 0.02 0.01 0.01 0.05 0.10 0.01 0.09 0.02 0.03 0.01 0.05 0.03 0.00 0.01 0.01 0.28 0.03 0.06 0.05 0.03 0.02 0.03 0.02
0.00 0.00 0.00 0.00 0.00 0.00 0.00 0.01 0.01 0.01 0.01 0.01 0.01 0.01 0.01 0.03 0.02 0.01 0.01 0.02 0.01 0.01 0.01 0.02 0.02 0.01 0.01 0.02 0.02 0.02 0.02 0.01 0.01 0.02 0.03 0.04 0.04 0.02 0.01 0.01 0.01 0.01 0.01 0.01 0.02 0.01 0.02 0.02 0.02 0.01 0.01 0.01 0.02 0.13 0.11 0.11 0.22 0.04 0.01 0.04 0.16 0.17 0.15 0.01 0.08 0.05 0.01 0.04 0.08 0.03 0.02 0.04 0.06 0.01 0.01 0.01 0.51 0.06 0.05 0.04 0.03 0.03 0.03 0.02
0.00 0.00 0.00 0.00 0.00 0.00 0.01 0.01 0.01 0.01 0.01 0.02 0.01 0.01 0.01 0.03 0.02 0.01 0.02 0.02 0.01 0.02 0.02 0.03 0.02 0.01 0.02 0.02 0.02 0.02 0.02 0.02 0.03 0.02 0.04 0.04 0.03 0.02 0.02 0.01 0.01 0.01 0.01 0.01 0.01 0.01 0.01 0.01 0.01 0.01 0.01 0.01 0.01 0.01 0.07 0.14 0.37 0.43 0.01 0.01 0.07 0.20 0.55 0.13 0.15 0.11 0.01 0.03 0.11 0.02 0.04 0.02 0.09 0.02 0.02 0.01 0.52 0.05 0.01 0.05 0.04 0.03 0.02 0.02
0.00 0.00 0.00 0.00 0.00 0.01 0.01 0.01 0.01 0.01 0.01 0.02 0.02 0.02 0.02 0.02 0.03 0.03 0.04 0.02 0.01 0.01 0.02 0.03 0.02 0.01 0.01 0.01 0.02 0.02 0.02 0.02 0.05 0.03 0.04 0.04 0.03 0.02 0.01 0.01 0.01 0.01 0.01 0.01 0.02 0.02 0.01 0.01 0.01 0.01 0.01 0.01 0.01 0.01 0.01 0.02 0.03 0.39 0.40 0.01 0.03 0.04 0.07 0.43 0.13 0.17 0.14 0.03 0.09 0.01 0.04 0.04 0.06 0.07 0.02 0.01 0.26 0.01 0.01 0.07 0.03 0.04 0.02 0.02
0.00 0.00 0.00 0.00 0.01 0.01 0.01 0.02 0.03 0.01 0.01 0.02 0.02 0.02 0.02 0.03 0.03 0.04 0.07 0.02 0.01 0.01 0.02 0.03 0.03 0.01 0.01 0.01 0.02 0.02 0.02 0.03 0.11 0.04 0.04 0.03 0.03 0.02 0.01 0.01 0.02 0.02 0.01 0.02 0.02 0.02 0.03 0.03 0.01 0.01 0.02 0.01 0.01 0.01 0.01 0.01 0.02 0.02 0.47 0.48 0.03 0.01 0.05 0.04 0.16 0.13 0.21 0.17 0.12 0.01 0.02 0.04 0.10 0.11 0.04 0.03 0.44 0.01 0.01 0.06 0.14 0.12 0.05 0.02
0.00 0.00 0.00 0.01 0.02 0.01 0.01 0.02 0.02 0.02 0.01 0.02 0.02 0.02 0.02 0.03 0.03 0.05 0.07 0.03 0.02 0.01 0.02 0.02 0.03 0.02 0.02 0.02 0.02 0.02 0.02 0.03 0.08 0.17 0.04 0.03 0.03 0.06 0.02 0.01 0.01 0.02 0.02 0.01 0.01 0.03 0.04 0.08 0.01 0.01 0.02 0.02 0.01 0.02 0.02 0.01 0.01 0.01 0.02 0.46 0.39 0.01 0.01 0.01 0.09 0.18 0.23 0.30 0.46 0.40 0.01 0.02 0.18 0.10 0.05 0.10 0.47 0.01 0.01 0.11 0.12 0.03 0.03 0.04
0.00 0.00 0.01 0.02 0.01 0.01 0.01 0.02 0.02 0.03 0.02 0.01 0.01 0.02 0.03 0.04 0.04 0.04 0.05 0.05 0.02 0.01 0.02 0.02 0.03 0.02 0.02 0.02 0.02 0.02 0.02 0.02 0.04 0.14 0.10 0.02 0.05 0.04 0.01 0.01 0.01 0.05 0.03 0.02 0.01 0.01 0.03 0.11 0.09 0.03 0.02 0.02 0.02 0.02 0.04 0.06 0.01 0.01 0.01 0.02 0.46 0.59 0.01 0.01 0.01 0.01 0.02 0.01 0.02 0.34 0.53 0.01 0.01 0.08 0.04 0.02 0.47 0.36 0.37 0.13 0.05 0.02 0.03 0.02
0.00 0.00 0.00 0.02 0.01 0.01 0.01 0.02 0.02 0.03 0.02 0.02 0.01 0.02 0.01 0.00 0.04 0.06 0.06 0.10 0.01 0.01 0.02 0.03 0.04 0.05 0.02 0.02 0.03 0.02 0.03 0.03 0.03 0.05 0.14 0.08 0.05 0.03 0.01 0.01 0.01 0.07 0.03 0.01 0.01 0.01 0.01 0.02 0.05 0.06 0.04 0.02 0.03 0.02 0.02 0.06 0.08 0.01 0.01 0.01 0.02 0.58 0.45 0.02 0.01 0.02 0.02 0.03 0.01 0.01 0.40 0.41 0.03 0.04 0.04 0.07 0.02 0.01 0.42 0.48 0.04 0.03 0.03 0.02
0.00 0.00 0.00 0.01 0.01 0.01 0.01 0.02 0.02 0.03 0.02 0.02 0.01 0.02 0.02 0.01 0.01 0.04 0.05 0.16 0.09 0.01 0.01 0.05 0.04 0.04 0.01 0.03 0.05 0.06 0.05 0.05 0.04 0.04 0.20 0.04 0.03 0.02 0.01 0.01 0.02 0.05 0.07 0.01 0.01 0.01 0.01 0.01 0.04 0.06 0.14 0.15 0.02 0.02 0.02 0.01 0.09 0.22 0.01 0.01 0.01 0.02 0.63 0.47 0.01 0.01 0.01 0.02 0.05 0.02 0.02 0.55 0.39 0.03 0.02 0.03 0.06 0.01 0.01 0.40 0.06 0.03 0.03 0.03
0.00 0.00 0.00 0.01 0.01 0.02 0.02 0.04 0.03 0.02 0.02 0.02 0.03 0.01 0.02 0.01 0.01 0.01 0.03 0.12 0.39 0.10 0.10 0.10 0.04 0.03 0.01 0.01 0.01 0.01 0.04 0.08 0.16 0.09 0.30 0.05 0.03 0.02 0.01 0.01 0.02 0.04 0.09 0.01 0.01 0.00 0.01 0.01 0.01 0.01 0.01 0.13 0.19 0.01 0.02 0.02 0.01 0.09 0.12 0.13 0.01 0.01 0.02 0.60 0.53 0.01 0.01 0.02 0.01 0.01 0.01 0.02 0.48 0.03 0.01 0.01 0.07 0.07 0.04 0.38 0.10 0.03 0.04 0.03
0.00 0.01 0.01 0.01 0.02 0.02 0.03 0.05 0.05 0.03 0.02 0.02 0.02 0.02 0.03 0.01 0.01 0.01 0.01 0.01 0.01 0.10 0.23 0.30 0.03 0.02 0.01 0.01 0.01 0.01 0.01 0.01 0.01 0.05 0.36 0.31 0.03 0.02 0.01 0.01 0.02 0.04 0.16 0.02 0.01 0.01 0.01 0.01 0.01 0.01 0.01 0.01 0.18 0.02 0.01 0.02 0.02 0.02 0.01 0.20 0.01 0.01 0.01 0.01 0.57 0.73 0.42 0.32 0.27 0.22 0.01 0.01 0.28 0.33 0.02 0.01 0.01 0.01 0.01 0.73 0.02 0.03 0.02 0.02
0.00 0.01 0.02 0.03 0.03 0.03 0.03 0.04 0.06 0.05 0.03 0.03 0.03 0.03 0.07 0.02 0.01 0.01 0.01 0.01 0.01 0.01 0.01 0.31 0.31 0.02 0.01 0.01 0.01 0.01 0.01 0.01 0.02 0.03 0.02 0.63 0.32 0.02 0.01 0.01 0.01 0.15 0.12 0.01 0.01 0.01 0.01 0.03 0.03 0.02 0.02 0.02 0.27 0.02 0.01 0.02 0.02 0.02 0.02 0.11 0.24 0.01 0.01 0.00 0.01 0.02 0.21 0.47 0.46 0.41 0.47 0.46 0.53 0.75 1.05 1.05 0.01 0.01 0.01 0.65 0.75 0.03 0.03 0.03
0.01 0.01 0.01 0.01 0.02 0.03 0.04 0.05 0.07 0.09 0.12 0.11 0.11 0.02 0.04 0.06 0.01 0.01 0.01 0.01 0.01 0.01 0.01 0.01 0.34 0.03 0.01 0.01 0.01 0.01 0.02 0.03 0.03 0.03 0.03 0.03 0.48 0.01 0.01 0.01 0.09 0.12 0.01 0.01 0.02 0.02 0.01 0.01 0.01 0.03 0.06 0.04 0.12 0.13 0.01 0.01 0.02 0.02 0.03 0.02 0.15 0.26 0.01 0.01 0.01 0.01 0.02 0.02 0.01 0.02 0.01 0.01 0.02 0.02 0.02 1.03 0.75 0.01 0.01 0.01 0.64 0.03 0.02 0.02
0.00 0.01 0.01 0.01 0.02 0.02 0.06 0.08 0.07 0.04 0.03 0.10 0.27 0.28 0.30 0.03 0.04 0.01 0.02 0.01 0.01 0.01 0.01 0.02 0.34 0.33 0.01 0.01 0.01 0.01 0.01 0.02 0.04 0.06 0.05 0.03 0.36 0.38 0.01 0.01 0.20 0.04 0.01 0.01 0.03 0.02 0.01 0.01 0.01 0.01 0.01 0.03 0.09 0.15 0.10 0.02 0.01 0.02 0.02 0.03 0.01 0.11 0.11 0.01 0.02 0.01 0.01 0.01 0.01 0.02 0.02 0.01 0.02 0.03 0.02 0.03 0.76 0.92 0.92 0.00 0.64 0.66 0.02 0.01
0.00 0.00 0.01 0.01 0.01 0.01 0.01 0.03 0.03 0.01 0.01 0.02 0.02 0.02 0.24 0.35 0.42 0.03 0.02 0.01 0.01 0.01 0.01 0.01 0.01 0.34 0.02 0.01 0.01 0.01 0.01 0.01 0.01 0.01 0.04 0.04 0.02 0.49 0.02 0.01 0.13 0.04 0.01 0.01 0.04 0.03 0.01 0.01 0.01 0.01 0.02 0.02 0.04 0.26 0.12 0.10 0.01 0.02 0.02 0.02 0.02 0.07 0.29 0.01 0.03 0.01 0.03 0.01 0.00 0.01 0.03 0.04 0.03 0.02 0.02 0.02 0.02 0.02 0.92 0.89 0.01 0.82 0.03 0.01
0.00 0.00 0.01 0.01 0.01 0.01 0.01 0.01 0.02 0.03 0.02 0.02 0.02 0.03 0.02 0.02 0.32 0.38 0.39 0.02 0.02 0.01 0.01 0.01 0.01 0.45 0.02 0.01 0.01 0.01 0.02 0.01 0.01 0.01 0.03 0.05 0.05 0.41 0.02 0.01 0.14 0.03 0.02 0.01 0.05 0.03 0.02 0.02 0.01 0.01 0.02 0.03 0.06 0.09 0.23 0.09 0.02 0.01 0.02 0.03 0.03 0.14 0.09 0.01 0.06 0.05 0.04 0.02 0.01 0.01 0.01 0.01 0.04 0.09 0.04 0.04 0.03 0.02 0.02 0.79 1.14 0.74 0.83 0.01
0.00 0.00 0.00 0.00 0.01 0.01 0.01 0.02 0.02 0.02 0.03 0.03 0.03 0.03 0.02 0.03 0.03 0.03 0.40 0.78 0.41 0.01 0.01 0.01 0.02 0.28 0.13 0.01 0.01 0.01 0.02 0.02 0.01 0.02 0.02 0.02 0.02 0.51 0.41 0.01 0.13 0.02 0.02 0.01 0.06 0.02 0.04 0.01 0.01 0.02 0.01 0.01 0.01 0.05 0.18 0.22 0.02 0.01 0.02 0.04 0.04 0.09 0.15 0.01 0.12 0.04 0.01 0.01 0.03 0.03 0.03 0.01 0.01 0.02 0.01 0.01 0.01 0.01 0.01 0.01 0.02 0.75 1.20 1.20
0.00 0.00 0.00 0.00 0.01 0.01 0.01 0.01 0.01 0.01 0.01 0.01 0.03 0.04 0.05 0.04 0.03 0.02 0.02 0.02 0.35 0.97 0.57 0.01 0.01 0.27 0.27 0.02 0.01 0.01 0.09 0.03 0.03 0.04 0.02 0.02 0.02 0.02 0.40 0.58 0.64 0.02 0.03 0.01 0.06 0.02 0.04 0.02 0.02 0.03 0.01 0.01 0.01 0.05 0.10 0.38 0.02 0.01 0.02 0.03 0.06 0.10 0.24 0.04 0.07 0.01 0.01 0.01 0.01 0.03 0.07 0.07 0.01 0.01 0.01 0.01 0.01 0.03 0.01 0.01 0.01 0.03 0.04 1.11
0.00 0.00 0.00 0.00 0.00 0.01 0.01 0.01 0.01 0.01 0.01 0.02 0.03 0.02 0.03 0.01 0.01 0.02 0.02 0.02 0.01 0.01 0.32 0.48 0.45 0.07 0.22 0.23 0.18 0.01 0.01 0.05 0.01 0.02 0.03 0.03 0.02 0.01 0.01 0.01 0.36 0.48 0.01 0.02 0.06 0.01 0.03 0.04 0.01 0.05 0.01 0.02 0.01 0.01 0.01 0.50 0.24 0.01 0.02 0.01 0.01 0.20 0.14 0.04 0.11 0.02 0.01 0.02 0.01 0.01 0.01 0.05 0.04 0.05 0.02 0.02 0.08 0.04 0.01 0.01 0.01 0.03 0.04 0.03
0.00 0.00 0.00 0.00 0.01 0.01 0.02 0.01 0.02 0.03 0.04 0.04 0.04 0.01 0.01 0.01 0.01 0.01 0.01 0.01 0.01 0.01 0.01 0.01 0.55 0.60 0.68 0.01 0.19 0.01 0.01 0.04 0.03 0.02 0.02 0.04 0.01 0.01 0.02 0.02 0.21 0.60 0.01 0.02 0.11 0.01 0.03 0.05 0.01 0.04 0.07 0.02 0.02 0.01 0.01 0.02 0.32 0.33 0.32 0.02 0.01 0.20 0.21 0.04 0.03 0.09 0.06 0.02 0.02 0.01 0.01 0.03 0.05 0.05 0.07 0.04 0.04 0.05 0.01 0.01 0.03 0.06 0.03 0.02
0.00 0.00 0.00 0.00 0.01 0.01 0.02 0.05 0.05 0.03 0.03 0.06 0.07 0.06 0.05 0.02 0.01 0.01 0.01 0.08 0.14 0.19 0.01 0.01 0.01 0.09 0.45 0.66 0.65 0.65 0.01 0.03 0.03 0.02 0.03 0.05 0.06 0.01 0.01 0.01 0.01 0.60 0.55 0.49 0.49 0.64 0.65 0.66 0.01 0.02 0.04 0.04 0.08 0.01 0.03 0.01 0.01 0.02 0.28 0.49 0.01 0.01 0.55 0.04 0.02 0.01 0.07 0.08 0.09 0.01 0.02 0.03 0.04 0.07 0.14 0.03 0.03 0.05 0.03 0.02 0.03 0.10 0.01 0.01
0.00 0.00 0.00 0.00 0.01 0.01 0.01 0.02 0.02 0.01 0.01 0.03 0.06 0.09 0.10 0.16 0.16 0.20 0.22 0.19 0.13 0.32 0.25 0.27 0.31 0.25 0.14 0.06 0.06 0.77 0.98 0.75 0.86 0.72 0.89 1.03 1.04 0.91 0.01 0.01 0.01 0.01 0.01 0.01 0.01 0.01 0.01 0.51 0.01 0.02 0.03 0.04 0.05 0.05 0.03 0.03 0.02 0.01 0.01 0.18 0.23 0.01 0.21 0.02 0.03 0.01 0.01 0.04 0.08 0.13 0.09 0.06 0.07 0.05 0.16 0.27 0.02 0.03 0.03 0.03 0.02 0.02 0.03 0.02
0.00 0.00 0.00 0.00 0.00 0.01 0.01 0.01 0.02 0.05 0.06 0.06 0.05 0.04 0.12 0.09 0.11 0.06 0.04 0.03 0.03 0.03 0.03 0.03 0.04 0.03 0.03 0.06 0.05 0.03 0.04 0.09 0.07 0.07 0.03 0.02 0.06 0.86 1.68 1.66 0.01 0.01 0.01 0.02 0.01 0.01 0.02 0.62 0.01 0.03 0.02 0.02 0.04 0.08 0.04 0.04 0.04 0.03 0.02 0.09 0.45 0.13 0.14 0.11 0.03 0.01 0.01 0.03 0.04 0.04 0.07 0.07 0.07 0.06 0.05 0.19 0.15 0.17 0.02 0.02 0.02 0.01 0.02 0.02
