FLAN_project_Versions/WMS_Files/Flan_Onboarding_V1/S_Waiehu_Soils_Mapped_0p2.ele
north: 2315415.910359
south: 2312265.910359
east: 760735.886964
west: 753485.886964
rows: 63
cols: 145
[rows 26 to 51 of 63, columns 0 to 58 of 145]
0.000000 0.000000 0.000000 0.000000 0.000000 0.000000 0.000000 0.000000 0.000000 0.000000 0.000000 0.000000 0.000000 0.000000 0.000000 0.000000 0.000000 0.000000 0.000000 0.000000 0.000000 0.000000 1079.371704 1063.287964 1048.375732 1032.667969 1012.938843 987.621277 967.381287 943.759521 909.588989 876.238403 847.945129 806.558228 770.538513 729.306396 689.853088 634.471252 581.201843 545.122314 519.804504 480.220032 449.099915 449.521820 424.424194 439.927094 499.160126 535.501587 519.258362 471.563904 442.938446 426.823059 386.665802 361.132599 340.006531 335.059540 330.112518 321.043274 318.982147
0.000000 0.000000 0.000000 0.000000 0.000000 0.000000 0.000000 0.000000 0.000000 0.000000 0.000000 0.000000 0.000000 0.000000 0.000000 0.000000 0.000000 0.000000 0.000000 0.000000 0.000000 0.000000 1057.661865 1031.734009 1021.614746 1001.518066 977.625610 955.748596 940.430603 907.706909 872.547485 836.302246 808.966125 780.190796 732.597900 677.560669 644.382263 592.001953 559.530212 520.205750 492.080444 399.669189 398.787323 397.905426 397.023529 396.141663 395.259766 394.377899 485.468018 438.944702 399.248810 374.887421 363.018188 342.500610 341.253571 350.223999 325.165527 323.104401 350.261230
0.000000 0.000000 0.000000 0.000000 0.000000 0.000000 0.000000 0.000000 0.000000 0.000000 0.000000 0.000000 0.000000 0.000000 0.000000 0.000000 0.000000 0.000000 0.000000 0.000000 0.000000 1045.863892 1021.351501 998.772949 974.410400 965.141113 939.346069 914.003418 892.426575 868.317444 829.890869 794.951660 752.678101 734.003235 694.175049 642.206360 593.971313 551.174622 514.521606 456.354034 404.109131 400.551086 474.207855 511.987091 473.202728 433.143066 398.692169 393.496002 391.993958 417.976929 379.442566 361.717377 348.547302 343.747650 402.694977 383.639587 376.806915 393.218628 391.815277
0.000000 0.000000 0.000000 0.000000 0.000000 0.000000 0.000000 0.000000 0.000000 0.000000 0.000000 0.000000 0.000000 0.000000 0.000000 0.000000 0.000000 0.000000 0.000000 0.000000 1035.190918 1003.310425 976.826111 959.691956 938.012024 918.270264 897.348816 873.785522 839.367981 807.679932 771.797485 746.235840 716.168152 697.092346 660.136597 607.103027 557.640930 492.299133 413.992157 413.914154 413.836151 492.518463 542.621277 562.621338 521.860107 475.192535 445.644257 418.379639 390.491913 388.989899 384.472961 389.503387 404.492554 419.397736 438.900909 428.552673 429.700500 441.380005 428.372864
0.000000 0.000000 0.000000 0.000000 0.000000 0.000000 0.000000 0.000000 0.000000 0.000000 0.000000 0.000000 0.000000 0.000000 0.000000 0.000000 0.000000 0.000000 0.000000 1039.791382 993.779419 959.103821 921.687622 902.415222 877.931396 866.511353 857.221741 828.088989 781.097229 735.733704 704.517273 696.337463 684.546265 658.307434 619.294495 577.754272 512.649597 414.148163 414.070160 486.968689 531.249878 549.695740 586.891479 604.500854 561.903992 525.205017 478.126465 447.819611 428.780151 393.506805 398.150848 441.653503 455.933350 468.810120 484.559418 471.871582 453.854645 429.591675 418.600372
0.000000 0.000000 0.000000 0.000000 0.000000 0.000000 0.000000 0.000000 0.000000 0.000000 0.000000 0.000000 0.000000 0.000000 0.000000 0.000000 0.000000 0.000000 0.000000 1013.041199 949.437561 884.030762 835.132019 799.879639 792.398926 794.145691 812.118042 759.305664 719.088257 687.050110 657.622864 637.382813 619.759949 578.050293 534.390320 440.531311 414.304169 414.226166 514.420166 554.949768 578.375977 594.182800 629.610901 644.697693 609.738647 571.894714 544.686462 502.576721 470.040039 453.599609 453.236420 492.782654 514.759399 501.576630 470.846497 435.749756 418.729492 394.687927 369.654510
0.000000 0.000000 0.000000 0.000000 0.000000 0.000000 0.000000 0.000000 0.000000 0.000000 0.000000 0.000000 0.000000 0.000000 0.000000 0.000000 0.000000 0.000000 1054.724243 990.764587 906.900879 838.601685 791.361511 758.973633 751.762878 725.194885 763.035217 729.388672 690.911438 641.124634 612.756348 584.237671 521.374329 501.322021 492.985565 466.758423 502.717194 533.981323 557.255859 586.219788 620.438477 638.492981 671.058716 680.110962 652.254395 613.204285 581.710571 545.971497 531.601440 519.632141 522.302673 539.287170 519.851746 480.846680 432.024689 404.288422 382.553467 362.919464 340.619568
0.000000 0.000000 0.000000 0.000000 0.000000 0.000000 0.000000 0.000000 0.000000 0.000000 0.000000 0.000000 0.000000 0.000000 0.000000 0.000000 0.000000 0.000000 1042.593018 982.813171 898.318604 808.751282 781.900574 752.403320 718.404358 685.860596 703.011047 693.427612 667.939331 594.005188 532.884277 523.857117 517.994873 509.658447 532.882080 563.188782 576.753479 579.998657 596.973145 628.320862 659.055176 691.463074 711.400635 705.840332 683.072632 652.094727 620.448242 595.760681 583.605408 578.225220 576.666626 548.594360 497.938110 450.003387 405.987274 372.689209 347.584778 334.221680 315.114105
0.000000 0.000000 0.000000 0.000000 0.000000 0.000000 0.000000 0.000000 0.000000 0.000000 0.000000 0.000000 0.000000 0.000000 0.000000 0.000000 0.000000 1079.900024 1033.640991 974.774475 909.067810 832.390625 787.376160 754.577332 718.225159 684.154480 664.869751 637.732483 581.915100 540.165039 536.524658 537.055054 550.252991 573.366333 604.818604 613.864929 621.968018 627.549377 647.745483 677.606384 705.645813 726.416321 736.337524 732.358948 707.796631 687.080750 664.563721 642.775818 632.901978 592.007629 553.656006 522.593079 491.124695 424.679474 380.439697 343.564972 324.270233 303.610687 296.400269
0.000000 0.000000 0.000000 0.000000 0.000000 0.000000 0.000000 0.000000 0.000000 0.000000 0.000000 0.000000 0.000000 0.000000 0.000000 0.000000 0.000000 1067.197266 1016.494751 957.344482 914.138916 842.414978 784.735535 763.521240 729.372437 697.740967 662.719177 625.784424 579.941467 543.805420 563.550354 588.591125 619.743713 645.605408 659.906982 658.191406 665.531311 680.539795 700.749207 725.506409 747.595276 763.517578 762.093750 741.899048 722.606323 709.012146 693.978333 663.106384 633.938232 584.567444 545.081726 491.243042 431.944641 382.357086 345.215424 309.629852 309.172241 308.714630 318.571381
0.000000 0.000000 0.000000 0.000000 0.000000 0.000000 0.000000 0.000000 0.000000 0.000000 0.000000 0.000000 0.000000 0.000000 0.000000 0.000000 1103.657471 1056.638062 1006.579956 951.241455 921.643005 881.228882 840.223206 791.673523 755.864563 716.520813 679.788574 635.278870 635.425110 651.576904 666.575134 681.726929 711.199036 711.241516 722.016357 720.742676 725.877625 735.155640 754.717773 771.951416 773.390747 759.945374 733.750000 706.609985 674.713074 660.380005 663.248901 647.809814 597.829346 573.360962 543.195984 508.571747 438.276123 369.125732 310.545074 310.087463 321.727539 339.926941 378.339142
0.000000 0.000000 0.000000 0.000000 0.000000 0.000000 0.000000 0.000000 0.000000 0.000000 0.000000 0.000000 0.000000 0.000000 0.000000 0.000000 1107.786133 1051.349731 997.997864 947.356384 930.064453 930.683472 908.349609 855.154541 794.129639 742.750977 712.107910 702.037170 696.729614 704.102417 717.028198 729.875732 755.350464 769.094421 776.352539 776.562012 776.477783 769.248596 768.694336 756.777466 732.861145 720.240295 696.203857 658.113831 627.533020 608.890259 617.520386 618.289551 587.883240 528.124146 482.809082 437.450867 419.581207 370.119446 311.002686 322.462280 352.717316 380.654510 430.492462
0.000000 0.000000 0.000000 0.000000 0.000000 0.000000 0.000000 0.000000 0.000000 0.000000 0.000000 0.000000 0.000000 0.000000 0.000000 0.000000 1118.178345 1071.374146 1008.216003 941.911682 936.347168 969.389771 971.760010 936.763977 872.638428 800.358643 775.045471 754.869934 750.580688 760.603882 772.769104 771.510742 797.771057 793.457825 773.499084 752.607361 733.297302 718.103821 720.926514 714.894409 687.835083 668.536804 653.529053 614.837524 573.718750 549.444336 553.235596 558.558289 562.752991 512.460205 437.094849 392.984589 353.905396 338.769592 311.460327 330.862305 377.914307 447.955994 451.209106
0.000000 0.000000 0.000000 0.000000 0.000000 0.000000 0.000000 0.000000 0.000000 0.000000 0.000000 0.000000 0.000000 0.000000 0.000000 0.000000 1120.150146 1078.131836 1024.315308 966.770203 967.732605 1027.904907 1022.069214 998.327820 950.422180 886.260071 852.170776 833.221680 827.235229 832.974854 832.339417 831.877075 790.772705 736.957458 714.473206 678.028076 663.917847 653.019836 663.418213 656.581360 639.099365 625.611633 607.501770 578.980957 522.008850 497.600647 483.247375 492.587891 493.238556 482.454010 325.400818 324.592743 323.784637 312.375549 311.917938 349.909882 410.013611 482.089600 462.386505
0.000000 0.000000 0.000000 0.000000 0.000000 0.000000 0.000000 0.000000 0.000000 0.000000 0.000000 0.000000 0.000000 0.000000 0.000000 0.000000 1136.915649 1090.622192 1034.361450 985.209839 1016.418274 1069.902344 1072.060303 1038.173706 999.876221 953.639282 926.081177 901.115784 893.785339 885.837891 856.471985 815.268188 759.930237 705.020264 654.948181 618.957520 597.070557 594.324707 603.962463 588.622253 577.578003 563.828247 548.039368 522.144226 496.063843 433.365631 400.348297 383.787720 400.888123 385.952271 326.208923 332.132813 325.033295 354.245880 363.102020 410.722992 443.263611 511.204803 493.992737
0.000000 0.000000 0.000000 0.000000 0.000000 0.000000 0.000000 0.000000 0.000000 0.000000 0.000000 0.000000 0.000000 0.000000 0.000000 0.000000 1145.046753 1093.579712 1031.615723 1025.733398 1062.344238 1107.621094 1103.180786 1074.811646 1042.420898 1009.082886 977.874329 944.608032 901.363953 871.503967 827.627991 783.400208 726.612244 665.944702 594.627625 549.468750 534.167542 518.471558 526.720642 508.623596 508.455566 509.455017 485.682831 477.686005 450.632355 394.300293 330.249390 329.441315 328.633209 327.825104 327.017029 339.232330 359.069427 417.684692 436.752777 472.762543 488.135956 542.183655 540.205139
0.000000 0.000000 0.000000 0.000000 0.000000 0.000000 0.000000 0.000000 0.000000 0.000000 0.000000 0.000000 0.000000 0.000000 0.000000 1193.849121 1150.329468 1096.758789 1050.026611 1082.416748 1110.743896 1141.814941 1112.083374 1076.291870 1041.207275 998.822632 954.703247 909.220886 870.007263 824.026550 804.609070 750.763550 693.724487 612.473267 514.108093 479.349701 458.817230 449.558807 452.310333 434.681885 427.104004 429.633911 411.746216 404.986053 379.258087 334.056000 331.057495 402.075989 418.943542 401.157257 382.960022 405.480225 434.933441 482.569672 501.811615 517.880371 529.782715 577.446777 594.571716
0.000000 0.000000 0.000000 0.000000 0.000000 0.000000 0.000000 0.000000 0.000000 0.000000 0.000000 0.000000 0.000000 0.000000 0.000000 1205.087036 1165.981201 1104.895630 1089.793335 1127.628174 1156.183350 1135.825562 1095.053955 1044.965454 1006.248169 963.498718 918.513306 864.208008 832.937073 801.435364 768.014038 701.549744 638.595642 559.646484 463.763763 427.206024 402.413757 391.210388 385.097443 376.629395 361.348236 353.003967 350.858917 348.713898 340.052979 337.054474 468.079193 478.520050 489.274139 471.238647 469.769440 481.023743 511.940918 533.568787 537.201233 556.400269 583.663696 617.597595 628.978516
0.000000 0.000000 0.000000 0.000000 0.000000 0.000000 0.000000 0.000000 0.000000 0.000000 0.000000 0.000000 0.000000 0.000000 1214.197876 1177.481445 1137.117065 1119.997803 1135.100098 1167.979126 1151.116821 1113.265015 1069.915283 1020.892029 970.556030 945.531311 889.313110 833.817139 784.517761 723.055603 712.023682 654.320557 593.939880 517.037292 397.285339 394.733398 393.887939 393.042450 394.874542 403.830841 392.306396 392.629059 376.022034 383.048615 438.911377 484.082916 516.847412 510.054657 545.746521 531.401978 542.017090 543.798218 560.296204 573.583496 577.580688 607.832581 634.776123 655.776489 654.032837
0.000000 0.000000 0.000000 0.000000 0.000000 0.000000 0.000000 0.000000 0.000000 0.000000 0.000000 0.000000 0.000000 0.000000 1193.653198 1164.026611 1150.571899 1160.722656 1178.613525 1164.277100 1116.847168 1072.389893 1024.193970 990.261719 943.419556 917.259888 874.494263 817.654236 746.184631 701.157837 668.512329 628.565063 555.586304 491.826843 399.837280 409.237305 481.996643 514.505127 526.737427 519.255798 488.584198 481.373230 485.184204 489.791656 526.572693 565.253723 573.055664 551.720947 585.868408 579.686523 589.874329 586.494202 597.107483 610.873413 637.128906 652.693542 0.000000 0.000000 0.000000
0.000000 0.000000 0.000000 0.000000 0.000000 0.000000 0.000000 0.000000 0.000000 0.000000 0.000000 0.000000 1227.811646 1202.337524 1183.777710 1173.902222 1210.913208 1213.455444 1192.315063 1139.943481 1082.044800 1027.523682 982.979370 946.285828 924.365112 891.740784 854.727844 804.546631 725.322815 668.438354 635.573242 578.269165 523.693665 404.941132 402.389221 540.275146 570.521301 577.568481 577.228271 566.005432 556.335693 567.736633 567.801758 583.640991 612.471252 618.539856 622.314026 586.099670 613.174500 627.772461 632.334961 628.486450 646.862244 662.976807 0.000000 0.000000 0.000000 0.000000 0.000000
0.000000 0.000000 0.000000 0.000000 0.000000 0.000000 0.000000 0.000000 0.000000 0.000000 0.000000 0.000000 1222.632080 1209.326782 1214.744263 1228.601807 1253.136719 1220.306763 1176.904297 1116.776489 1053.869629 993.164551 942.965393 903.960693 882.143677 859.410461 827.405640 738.937866 640.685669 581.523499 548.916565 522.226929 410.045013 407.493073 525.696655 575.434326 636.038086 635.933289 638.309814 628.821716 614.800232 623.158325 625.139709 625.174744 641.441711 664.935852 660.487427 640.731506 655.014343 675.357178 684.056519 684.726929 0.000000 0.000000 0.000000 0.000000 0.000000 0.000000 0.000000
0.000000 0.000000 0.000000 0.000000 0.000000 0.000000 0.000000 0.000000 0.000000 0.000000 0.000000 1272.848755 1231.279297 1232.052856 1257.990479 1272.609619 1255.653931 1218.741821 1167.040283 1097.265625 1034.281372 972.913574 921.260071 866.672424 823.627930 814.035217 780.998474 669.957458 582.731750 536.672913 513.355652 461.165894 435.605438 526.548645 578.651855 635.901978 690.290222 689.923096 691.403503 679.737305 654.954102 664.877441 673.645020 668.913208 677.222290 698.409180 697.509827 695.216919 704.627625 726.929749 0.000000 0.000000 0.000000 0.000000 0.000000 0.000000 0.000000 0.000000 0.000000
0.000000 0.000000 0.000000 0.000000 0.000000 0.000000 0.000000 0.000000 0.000000 0.000000 1266.631592 1257.383057 1253.180908 1273.737793 1298.864136 1268.330566 1225.085083 1204.830933 1157.994141 1101.683838 1029.299683 971.570618 920.254639 867.944092 836.617798 794.091370 744.526733 638.039734 524.828308 490.947174 482.043579 471.604736 508.691376 575.837402 644.302490 698.191345 736.092896 738.981018 743.404724 710.802856 704.328613 713.559143 706.166992 710.215271 717.992249 735.626587 741.401672 752.962036 756.779907 0.000000 0.000000 0.000000 0.000000 0.000000 0.000000 0.000000 0.000000 0.000000 0.000000
0.000000 0.000000 0.000000 0.000000 0.000000 0.000000 0.000000 0.000000 0.000000 1309.939941 1275.880127 1285.128662 1305.463379 1324.601929 1317.426147 1278.285889 1240.155029 1213.216309 1157.162964 1096.239746 1029.833496 960.451050 894.822205 821.774048 814.746765 786.080627 739.879944 664.196289 554.787354 499.683380 508.419617 534.795654 582.071106 637.041687 692.504395 752.775879 779.189026 786.112122 784.052734 759.842468 750.123352 759.992493 747.386414 742.985779 752.531433 782.437805 788.225037 0.000000 0.000000 0.000000 0.000000 0.000000 0.000000 0.000000 0.000000 0.000000 0.000000 0.000000 0.000000
0.000000 0.000000 0.000000 0.000000 0.000000 0.000000 0.000000 0.000000 1352.583984 1301.079834 1287.210449 1325.000366 1347.676758 1342.292480 1310.694214 1284.840088 1256.263184 1210.270386 1151.976807 1091.431396 1029.085571 979.066040 910.081970 831.137817 811.859253 789.659058 757.895142 708.393677 627.655640 545.493103 585.220398 618.890808 661.248474 702.750366 759.846863 789.108521 821.814941 830.477661 805.506470 801.385132 785.483887 791.309814 800.729248 794.812317 808.426819 827.388000 0.000000 0.000000 0.000000 0.000000 0.000000 0.000000 0.000000 0.000000 0.000000 0.000000 0.000000 0.000000 0.000000
