FLAN_project_Versions/WMS_Files/Flan_Onboarding_V1/S_Waiehu_Soils_Mapped_0p2.ele
north: 2315415.910359
south: 2312265.910359
east: 760735.886964
west: 753485.886964
rows: 63
cols: 145
[rows 26 to 51 of 63, columns 59 to 117 of 145]
310.711517 305.989990 308.577789 290.671936 279.286377 278.244385 302.091217 289.125153 279.575775 275.297485 274.440277 287.549255 296.618164 281.124725 263.476898 248.975433 238.129517 240.371765 234.090927 231.755508 229.070816 228.547699 223.270065 203.394043 200.903992 196.936295 196.812759 196.689209 194.816925 190.657028 188.134949 178.378052 170.572449 160.518478 156.641800 152.067291 149.907043 147.746780 150.811356 152.158417 154.516083 155.297546 151.520523 150.450806 143.031479 131.750397 126.361809 120.741631 112.188293 105.458672 104.640579 114.160606 112.910057 104.159088 98.303726 93.370872 88.582535 83.027573 79.533791
336.228699 303.402222 300.814423 295.743195 313.798676 324.851593 334.585541 321.626862 318.133789 316.501038 318.077942 327.320313 328.327759 309.621887 291.293488 279.823822 273.244659 264.809998 251.296799 234.440201 224.565018 207.817276 206.342865 204.868454 216.748520 213.850281 209.029724 209.505966 200.682175 193.179123 195.701202 192.500626 187.492432 181.403625 172.970520 171.380585 171.573074 163.954163 155.021057 152.985703 150.618988 149.491730 146.657639 144.258316 138.163742 127.956848 121.734406 119.601715 109.371033 106.276764 112.010910 117.058861 110.551254 104.332108 98.537270 91.982971 87.738609 80.928177 78.043266
360.045319 355.119141 355.318542 352.290100 357.873047 366.297485 373.584167 369.032990 368.813446 362.659668 360.247345 357.618439 342.608154 322.329041 304.841766 291.717804 283.579773 275.932129 267.604492 257.555908 249.600647 249.653503 246.358627 243.964035 238.191452 236.698044 233.654373 232.241913 220.322922 213.148682 210.489029 214.757462 212.095520 207.123444 198.343201 187.782074 173.197617 159.991943 148.079590 143.885361 142.141281 145.301819 141.872513 138.730438 133.445190 125.398209 119.910248 112.793175 112.465294 119.072189 121.338783 115.334435 111.098038 104.094780 96.162628 89.620766 83.564064 77.817398 77.418213
409.054565 406.024658 414.034607 410.773712 409.083527 408.285400 399.075226 385.025757 374.273285 360.369415 335.157440 322.317139 312.990234 298.480591 281.395416 271.683197 263.267578 256.474792 248.217560 237.532715 230.251190 226.997833 230.066025 232.755722 233.307129 240.062210 242.789398 244.306778 245.966324 239.497009 237.076935 230.634521 217.022919 209.960846 195.530090 185.454834 172.474991 161.734436 147.806107 146.222565 140.168167 137.488297 140.414276 137.449158 132.342590 122.797226 113.448921 113.121048 117.490150 124.451660 121.886444 115.831627 109.263321 102.218941 94.473740 88.345039 83.315193 78.197472 75.532860
419.471344 433.178864 439.756104 442.095459 415.156067 391.907410 368.752411 350.091278 330.867920 323.184692 299.011444 278.454102 268.716949 264.688599 256.358185 245.794998 238.138046 226.870499 224.075912 221.690414 213.970490 210.624557 208.524689 211.087967 212.237534 214.260178 228.509277 233.108215 241.913361 253.215958 247.442032 235.353241 223.310730 212.020111 199.290039 189.782455 180.724380 173.984528 168.317871 157.087585 149.529922 134.808426 139.973236 133.991913 128.916702 121.450539 120.103851 122.906693 127.247231 126.440582 118.469414 112.670784 106.724091 100.616585 96.188210 89.137062 83.429070 77.436790 73.459869
359.157227 378.756805 395.091766 421.518555 390.122559 353.741913 330.983215 316.342621 301.121552 288.986511 270.146271 259.318848 237.803345 233.147125 228.274704 225.335632 223.488098 221.640564 219.793015 217.945480 216.097946 212.724426 206.424820 200.285904 200.026382 199.766861 211.618240 214.899368 226.986893 233.530029 233.880142 228.627686 226.721024 218.790802 209.353439 199.927490 192.537888 186.467422 168.941681 154.239441 152.074600 132.128555 133.590866 126.758842 125.990250 123.099678 124.748817 127.935844 126.498344 123.448952 115.758553 111.177811 107.050079 100.904404 94.960670 90.624603 84.765724 76.111153 74.785507
323.245636 313.578491 327.356262 374.655609 381.171692 337.372589 301.261383 284.886078 282.778015 265.542358 248.132217 247.115784 242.459564 250.285492 251.616470 249.246628 253.057053 258.318939 254.820419 251.607056 241.331528 240.393250 232.335968 223.662766 217.284149 199.507339 194.265930 193.265106 192.264267 217.944092 221.195831 217.653168 215.283936 219.104980 212.253052 201.770325 185.665161 175.791382 157.465881 150.530853 147.519165 129.448685 128.552063 127.655457 126.572174 128.455444 132.049347 134.234619 128.973724 121.913719 117.685623 113.163620 108.493713 102.347183 97.047638 91.675835 87.572075 79.231659 77.772949
296.525116 284.761719 275.212769 328.685669 347.814209 308.707581 278.628845 261.100525 259.133301 258.545807 253.339020 256.473297 261.077026 261.000702 264.448303 272.245056 280.348206 282.373108 283.700470 284.093201 279.166656 270.445465 256.569824 243.604874 234.587555 222.805008 207.778503 204.175949 191.263443 188.051117 208.341217 209.062927 210.140625 207.776901 201.330872 193.237823 169.229645 153.786484 150.823120 141.177399 141.085587 135.267136 141.056091 142.948700 137.134659 145.672577 142.207611 133.419754 129.419724 124.244247 119.576195 115.786682 110.846901 105.155411 100.482643 95.276909 91.647530 87.021317 81.088493
292.520752 288.641235 265.663788 294.389435 311.388397 263.433563 262.987518 260.308258 259.720764 267.550995 276.622589 279.218842 284.612885 275.281677 272.145538 305.592163 322.915833 324.958832 318.245392 315.533295 314.476532 305.385437 290.499573 275.718384 253.754211 234.570892 222.032104 213.386322 200.064560 176.768341 178.864227 180.960114 190.728638 193.700836 187.560196 173.762268 153.751434 148.627548 147.567047 141.269211 150.866837 161.257065 156.681732 159.025558 157.635635 147.721466 142.060974 136.590195 132.190567 127.226677 122.613197 116.497635 106.901764 104.421814 103.177353 98.011665 96.255981 91.721519 86.928627
341.528076 312.819122 265.217743 264.771698 264.325653 263.879608 265.666779 272.176300 284.189789 305.788544 310.337677 311.606659 310.325165 299.010620 289.222961 328.309998 354.647339 358.635498 355.067902 351.714020 344.953766 332.403595 317.128418 300.846924 278.281189 250.343307 232.526657 219.487656 209.850052 174.672455 172.576569 170.480682 168.384796 174.297806 160.819092 163.732834 156.639038 155.370361 149.031219 141.361023 160.460098 174.872223 163.153931 157.406128 153.938324 148.673355 144.664047 139.536072 133.525558 129.961166 126.847488 120.116760 108.332817 106.860146 103.709183 100.616135 97.815796 93.498344 90.453644
369.533997 337.495056 308.791199 289.024933 275.890564 270.814117 273.387787 300.197632 319.855652 341.037262 348.269165 350.305298 347.108704 342.262726 313.831085 350.843964 389.229492 394.635315 391.450592 383.368347 365.620636 344.289154 325.293823 304.633545 287.367340 267.767151 248.670181 231.576019 216.715424 205.279663 195.479233 194.567932 166.288910 160.001251 157.905365 157.483246 157.061142 157.073364 151.252014 151.007629 161.224045 175.683716 166.579453 162.219574 156.934341 153.217606 147.502808 142.620224 136.969101 134.457199 130.933258 124.987282 114.459732 110.790215 105.766365 101.892815 97.719482 95.707138 92.763512
398.156006 356.645508 325.339417 305.556458 295.373871 293.529602 297.687134 323.948273 359.230927 377.946594 395.029816 388.288116 389.732147 381.002136 350.748932 386.026917 419.883026 423.902679 413.187164 385.404205 354.469421 328.717560 295.197723 272.623535 261.162201 252.068878 235.948959 225.921936 213.452850 211.593140 209.605713 202.958466 164.193024 162.097137 181.953522 170.834747 170.502686 164.391113 157.061172 160.533844 174.331894 176.582748 172.577362 169.502335 163.979858 156.577072 151.770279 145.702194 141.892548 137.643631 133.295975 127.348755 119.907211 111.643524 107.005035 103.891815 100.900833 97.236786 96.050812
406.881989 368.269348 344.719757 327.126373 321.170959 328.454803 327.747559 340.114655 370.778412 421.168549 440.611725 428.690521 432.386902 410.673309 388.184967 420.600098 437.741608 418.112122 390.021149 357.910095 326.890564 299.292297 278.140137 261.027527 246.778076 236.585358 227.384064 221.765579 217.609207 230.493362 232.582428 221.766632 206.432770 202.173599 197.885468 190.469650 189.596298 178.780136 176.933502 177.815628 184.260117 180.404114 178.176636 174.892273 169.782852 161.049377 154.817108 145.800003 143.934616 137.566742 133.597977 128.414474 123.484863 113.636757 109.778267 106.245232 103.077408 101.548119 100.885117
423.125092 398.299500 377.706116 361.234314 352.757935 356.581055 362.904633 365.200134 386.823517 432.919617 478.352325 468.945404 467.460632 434.477142 418.776276 452.119141 430.231995 391.061249 359.893707 328.409302 310.524689 293.043518 279.473175 273.235535 259.422028 258.383362 249.259064 247.561340 253.528168 258.106537 251.572479 239.312332 225.100098 214.011780 206.667297 201.455429 199.931168 197.263504 197.496613 195.588715 187.987335 185.317154 180.775772 177.619522 170.155762 163.534805 156.213074 146.180786 144.156036 138.063232 135.057373 131.076843 126.624077 119.902092 114.266190 112.736511 110.248909 109.199883 105.354614
453.747986 424.600800 423.789825 396.420013 402.696442 395.368805 403.050507 394.662628 418.248108 463.552460 508.286469 506.709137 486.894775 451.393494 458.727325 449.166321 418.200165 375.055328 334.802429 319.076904 315.236420 330.482178 317.297180 307.262695 295.449249 289.337585 281.980988 282.770630 285.918427 276.655884 263.237183 245.159271 226.363174 215.724045 207.077118 205.031570 206.704193 203.960892 199.066483 194.379898 189.251114 187.028839 182.426407 177.474503 168.651779 162.437958 154.702805 145.921906 144.315140 141.468552 138.211395 134.102753 129.175720 125.260277 0.000000 117.915688 115.515518 108.363152 104.115417
491.594482 472.333923 452.138947 439.220123 445.988068 432.827026 446.842499 442.253693 461.718140 502.072479 539.047974 532.487000 499.513672 494.386108 479.826874 440.883453 405.144257 368.640839 368.447632 358.224915 360.863434 373.322266 361.880981 347.532349 337.040863 329.971466 316.180969 309.253113 0.000000 0.000000 0.000000 238.122559 225.840424 221.929047 221.297348 212.753784 0.000000 204.500488 0.000000 195.605804 0.000000 187.467255 181.876770 177.302673 168.311066 161.913132 155.049149 147.215988 145.923645 0.000000 0.000000 0.000000 0.000000 0.000000 0.000000 0.000000 0.000000 0.000000 0.000000
557.457581 536.902527 497.601105 494.320618 502.677002 491.221893 498.993378 494.375244 510.496582 535.505249 0.000000 547.539124 525.549805 504.650208 479.953552 445.627716 413.345978 409.210175 409.183197 402.354553 403.838257 0.000000 381.223877 370.088501 358.195221 0.000000 0.000000 0.000000 0.000000 0.000000 0.000000 0.000000 0.000000 0.000000 0.000000 0.000000 0.000000 0.000000 0.000000 0.000000 0.000000 0.000000 0.000000 0.000000 0.000000 0.000000 0.000000 0.000000 0.000000 0.000000 0.000000 0.000000 0.000000 0.000000 0.000000 0.000000 0.000000 0.000000 0.000000
604.950439 580.146667 555.480408 554.040344 551.645081 543.651001 548.184814 543.052124 550.174133 0.000000 0.000000 0.000000 0.000000 0.000000 482.829163 461.909088 441.788239 0.000000 0.000000 0.000000 0.000000 0.000000 0.000000 0.000000 0.000000 0.000000 0.000000 0.000000 0.000000 0.000000 0.000000 0.000000 0.000000 0.000000 0.000000 0.000000 0.000000 0.000000 0.000000 0.000000 0.000000 0.000000 0.000000 0.000000 0.000000 0.000000 0.000000 0.000000 0.000000 0.000000 0.000000 0.000000 0.000000 0.000000 0.000000 0.000000 0.000000 0.000000 0.000000
638.772461 618.446350 601.155334 0.000000 0.000000 577.606079 0.000000 0.000000 0.000000 0.000000 0.000000 0.000000 0.000000 0.000000 0.000000 0.000000 0.000000 0.000000 0.000000 0.000000 0.000000 0.000000 0.000000 0.000000 0.000000 0.000000 0.000000 0.000000 0.000000 0.000000 0.000000 0.000000 0.000000 0.000000 0.000000 0.000000 0.000000 0.000000 0.000000 0.000000 0.000000 0.000000 0.000000 0.000000 0.000000 0.000000 0.000000 0.000000 0.000000 0.000000 0.000000 0.000000 0.000000 0.000000 0.000000 0.000000 0.000000 0.000000 0.000000
0.000000 0.000000 0.000000 0.000000 0.000000 0.000000 0.000000 0.000000 0.000000 0.000000 0.000000 0.000000 0.000000 0.000000 0.000000 0.000000 0.000000 0.000000 0.000000 0.000000 0.000000 0.000000 0.000000 0.000000 0.000000 0.000000 0.000000 0.000000 0.000000 0.000000 0.000000 0.000000 0.000000 0.000000 0.000000 0.000000 0.000000 0.000000 0.000000 0.000000 0.000000 0.000000 0.000000 0.000000 0.000000 0.000000 0.000000 0.000000 0.000000 0.000000 0.000000 0.000000 0.000000 0.000000 0.000000 0.000000 0.000000 0.000000 0.000000
0.000000 0.000000 0.000000 0.000000 0.000000 0.000000 0.000000 0.000000 0.000000 0.000000 0.000000 0.000000 0.000000 0.000000 0.000000 0.000000 0.000000 0.000000 0.000000 0.000000 0.000000 0.000000 0.000000 0.000000 0.000000 0.000000 0.000000 0.000000 0.000000 0.000000 0.000000 0.000000 0.000000 0.000000 0.000000 0.000000 0.000000 0.000000 0.000000 0.000000 0.000000 0.000000 0.000000 0.000000 0.000000 0.000000 0.000000 0.000000 0.000000 0.000000 0.000000 0.000000 0.000000 0.000000 0.000000 0.000000 0.000000 0.000000 0.000000
0.000000 0.000000 0.000000 0.000000 0.000000 0.000000 0.000000 0.000000 0.000000 0.000000 0.000000 0.000000 0.000000 0.000000 0.000000 0.000000 0.000000 0.000000 0.000000 0.000000 0.000000 0.000000 0.000000 0.000000 0.000000 0.000000 0.000000 0.000000 0.000000 0.000000 0.000000 0.000000 0.000000 0.000000 0.000000 0.000000 0.000000 0.000000 0.000000 0.000000 0.000000 0.000000 0.000000 0.000000 0.000000 0.000000 0.000000 0.000000 0.000000 0.000000 0.000000 0.000000 0.000000 0.000000 0.000000 0.000000 0.000000 0.000000 0.000000
0.000000 0.000000 0.000000 0.000000 0.000000 0.000000 0.000000 0.000000 0.000000 0.000000 0.000000 0.000000 0.000000 0.000000 0.000000 0.000000 0.000000 0.000000 0.000000 0.000000 0.000000 0.000000 0.000000 0.000000 0.000000 0.000000 0.000000 0.000000 0.000000 0.000000 0.000000 0.000000 0.000000 0.000000 0.000000 0.000000 0.000000 0.000000 0.000000 0.000000 0.000000 0.000000 0.000000 0.000000 0.000000 0.000000 0.000000 0.000000 0.000000 0.000000 0.000000 0.000000 0.000000 0.000000 0.000000 0.000000 0.000000 0.000000 0.000000
0.000000 0.000000 0.000000 0.000000 0.000000 0.000000 0.000000 0.000000 0.000000 0.000000 0.000000 0.000000 0.000000 0.000000 0.000000 0.000000 0.000000 0.000000 0.000000 0.000000 0.000000 0.000000 0.000000 0.000000 0.000000 0.000000 0.000000 0.000000 0.000000 0.000000 0.000000 0.000000 0.000000 0.000000 0.000000 0.000000 0.000000 0.000000 0.000000 0.000000 0.000000 0.000000 0.000000 0.000000 0.000000 0.000000 0.000000 0.000000 0.000000 0.000000 0.000000 0.000000 0.000000 0.000000 0.000000 0.000000 0.000000 0.000000 0.000000
0.000000 0.000000 0.000000 0.000000 0.000000 0.000000 0.000000 0.000000 0.000000 0.000000 0.000000 0.000000 0.000000 0.000000 0.000000 0.000000 0.000000 0.000000 0.000000 0.000000 0.000000 0.000000 0.000000 0.000000 0.000000 0.000000 0.000000 0.000000 0.000000 0.000000 0.000000 0.000000 0.000000 0.000000 0.000000 0.000000 0.000000 0.000000 0.000000 0.000000 0.000000 0.000000 0.000000 0.000000 0.000000 0.000000 0.000000 0.000000 0.000000 0.000000 0.000000 0.000000 0.000000 0.000000 0.000000 0.000000 0.000000 0.000000 0.000000
0.000000 0.000000 0.000000 0.000000 0.000000 0.000000 0.000000 0.000000 0.000000 0.000000 0.000000 0.000000 0.000000 0.000000 0.000000 0.000000 0.000000 0.000000 0.000000 0.000000 0.000000 0.000000 0.000000 0.000000 0.000000 0.000000 0.000000 0.000000 0.000000 0.000000 0.000000 0.000000 0.000000 0.000000 0.000000 0.000000 0.000000 0.000000 0.000000 0.000000 0.000000 0.000000 0.000000 0.000000 0.000000 0.000000 0.000000 0.000000 0.000000 0.000000 0.000000 0.000000 0.000000 0.000000 0.000000 0.000000 0.000000 0.000000 0.000000
