WMS/S_Waiehu_stream_development/Notes/TestRuns/Exported_Flood_grid_Test.asc
ncols 146
nrows 63
xllcorner 753485.886964
yllcorner 2312265.910359
cellsize 50.000000
NODATA_value -9999
[rows 28 to 55 of 63, columns 0 to 62 of 146]
0.000000 0.000000 0.000000 0.000000 0.000000 0.000000 0.000000 0.000000 0.000000 0.000000 0.000000 0.000000 0.000000 0.000000 0.000000 0.000000 0.000000 0.000000 0.000000 0.000000 0.000000 0.015743 0.028393 0.039632 0.052770 0.045698 0.054056 0.062787 0.057203 0.050476 0.053207 0.056173 0.070082 0.058659 0.076089 0.086658 0.091551 0.090099 0.052769 2.287486 2.322323 2.860577 2.979038 2.908852 3.195643 2.885442 1.933045 2.660417 2.611746 0.030608 1.310403 1.453351 2.053397 2.847911 0.017858 0.053028 0.064205 0.021108 0.025928 0.056915 0.067119 0.033224 0.057812
0.000000 0.000000 0.000000 0.000000 0.000000 0.000000 0.000000 0.000000 0.000000 0.000000 0.000000 0.000000 0.000000 0.000000 0.000000 0.000000 0.000000 0.000000 0.000000 0.000000 0.015135 0.025724 0.035854 0.041209 0.050124 0.052069 0.058525 0.061320 0.063126 0.057599 0.060625 0.078536 0.077593 0.083082 0.078517 0.090345 0.088395 0.067335 2.703432 2.476266 0.113300 0.042620 0.027046 0.015911 0.026614 0.048813 0.063677 0.085439 2.470705 1.949429 1.843923 0.060476 0.042540 0.034178 0.020748 0.043679 0.032600 0.013643 0.018972 0.033362 0.042569 0.022538 0.030183
0.000000 0.000000 0.000000 0.000000 0.000000 0.000000 0.000000 0.000000 0.000000 0.000000 0.000000 0.000000 0.000000 0.000000 0.000000 0.000000 0.000000 0.000000 0.000000 0.015256 0.025147 0.029872 0.039388 0.040410 0.052148 0.055003 0.054245 0.054826 0.062927 0.071904 0.110109 0.088601 0.080717 0.073234 0.071062 0.062333 0.066082 2.526709 2.586827 0.049839 0.046375 0.055347 0.035592 0.020751 0.046167 0.058327 0.077569 0.088193 0.084571 0.348512 0.103153 0.033701 0.033198 0.028572 0.013288 0.016050 0.017958 0.030461 0.041842 0.021633 0.016445 0.016906 0.013984
0.000000 0.000000 0.000000 0.000000 0.000000 0.000000 0.000000 0.000000 0.000000 0.000000 0.000000 0.000000 0.000000 0.000000 0.000000 0.000000 0.000000 0.000000 0.000000 0.019057 0.029227 0.046676 0.053009 0.071505 0.098748 0.081951 0.042410 0.059137 0.076762 0.079952 0.117909 0.108377 0.079823 0.080577 0.078745 1.023395 2.449347 2.486267 0.051307 0.058564 0.060452 0.060011 0.034728 0.025681 0.044126 0.060505 0.059337 0.076119 0.083211 0.101263 0.065896 0.026648 0.017117 0.017699 0.025684 0.036785 0.040290 0.048262 0.068919 0.076019 0.030368 0.027877 0.016230
0.000000 0.000000 0.000000 0.000000 0.000000 0.000000 0.000000 0.000000 0.000000 0.000000 0.000000 0.000000 0.000000 0.000000 0.000000 0.000000 0.000000 0.000000 0.015733 0.027116 0.049736 0.062034 0.076878 0.132759 0.102311 0.176398 0.021949 0.046293 0.065308 0.105305 0.105427 0.076657 0.140951 1.459342 1.065645 0.975470 0.071210 0.074190 0.078604 0.068251 0.054098 0.051276 0.035422 0.030270 0.044510 0.057596 0.064301 0.080308 0.063966 0.070887 0.032435 0.018111 0.021226 0.028860 0.042695 0.050550 0.058305 0.062154 0.078294 0.091425 0.105249 0.042973 0.024858
0.000000 0.000000 0.000000 0.000000 0.000000 0.000000 0.000000 0.000000 0.000000 0.000000 0.000000 0.000000 0.000000 0.000000 0.000000 0.000000 0.000000 0.000000 0.020128 0.029115 0.060005 0.190543 0.224278 0.299528 0.335949 0.949956 0.023604 0.038634 0.040256 0.066280 1.191225 1.220691 1.403205 1.416952 0.072996 0.067346 0.066213 0.092078 0.072673 0.057793 0.050521 0.037825 0.027549 0.039065 0.046986 0.051985 0.057506 0.062345 0.055471 0.045214 0.016968 0.019380 0.036162 0.043589 0.036462 0.042612 0.068244 0.069711 0.087173 0.146211 0.972971 1.115554 0.030086
0.000000 0.000000 0.000000 0.000000 0.000000 0.000000 0.000000 0.000000 0.000000 0.000000 0.000000 0.000000 0.000000 0.000000 0.000000 0.000000 0.000000 0.016997 0.025623 0.041770 0.077174 0.114113 0.094716 0.231935 0.346941 0.716678 0.557811 0.364371 0.367730 1.599429 1.455447 0.393959 0.073745 0.059461 0.048937 0.082671 0.069700 0.071472 0.056195 0.046574 0.040833 0.034909 0.028668 0.031638 0.040575 0.040862 0.040134 0.043412 0.029615 0.027562 0.040778 0.040395 0.032903 0.037406 3.530369 3.838778 3.352901 2.116567 2.481509 2.330582 1.231715 4.682287 0.027492
0.000000 0.000000 0.000000 0.000000 0.000000 0.000000 0.000000 0.000000 0.000000 0.000000 0.000000 0.000000 0.000000 0.000000 0.000000 0.000000 0.000000 0.021097 0.042535 0.061594 0.176127 0.201785 0.351349 0.328963 0.275918 0.173995 0.295551 0.401448 0.495632 1.319221 0.084459 0.064281 0.046543 0.048676 0.032857 0.081919 0.060173 0.051278 0.042920 0.035202 0.029953 0.019056 0.013776 0.017289 0.017351 0.015846 0.014901 0.018053 0.022348 0.031299 0.050302 0.077797 0.105795 0.088239 3.213315 2.406118 0.050645 0.146447 0.044081 0.024933 0.047778 4.662530 4.619894
0.000000 0.000000 0.000000 0.000000 0.000000 0.000000 0.000000 0.000000 0.000000 0.000000 0.000000 0.000000 0.000000 0.000000 0.000000 0.000000 0.035806 0.036667 0.055645 0.079761 0.375955 0.251761 0.159501 0.130086 0.103483 0.104552 0.091962 0.232706 0.149344 0.056657 0.052689 0.050698 0.030050 0.048681 0.028542 0.046193 0.037996 0.028608 0.021624 0.018344 0.011960 0.019902 0.026204 0.037267 0.044986 0.057920 0.025938 0.030771 0.052718 0.042152 0.036111 0.022200 0.024325 0.075759 2.384650 2.390997 0.071689 0.043590 0.019746 0.036817 0.065020 0.086261 0.127355
0.000000 0.000000 0.000000 0.000000 0.000000 0.000000 0.000000 0.000000 0.000000 0.000000 0.000000 0.000000 0.000000 0.000000 0.000000 0.000000 0.030332 0.068296 0.102624 0.130534 0.722181 0.033567 0.036099 0.045565 0.060339 0.086557 0.084779 0.100203 0.131583 0.061786 0.054326 0.055450 0.032642 0.029134 0.021205 0.019093 0.016461 0.015425 0.014077 0.021780 0.037338 0.029092 0.032761 0.051235 0.058561 0.089753 0.034099 0.027761 0.039592 0.061217 0.054127 0.055277 0.035866 0.030979 3.245171 0.077964 0.046452 0.034367 0.017979 0.037350 0.075761 0.113544 0.176385
0.000000 0.000000 0.000000 0.000000 0.000000 0.000000 0.000000 0.000000 0.000000 0.000000 0.000000 0.000000 0.000000 0.000000 0.000000 0.000000 0.027316 0.039187 0.055071 0.776909 0.767283 0.033162 0.030249 0.038490 0.046511 0.068716 0.055791 0.068181 0.102740 0.045793 0.037475 0.049924 0.016211 0.017279 0.019721 0.030303 0.033275 0.049534 0.027849 0.033720 0.047381 0.054716 0.038322 0.059376 0.071017 0.129394 0.046754 0.039073 0.026354 0.043149 0.066906 0.071003 0.076804 0.058728 3.611352 0.083119 0.043934 0.021334 0.026624 0.056926 0.106613 0.120803 0.179518
0.000000 0.000000 0.000000 0.000000 0.000000 0.000000 0.000000 0.000000 0.000000 0.000000 0.000000 0.000000 0.000000 0.000000 0.000000 0.000000 0.036658 0.050391 0.054019 0.477500 0.073279 0.023503 0.034302 0.039533 0.042978 0.052381 0.043193 0.045814 0.061335 0.029539 0.035356 0.016344 0.026482 0.040994 0.039605 0.050340 0.050190 0.080082 0.030411 0.039550 0.052924 0.056808 0.054699 0.054363 0.068216 0.094591 0.100862 0.038846 0.030007 0.029058 0.038009 0.057997 1.923978 3.891624 3.793664 0.071823 0.044145 0.017964 0.039628 0.055557 0.075718 0.074817 0.155506
0.000000 0.000000 0.000000 0.000000 0.000000 0.000000 0.000000 0.000000 0.000000 0.000000 0.000000 0.000000 0.000000 0.000000 0.000000 0.000000 0.028326 0.043881 0.042871 0.509000 0.044524 0.027068 0.026789 0.039101 0.041587 0.043773 0.039724 0.041904 0.034444 0.016330 0.021331 0.029238 0.038111 0.047606 0.053353 0.060842 0.074036 0.094028 0.028693 0.045649 0.056743 0.065217 0.061651 0.067090 0.052660 0.093538 0.125933 0.120600 0.030217 0.034351 3.607563 3.229166 2.936652 0.067550 0.086754 0.056040 0.054080 0.023573 0.037018 0.054085 0.094628 0.063605 0.148371
0.000000 0.000000 0.000000 0.000000 0.000000 0.000000 0.000000 0.000000 0.000000 0.000000 0.000000 0.000000 0.000000 0.000000 0.000000 0.000000 0.032139 0.080355 0.544650 0.393949 0.036990 0.020941 0.028737 0.032129 0.029697 0.025145 0.021745 0.014764 0.018684 0.022672 0.029819 0.032667 0.048536 0.051536 0.059632 0.075198 0.077694 0.124908 0.029201 0.062795 0.068296 0.048852 0.068273 0.059940 0.058848 0.087299 4.007191 3.994844 3.954735 3.898824 3.802093 0.127832 0.082122 0.053706 0.065523 0.052256 0.055888 0.030375 0.029103 0.050049 0.054113 0.085334 0.109319
0.000000 0.000000 0.000000 0.000000 0.000000 0.000000 0.000000 0.000000 0.000000 0.000000 0.000000 0.000000 0.000000 0.000000 0.000000 0.035448 0.044909 0.193947 0.467781 0.036748 0.021492 0.010424 0.022824 0.027138 0.023767 0.027281 0.029574 0.030730 0.031848 0.044839 0.036156 0.038135 0.049387 0.054648 0.078395 0.092403 0.101152 0.159404 0.031783 0.070310 0.098644 0.043331 0.077095 0.059715 0.063311 2.981681 4.001716 0.082250 0.022841 0.070748 0.140552 0.080914 0.058262 0.050420 0.060156 0.053504 0.052223 0.031880 0.022418 0.037330 0.040329 0.075647 0.062873
0.000000 0.000000 0.000000 0.000000 0.000000 0.000000 0.000000 0.000000 0.000000 0.000000 0.000000 0.000000 0.000000 0.000000 0.000000 0.017424 0.015204 0.291964 0.279710 0.020743 0.014546 0.026773 0.035030 0.045425 0.047248 0.055204 0.055672 0.050503 0.045663 0.041843 0.037893 0.043868 0.058979 0.062402 0.096473 0.114612 0.177704 2.056249 1.926280 1.652030 2.088572 2.758878 2.640140 1.954217 2.642236 2.702167 0.041864 0.115867 0.024078 0.081219 0.077080 0.079530 0.048468 0.047822 0.067047 0.045841 0.035270 0.028283 0.025607 0.037632 0.044327 0.056543 0.029303
0.000000 0.000000 0.000000 0.000000 0.000000 0.000000 0.000000 0.000000 0.000000 0.000000 0.000000 0.000000 0.000000 0.000000 0.016726 0.027934 0.490793 0.510544 0.035200 0.014996 0.025164 0.034258 0.040245 0.049633 0.051236 0.057234 0.069142 0.063640 0.059507 0.110716 0.066481 0.073051 0.071022 0.077142 0.100128 3.472806 3.231359 2.654154 0.358663 0.056819 0.251129 0.108981 0.228110 0.129401 0.045159 0.033484 0.026634 0.175772 0.025092 0.080641 0.041579 0.081722 0.048581 0.044419 0.047055 0.030503 0.022394 0.018012 0.024177 0.029928 0.032045 0.042539 0.000000
0.000000 0.000000 0.000000 0.000000 0.000000 0.000000 0.000000 0.000000 0.000000 0.000000 0.000000 0.000000 0.000000 0.000000 0.025347 0.520314 0.523852 0.040214 0.022111 0.020400 0.028569 0.043767 0.053926 0.054087 0.060428 0.054933 0.055136 0.061447 0.076066 0.108274 0.093900 0.074550 0.081726 0.069937 3.048769 1.644400 0.047048 0.052558 0.033700 0.051212 0.166391 0.112830 0.094159 0.097474 0.046948 0.035416 0.028834 0.149310 0.033953 0.063142 0.030679 0.088147 0.047443 0.036042 0.021673 0.019768 0.000000 0.000000 0.000000 0.000000 0.000000 0.000000 0.000000
0.000000 0.000000 0.000000 0.000000 0.000000 0.000000 0.000000 0.000000 0.000000 0.000000 0.000000 0.000000 0.022117 0.364173 0.446476 0.567181 0.025687 0.017507 0.017230 0.027217 0.047139 0.057468 0.065207 0.071860 0.053517 0.056393 0.055644 0.047008 0.069381 0.085494 0.074814 0.078449 0.063059 4.085829 3.697393 0.036305 0.041206 0.069086 0.047572 0.073048 0.203628 0.049646 0.095421 0.098928 0.044723 0.039483 0.033838 0.152113 0.056948 0.041575 0.033190 0.060718 0.026360 0.021385 0.000000 0.000000 0.000000 0.000000 0.000000 0.000000 0.000000 0.000000 0.000000
0.000000 0.000000 0.000000 0.000000 0.000000 0.000000 0.000000 0.000000 0.000000 0.000000 0.000000 0.000000 0.497001 0.607845 0.052063 0.031592 0.017354 0.021425 0.029301 0.047223 0.058271 0.071806 0.085132 0.073220 0.062688 0.058115 0.048362 0.064095 0.081533 0.106418 0.110133 0.077427 4.562120 4.359089 0.051554 0.053890 0.029494 0.078827 0.040436 0.065449 0.217174 0.063054 0.076639 0.154993 0.071267 0.033010 0.052127 0.098179 0.051031 0.033301 0.024562 0.026399 0.000000 0.000000 0.000000 0.000000 0.000000 0.000000 0.000000 0.000000 0.000000 0.000000 0.000000
0.000000 0.000000 0.000000 0.000000 0.000000 0.000000 0.000000 0.000000 0.000000 0.000000 0.000000 0.022757 0.561598 0.072412 0.030906 0.016005 0.016749 0.024438 0.033085 0.085055 0.093807 0.116553 0.135188 0.191304 0.285731 0.155298 0.091607 0.112916 0.113897 0.125513 0.110261 1.238873 1.318193 0.062943 0.065886 0.050918 0.034251 0.066433 0.043732 0.072479 0.221110 0.062527 0.074537 0.134517 0.072829 0.040398 0.055122 0.059712 0.039306 0.020510 0.000000 0.000000 0.000000 0.000000 0.000000 0.000000 0.000000 0.000000 0.000000 0.000000 0.000000 0.000000 0.000000
0.000000 0.000000 0.000000 0.000000 0.000000 0.000000 0.000000 0.000000 0.000000 0.000000 0.532536 0.672320 0.424094 0.036292 0.020404 0.052868 0.109974 0.106117 0.083225 0.080818 0.113312 0.083921 0.071213 0.066882 0.033380 0.134224 0.133612 0.293962 0.615789 1.524440 1.540456 1.567704 0.096518 0.080118 0.062848 0.052836 0.043650 0.050413 0.048079 0.097580 0.178105 0.041377 0.109110 0.103646 0.064685 0.043626 0.041449 0.024878 0.024670 0.000000 0.000000 0.000000 0.000000 0.000000 0.000000 0.000000 0.000000 0.000000 0.000000 0.000000 0.000000 0.000000 0.000000
0.000000 0.000000 0.000000 0.000000 0.000000 0.000000 0.000000 0.000000 0.000000 0.025547 0.530672 0.052801 0.033904 0.022407 0.022481 0.029331 0.048422 0.038687 0.041494 0.052761 0.053377 0.120931 0.193141 0.536524 0.269599 0.392661 0.430747 0.347844 0.352746 1.065316 0.240680 0.100772 0.088571 0.082870 0.072527 0.055156 0.045293 0.033551 0.072021 0.081986 0.156987 0.048499 0.059974 0.108605 0.056156 0.023560 0.024537 0.000000 0.000000 0.000000 0.000000 0.000000 0.000000 0.000000 0.000000 0.000000 0.000000 0.000000 0.000000 0.000000 0.000000 0.000000 0.000000
0.000000 0.000000 0.000000 0.000000 0.000000 0.000000 0.000000 0.000000 0.018341 0.446404 0.488204 0.031758 0.022158 0.015241 0.025714 0.021299 0.017668 0.027599 0.059110 0.075757 0.121723 0.115090 0.148571 0.261126 0.349983 0.328206 0.314975 0.217366 0.169006 0.427110 0.200571 0.081769 0.080845 0.081857 0.070215 0.069955 0.044701 0.027931 0.110845 0.053557 0.137317 0.071333 0.038326 0.061395 0.037398 0.016191 0.000000 0.000000 0.000000 0.000000 0.000000 0.000000 0.000000 0.000000 0.000000 0.000000 0.000000 0.000000 0.000000 0.000000 0.000000 0.000000 0.000000
0.000000 0.000000 0.000000 0.000000 0.000000 0.000000 0.000000 0.017072 0.026959 0.437649 0.040521 0.019946 0.016083 0.027810 0.035542 0.051102 0.177998 0.169739 0.200993 0.263043 0.194407 0.174238 0.178316 0.172601 0.188281 0.236416 0.144810 0.111303 0.101810 0.204884 0.274949 0.075899 0.078644 0.074455 0.083106 0.073448 0.050888 0.030116 0.093883 0.048641 0.062490 0.055795 0.041475 0.018445 0.026151 0.000000 0.000000 0.000000 0.000000 0.000000 0.000000 0.000000 0.000000 0.000000 0.000000 0.000000 0.000000 0.000000 0.000000 0.000000 0.000000 0.000000 0.000000
0.000000 0.000000 0.000000 0.000000 0.000000 0.020908 0.028850 0.039406 0.494297 0.510338 0.029240 0.012215 0.026612 0.042989 0.049884 0.759398 0.228370 0.143963 0.098621 0.095378 0.100766 0.103673 0.177370 0.160417 0.184589 0.260530 0.073537 0.076034 0.113846 0.159134 0.309881 0.067255 0.057801 0.081478 0.079547 0.080392 0.051535 0.031835 0.053025 0.052417 0.067100 0.028101 0.025841 0.000000 0.000000 0.000000 0.000000 0.000000 0.000000 0.000000 0.000000 0.000000 0.000000 0.000000 0.000000 0.000000 0.000000 0.000000 0.000000 0.000000 0.000000 0.000000 0.000000
0.000000 0.000000 0.000000 0.000000 0.023894 0.035037 0.038191 0.279815 0.473208 0.031742 0.019889 0.028028 0.044431 0.050120 0.339354 0.355618 0.021586 0.024731 0.034339 0.057090 0.087988 0.163361 0.172748 0.122578 0.092378 0.091560 0.072492 0.059794 0.089983 0.143112 0.249996 0.067975 0.067682 0.070114 0.079659 0.077790 0.050043 0.029622 0.061382 0.041716 0.036904 0.000000 0.000000 0.000000 0.000000 0.000000 0.000000 0.000000 0.000000 0.000000 0.000000 0.000000 0.000000 0.000000 0.000000 0.000000 0.000000 0.000000 0.000000 0.000000 0.000000 0.000000 0.000000
0.000000 0.000000 0.026375 0.031793 0.036151 0.034645 0.356935 0.501816 0.037468 0.026809 0.022587 0.033423 0.049845 0.248577 0.248788 0.020063 0.023320 0.020775 0.028147 0.072688 0.185831 0.210775 0.142014 0.070235 0.062263 0.059843 0.052446 0.072358 0.074712 0.309440 0.139428 0.067169 0.066519 0.063344 0.071884 0.060640 0.049355 0.032658 0.053987 0.036266 0.000000 0.000000 0.000000 0.000000 0.000000 0.000000 0.000000 0.000000 0.000000 0.000000 0.000000 0.000000 0.000000 0.000000 0.000000 0.000000 0.000000 0.000000 0.000000 0.000000 0.000000 0.000000 0.000000
