WMS/S_Waiehu_stream_development/Notes/TestRuns/Exported_Flood_grid_Test.asc
ncols 146
nrows 63
xllcorner 753485.886964
yllcorner 2312265.910359
cellsize 50.000000
NODATA_value -9999
[rows 0 to 27 of 63, columns 63 to 125 of 146]
0.000000 0.000000 0.000000 0.000000 0.000000 0.000000 0.000000 0.000000 0.000000 0.000000 0.000000 0.000000 0.000000 0.000000 0.000000 0.000000 0.000000 0.000000 0.000000 0.000000 0.000000 0.000000 0.000000 0.000000 0.000000 0.000000 0.000000 0.000000 0.000000 0.000000 0.000000 0.000000 0.000000 0.000000 0.000000 0.000000 0.000000 0.000000 0.000000 0.000000 0.000000 0.000000 0.000000 0.000000 0.000000 0.000000 0.000000 0.000000 0.000000 0.000000 0.000000 0.000000 0.000000 0.000000 0.000000 0.000000 0.000000 0.000000 0.000000 0.000000 0.000000 0.000000 0.000000
0.000000 0.000000 0.000000 0.000000 0.000000 0.000000 0.000000 0.000000 0.000000 0.000000 0.000000 0.000000 0.000000 0.000000 0.000000 0.000000 0.000000 0.000000 0.000000 0.000000 0.000000 0.000000 0.000000 0.000000 0.000000 0.000000 0.000000 0.000000 0.000000 0.000000 0.000000 0.000000 0.000000 0.000000 0.000000 0.000000 0.000000 0.000000 0.000000 0.000000 0.000000 0.000000 0.000000 0.000000 0.000000 0.000000 0.000000 0.000000 0.000000 0.000000 0.000000 0.000000 0.000000 0.000000 0.000000 0.000000 0.000000 0.000000 0.000000 0.000000 0.000000 0.000000 0.000000
0.000000 0.000000 0.000000 0.000000 0.000000 0.000000 0.000000 0.000000 0.000000 0.000000 0.000000 0.000000 0.000000 0.000000 0.000000 0.000000 0.000000 0.000000 0.000000 0.000000 0.000000 0.000000 0.000000 0.000000 0.000000 0.000000 0.000000 0.000000 0.000000 0.000000 0.000000 0.000000 0.000000 0.000000 0.000000 0.000000 0.000000 0.000000 0.000000 0.000000 0.000000 0.000000 0.000000 0.000000 0.000000 0.000000 0.000000 0.000000 0.000000 0.000000 0.000000 0.000000 0.000000 0.000000 0.000000 0.000000 0.000000 0.000000 0.000000 0.000000 0.000000 0.000000 0.000000
0.000000 0.000000 0.000000 0.000000 0.000000 0.000000 0.000000 0.000000 0.000000 0.000000 0.000000 0.000000 0.000000 0.000000 0.000000 0.000000 0.000000 0.000000 0.000000 0.000000 0.000000 0.000000 0.000000 0.000000 0.000000 0.000000 0.000000 0.000000 0.000000 0.000000 0.000000 0.000000 0.000000 0.000000 0.000000 0.000000 0.000000 0.000000 0.000000 0.000000 0.000000 0.000000 0.000000 0.000000 0.000000 0.000000 0.000000 0.000000 0.000000 0.000000 0.000000 0.000000 0.000000 0.000000 0.000000 0.000000 0.000000 0.000000 0.000000 0.000000 0.000000 0.000000 0.022991
0.000000 0.000000 0.000000 0.000000 0.000000 0.000000 0.000000 0.000000 0.000000 0.000000 0.000000 0.000000 0.000000 0.000000 0.000000 0.000000 0.000000 0.000000 0.000000 0.000000 0.000000 0.000000 0.000000 0.000000 0.000000 0.000000 0.000000 0.000000 0.000000 0.000000 0.000000 0.000000 0.000000 0.000000 0.000000 0.000000 0.000000 0.000000 0.000000 0.000000 0.000000 0.000000 0.000000 0.000000 0.000000 0.000000 0.000000 0.000000 0.000000 0.000000 0.000000 0.000000 0.000000 0.000000 0.000000 0.000000 0.000000 0.000000 0.000000 0.000000 0.000000 0.163714 3.694022
0.000000 0.000000 0.000000 0.000000 0.000000 0.000000 0.000000 0.000000 0.000000 0.000000 0.000000 0.000000 0.000000 0.000000 0.000000 0.000000 0.000000 0.000000 0.000000 0.000000 0.000000 0.000000 0.000000 0.000000 0.000000 0.000000 0.000000 0.000000 0.000000 0.000000 0.000000 0.000000 0.000000 0.000000 0.000000 0.000000 0.000000 0.000000 0.000000 0.000000 0.000000 0.000000 0.000000 0.000000 0.000000 0.000000 0.000000 0.000000 0.000000 0.000000 0.000000 0.000000 0.000000 0.000000 0.000000 0.000000 0.000000 0.000000 0.000000 0.021861 3.590251 3.403170 3.765583
0.000000 0.000000 0.000000 0.000000 0.000000 0.000000 0.000000 0.000000 0.000000 0.000000 0.000000 0.000000 0.000000 0.000000 0.000000 0.000000 0.000000 0.000000 0.000000 0.000000 0.000000 0.000000 0.000000 0.000000 0.000000 0.000000 0.000000 0.000000 0.000000 0.000000 0.000000 0.000000 0.000000 0.000000 0.000000 0.000000 0.000000 0.000000 0.000000 0.000000 0.000000 0.000000 0.000000 0.000000 0.000000 0.000000 0.000000 0.000000 0.000000 0.000000 0.000000 0.000000 0.000000 0.000000 0.000000 0.000000 0.000000 0.000000 0.022541 4.248064 3.992192 0.831285 0.632169
0.000000 0.000000 0.000000 0.000000 0.000000 0.000000 0.000000 0.000000 0.000000 0.000000 0.000000 0.000000 0.000000 0.000000 0.000000 0.000000 0.000000 0.000000 0.000000 0.000000 0.000000 0.000000 0.000000 0.000000 0.000000 0.000000 0.000000 0.000000 0.000000 0.000000 0.000000 0.000000 0.000000 0.000000 0.000000 0.000000 0.000000 0.000000 0.000000 0.000000 0.000000 0.000000 0.000000 0.000000 0.000000 0.000000 0.000000 0.000000 0.000000 0.000000 0.000000 0.000000 0.000000 0.000000 0.000000 0.000000 0.000000 0.027748 0.079086 4.381780 1.528911 0.040662 0.012012
0.000000 0.000000 0.000000 0.000000 0.000000 0.000000 0.000000 0.000000 0.000000 0.000000 0.000000 0.000000 0.000000 0.000000 0.000000 0.000000 0.000000 0.000000 0.000000 0.000000 0.000000 0.000000 0.000000 0.000000 0.000000 0.000000 0.000000 0.000000 0.000000 0.000000 0.000000 0.000000 0.000000 0.000000 0.000000 0.000000 0.000000 0.000000 0.000000 0.000000 0.000000 0.000000 0.000000 0.000000 0.000000 0.000000 0.000000 0.000000 0.000000 0.000000 0.000000 0.000000 0.000000 0.000000 0.000000 0.000000 0.038755 0.051322 0.047509 4.712341 0.048199 0.037758 0.046078
0.000000 0.000000 0.000000 0.000000 0.000000 0.000000 0.000000 0.000000 0.000000 0.000000 0.000000 0.000000 0.000000 0.000000 0.000000 0.000000 0.000000 0.000000 0.000000 0.000000 0.000000 0.000000 0.000000 0.000000 0.000000 0.000000 0.000000 0.000000 0.000000 0.000000 0.000000 0.000000 0.000000 0.000000 0.000000 0.000000 0.000000 0.000000 0.000000 0.000000 0.000000 0.000000 0.000000 0.000000 0.000000 0.000000 0.000000 0.000000 0.000000 0.000000 0.186653 0.149329 0.000000 0.000000 0.000000 0.036627 0.059224 0.180464 4.308835 4.036745 0.041861 0.054882 0.081623
0.000000 0.000000 0.000000 0.000000 0.000000 0.000000 0.000000 0.000000 0.000000 0.000000 0.000000 0.000000 0.000000 0.000000 0.000000 0.000000 0.000000 0.000000 0.000000 0.000000 0.000000 0.000000 0.000000 0.000000 0.000000 0.000000 0.000000 0.000000 0.000000 0.000000 0.000000 0.000000 0.000000 0.000000 0.000000 0.000000 0.000000 0.000000 0.000000 0.000000 0.000000 0.000000 0.000000 0.000000 0.000000 0.000000 0.000000 0.000000 0.066186 0.117723 0.120462 0.136658 0.058308 0.048486 0.032659 0.046749 2.427887 4.587291 4.424870 0.804457 0.095463 0.064813 0.079981
0.000000 0.000000 0.000000 0.000000 0.000000 0.000000 0.000000 0.000000 0.000000 0.000000 0.000000 0.000000 0.000000 0.000000 0.000000 0.000000 0.000000 0.000000 0.000000 0.000000 0.000000 0.000000 0.000000 0.000000 0.000000 0.000000 0.000000 0.000000 0.000000 0.070382 0.080622 0.076930 0.066841 0.069041 0.060431 0.084956 0.000000 0.000000 0.000000 0.000000 0.000000 0.000000 0.000000 0.000000 0.000000 0.000000 0.000000 0.000000 0.035021 0.059723 0.052420 0.086983 0.093536 0.281324 3.228464 3.402380 4.156437 4.315628 0.030084 0.034693 0.044073 0.059231 0.090969
0.000000 0.000000 0.000000 0.000000 0.000000 0.000000 0.000000 0.000000 0.000000 0.000000 0.000000 0.000000 0.000000 0.000000 0.000000 0.000000 0.000000 0.000000 0.000000 0.000000 0.000000 0.000000 0.000000 0.000000 0.000000 0.000000 0.000000 0.000000 0.055170 0.063938 0.239964 0.185999 0.384095 0.487029 0.645347 0.526633 0.436068 0.453906 0.000000 0.000000 0.000000 0.000000 0.000000 0.038885 0.059636 0.000000 0.000000 0.036372 0.074826 0.050206 0.061160 0.091785 0.097262 2.863844 3.255723 1.181720 0.955607 0.065698 0.045328 0.050230 0.060467 0.077741 0.162145
0.000000 0.000000 0.000000 0.000000 0.000000 0.000000 0.000000 0.000000 0.000000 0.000000 0.000000 0.000000 0.000000 0.000000 0.000000 0.000000 0.000000 0.000000 0.000000 0.000000 0.000000 0.000000 0.000000 0.000000 0.032199 0.041771 0.035829 0.038462 0.033614 0.041799 0.188671 0.180246 0.254153 0.275925 0.255491 0.487965 0.707616 0.696868 0.616047 0.407842 0.305591 0.178318 0.076874 0.248537 0.099717 0.147347 0.111267 0.070790 0.095494 0.038295 0.048606 0.042079 0.063294 2.353651 2.483922 0.053676 0.036746 0.050954 0.061195 0.116567 0.107649 0.123201 0.226747
0.000000 0.000000 0.000000 0.000000 0.000000 0.000000 0.000000 0.000000 0.000000 0.000000 0.000000 0.000000 0.000000 0.000000 0.000000 0.000000 0.000000 0.000000 0.000000 0.000000 0.000000 0.000000 0.000000 0.078804 0.140437 0.233117 0.353506 0.418498 0.216760 0.387457 0.370239 0.433349 0.340874 0.353234 0.263453 0.288247 0.251805 0.420155 0.256390 0.533501 0.976134 0.625403 0.575872 0.082395 0.456977 0.210125 0.251276 0.387010 1.834938 2.058864 1.969468 0.362196 4.102431 4.060126 0.151181 0.028588 0.052853 0.044386 0.044635 0.060189 0.108127 0.157644 0.295969
0.000000 0.000000 0.000000 0.000000 0.000000 0.000000 0.000000 0.000000 0.000000 0.000000 0.000000 0.000000 0.000000 0.000000 0.000000 0.000000 0.000000 0.000000 0.000000 0.000000 0.000000 0.000000 0.079584 0.088743 0.117671 0.098369 0.152757 0.142131 0.138333 0.117172 0.165299 0.260113 0.272385 0.233029 0.222569 0.181772 0.177144 0.093463 0.420935 0.605377 0.375163 0.124396 0.796325 0.438503 0.407531 0.349642 1.372829 1.920468 1.458728 0.996936 2.276382 3.900564 3.539594 3.786818 0.034592 0.025725 0.052369 0.062920 0.074308 0.075314 0.069222 0.027695 0.054825
0.000000 0.000000 0.000000 0.000000 0.000000 0.000000 0.000000 0.000000 0.000000 0.000000 0.000000 0.000000 0.000000 0.000000 0.000000 0.000000 0.000000 0.000000 0.000000 0.000000 0.000000 0.060437 0.069659 0.069661 0.066320 0.063077 0.061094 0.037680 0.035591 0.114047 0.177125 0.211857 0.172152 0.165904 0.138046 0.152221 0.144778 0.329697 0.249200 0.285775 0.272908 0.167494 0.104660 0.249934 0.461979 3.102603 1.971230 0.810201 0.598032 0.428576 1.495113 3.286237 0.675422 0.810114 0.029180 0.055258 0.076579 0.085123 0.107363 0.085911 0.019019 0.019126 0.031852
0.000000 0.000000 0.000000 0.000000 0.000000 0.000000 0.000000 0.000000 0.000000 0.000000 0.000000 0.000000 0.000000 0.000000 0.000000 0.000000 0.000000 0.000000 0.066136 0.065779 0.092587 0.091097 0.085018 0.070897 0.060459 0.039139 0.039116 0.395025 0.595807 0.202181 0.215572 0.097357 0.081579 0.073026 0.164209 0.266642 0.418760 0.391601 0.225008 0.170674 0.089271 0.086716 0.143114 0.147381 0.105558 3.169219 0.024837 0.056662 0.043528 0.197796 2.515870 2.352918 0.020070 0.025540 0.049741 0.056860 0.081144 0.058881 0.143798 0.174878 0.044645 0.046211 0.032363
0.000000 0.000000 0.000000 0.000000 0.000000 0.000000 0.000000 0.000000 0.000000 0.000000 0.000000 0.000000 0.000000 0.000000 0.000000 0.000000 0.000000 0.000000 0.032466 0.034695 0.041542 0.029848 0.063049 0.078937 0.106376 0.190529 0.376200 0.227928 0.134976 0.173182 0.077615 0.064079 0.052479 0.052715 0.081731 0.113950 0.144131 0.306872 0.042078 0.055505 0.048600 0.063306 1.180196 1.635943 2.321423 2.572258 0.015306 0.033683 0.057688 3.215636 2.916746 0.795090 0.418552 0.605271 0.277125 0.222075 0.122417 0.091652 0.109673 0.029243 0.031660 0.179989 0.318864
0.000000 0.000000 0.021840 0.024635 0.030275 0.031229 0.028464 0.024603 0.026873 0.041408 0.024953 0.000000 0.000000 0.000000 0.000000 0.033849 0.054583 0.104494 0.111290 0.094984 0.127922 0.238320 0.127669 0.084826 0.086177 0.067461 0.053185 0.059160 0.049879 0.055317 0.055005 0.061820 0.040953 0.035424 0.062344 0.031047 0.037929 0.065337 0.030071 0.039931 0.184446 0.068490 1.821131 1.207879 0.830166 0.332125 0.320559 0.896260 2.991176 3.310405 0.024581 0.032680 0.349616 0.767161 1.076418 0.765349 0.576732 0.536099 0.559816 0.368303 0.304253 0.209760 0.069078
0.022872 0.029953 0.028819 0.048492 0.039474 0.051744 0.032346 0.043030 0.032345 0.075719 0.032610 0.016990 0.024886 0.046070 0.018453 0.033913 0.035316 0.028718 0.038367 0.050088 0.042417 0.044886 0.030832 0.068745 0.077539 0.045913 0.042215 0.041713 0.033111 0.035480 0.032821 0.048902 0.047562 0.056050 0.055248 0.020898 0.038459 0.049250 0.051383 0.058962 0.056746 2.650537 2.411585 0.058638 0.036112 0.033440 0.096869 2.576180 2.655860 0.043200 0.038120 0.049035 0.049467 0.058644 0.091737 0.045015 0.220434 0.785640 0.143720 0.102421 0.053079 0.075039 0.125941
0.031295 0.040847 0.055009 0.072412 0.045213 0.082381 0.050097 0.044241 0.087243 0.071029 0.043890 0.020797 0.037188 0.067444 0.028757 0.056100 0.038387 0.036810 0.047987 0.047475 0.048469 0.042932 0.046052 0.050194 0.041819 0.054306 0.035340 0.031151 0.044990 0.043349 0.047942 0.064915 0.064549 0.097365 0.097417 0.092402 0.064270 0.079181 0.092859 0.444061 2.739231 2.717381 0.035138 0.024829 0.043885 0.058493 0.488463 3.128619 0.106098 0.035119 0.043847 0.050070 0.045949 0.244050 0.145646 0.116595 0.090122 0.209205 0.029712 0.073337 0.172582 0.136721 0.163774
0.040412 0.054078 0.069262 0.074040 0.064049 0.079244 0.098735 0.039215 0.122573 0.056742 0.099043 0.026000 0.037131 0.104367 0.029568 0.101100 0.033371 0.063862 0.042731 0.077142 0.036973 0.043703 0.057382 0.077886 0.026043 0.044117 0.046234 0.054678 0.059343 0.060315 0.085383 0.083130 0.113381 0.104426 0.118858 0.113514 0.086811 0.083675 2.843589 2.649554 2.670609 0.023497 0.020303 0.043779 0.055870 0.131541 0.740176 3.345199 0.075121 0.037193 0.080925 0.124881 0.154464 0.140465 0.118920 0.144476 0.062762 0.227846 0.045140 0.159742 0.111613 0.091523 0.157022
0.056730 0.060429 0.077259 0.080084 0.083067 0.090610 0.181551 0.041007 0.107375 0.080702 0.105866 0.042728 0.037367 0.090754 0.111584 0.085354 0.068633 0.076720 0.042278 0.090891 0.040097 0.050593 0.070937 0.138449 0.036819 0.053040 0.059176 0.062471 0.075503 0.081499 0.087443 0.104105 0.111893 0.118407 0.122135 0.153265 0.728685 2.931916 2.909624 0.054385 0.022422 0.014684 0.036140 0.050943 0.091091 0.083722 1.718710 2.895908 0.046328 0.031532 0.059232 0.072311 0.065027 0.077848 0.060600 0.076729 0.180251 0.348629 0.157173 0.163212 0.081297 0.129707 0.272444
0.065248 0.084840 0.142734 0.201870 0.072719 0.071340 0.160029 0.084525 2.732854 2.876709 2.721653 0.032260 0.063861 0.102745 0.212630 0.060051 0.082466 0.083851 0.103173 0.069884 0.045501 0.058963 0.079828 0.131205 0.084808 0.043826 0.059983 0.099124 0.095274 0.105295 0.137378 0.062634 0.092380 0.105949 0.626918 2.412812 2.609931 1.745054 0.041348 0.035987 0.026515 0.044763 0.047792 0.072816 0.101370 0.703737 2.159023 2.347805 0.027862 0.042542 0.049298 0.053942 0.099430 0.173099 0.233872 0.158653 0.159512 0.249704 0.135393 0.139810 0.074773 0.207879 0.987989
0.085562 0.164482 0.064130 0.161245 1.348536 1.613666 1.879504 2.916505 2.874631 0.029521 2.835111 2.370706 3.509630 3.474233 2.530864 0.043311 0.067865 0.071835 0.112454 0.073117 0.074649 0.127550 0.071490 0.111946 0.188666 0.033705 0.071621 0.062976 0.079968 0.089851 0.084935 0.105046 0.131900 2.252638 2.651316 2.593736 0.053208 0.014693 0.015272 0.017167 0.043271 0.056292 0.083282 0.097249 0.100326 1.028526 2.723667 0.558580 0.034455 0.060424 0.071951 0.083106 0.065184 0.084846 0.076499 0.272534 0.125076 0.248384 0.200642 0.118910 0.337200 0.972228 0.493284
3.421241 3.364555 3.237656 2.948239 2.166361 0.904263 0.446895 0.039514 0.024167 0.051322 0.063879 0.087338 2.848980 0.243067 2.687970 2.437337 1.536110 0.556962 0.269052 2.160236 2.190373 3.806967 3.340485 2.547891 2.152518 2.310354 1.656291 1.759653 1.664572 2.177864 2.144733 2.598827 2.579950 2.512920 0.055009 0.046267 0.031051 0.022844 0.042015 0.049435 0.058622 0.084857 0.085692 0.088087 0.104723 3.321065 3.132875 0.030279 0.035168 0.095276 0.140978 0.131902 0.121393 0.097300 0.071681 0.063901 0.059118 0.299410 0.280093 0.040272 0.830303 0.099790 0.017316
0.059817 0.041107 0.024691 0.049155 0.047960 0.054623 0.040665 0.032761 0.024088 0.037575 0.040619 0.042946 0.042873 0.042967 0.047918 0.076833 0.970238 2.854613 2.703081 2.570872 0.032643 0.051731 0.096185 0.042838 0.079231 0.250543 0.083751 0.072071 0.075866 0.072133 0.073600 0.068060 0.030787 0.029551 0.038074 0.038210 0.054681 0.061943 0.081357 0.070505 0.071901 0.100284 0.137689 0.082857 2.999613 3.693714 0.050449 0.024575 0.079852 0.083535 0.070204 0.105486 0.093892 0.117817 0.131009 0.077352 0.077273 0.516203 0.932044 0.862918 0.753440 0.023098 0.020675
