WMS/WaiehuKou_v1/WaiehuKou_v3_25m_PrecipTestGagFaka.ele
north: 2317435.096440
south: 2314160.096440
east: 760344.135272
west: 754744.135272
rows: 131
cols: 224
[rows 78 to 103 of 131, columns 58 to 115 of 224]
619.685242 617.867920 612.361328 604.736511 595.576355 588.810364 580.060303 565.199219 546.697144 532.615234 533.874939 551.418701 553.730042 540.309448 534.392151 528.276917 516.903870 503.831818 491.049408 475.126648 466.751312 453.788147 443.872925 430.900482 420.646515 416.361786 412.512695 409.865967 408.301331 407.405060 405.205475 406.053009 405.903992 401.871490 401.432861 404.879913 403.389771 401.540131 396.280121 390.038147 385.523315 378.901428 370.830933 366.938080 365.918243 362.821808 351.208313 340.472443 333.126007 325.254059 314.695404 305.302734 298.355286 291.530945 284.966339 279.942261 274.740845 278.013153
630.682434 626.807800 618.813049 608.315247 595.717468 585.105225 572.230103 555.827698 541.850037 535.484497 547.873291 557.134521 551.345764 540.292969 531.790161 526.610474 520.197388 510.718445 498.726471 485.620544 472.602844 461.045929 449.640686 444.954865 442.393555 440.323090 438.164795 435.688324 432.965729 431.246735 427.989288 429.654327 428.220306 424.293762 421.075806 420.243805 414.630890 410.241180 402.517578 394.078613 388.826569 383.303619 375.976990 369.596130 363.388733 355.526215 342.087891 329.473175 323.853821 318.720062 312.860962 308.741089 304.791046 295.088898 286.763763 281.259888 283.587402 288.719452
630.982605 622.061035 612.177124 598.071838 579.980652 568.651184 559.707336 551.168457 546.509277 555.639099 558.511292 555.284302 547.566406 545.333252 538.797729 528.817261 525.838196 517.442871 502.254181 487.217529 472.714142 460.686920 455.200378 460.630615 466.569305 466.486664 463.730621 458.793579 453.753937 451.081482 447.971924 447.273407 443.165894 438.199219 432.653961 424.627136 416.922974 409.108795 399.861023 390.168610 383.572845 377.945160 372.716797 364.959015 355.604401 342.305267 337.882996 333.678070 338.624695 333.710480 327.972046 324.256622 320.594116 315.759613 305.189941 298.242615 297.813202 299.717010
625.095215 610.210022 589.261353 584.914429 576.204163 572.427673 572.692322 571.203613 571.131165 566.839539 562.732239 555.679871 553.103577 551.525024 544.815247 535.267456 527.431580 516.299988 499.431091 485.716736 477.417938 477.996124 475.398560 482.091644 483.116821 485.085724 481.801636 476.210388 469.256836 465.038544 460.886658 455.840454 447.780548 439.607758 432.045593 425.393433 416.007904 406.682373 396.893494 387.780396 382.891388 377.174713 370.987061 362.047302 355.090759 349.035828 350.095459 353.158539 350.991974 347.547791 341.893494 336.494965 331.427155 327.368683 320.526947 312.025757 309.264435 305.883667
602.884888 598.354004 593.608215 597.955139 596.388123 589.988281 585.233276 584.434265 580.755554 572.944397 568.655884 565.184570 560.001038 554.309692 549.181152 540.966675 531.552002 516.464111 507.388641 502.692261 500.264038 499.205719 498.787781 497.838348 493.954590 491.318756 487.065521 484.410919 479.244568 472.891815 465.760132 457.831085 448.219513 440.195526 432.974457 426.166473 417.192749 408.757751 401.088470 393.786835 385.739746 379.240234 375.904938 373.693481 371.042206 367.126862 364.207733 360.575897 355.566925 350.277924 344.880524 339.300018 334.710632 330.561279 324.512695 318.636230 314.128082 308.928131
607.415710 611.946594 610.478760 609.424683 603.594849 597.552063 594.507385 591.382874 586.258728 579.400574 575.376587 572.178589 566.051941 558.204834 550.759460 545.244446 534.789124 525.009338 523.533936 520.275757 517.968384 515.966064 512.110413 506.588898 501.185577 494.194122 488.298065 486.781555 482.088409 474.881897 469.855804 460.879028 450.683655 443.257355 436.231171 429.338562 420.881409 413.040985 404.970764 397.648438 389.517487 385.311401 383.638916 383.274841 378.395508 372.792664 366.592560 361.353455 353.234406 345.762543 337.824951 331.237305 331.939636 329.254791 324.454590 319.254333 313.570038 307.524078
628.715271 624.936218 617.941772 611.349548 607.062561 604.895508 597.801208 592.156677 589.390137 586.947754 581.431091 579.221863 572.132019 562.814453 554.665833 548.942200 544.377808 539.355713 537.701477 534.087830 529.617126 524.060730 517.064392 509.284882 505.808685 499.574158 495.619415 490.931030 484.388824 475.862122 471.259033 463.715576 454.635101 445.509338 438.271088 431.503784 423.861328 414.675354 406.236694 398.689819 395.030853 392.179718 390.555420 386.505402 379.338348 373.312439 366.808807 359.575867 351.077911 340.455963 323.618622 316.795776 321.614807 323.276917 318.750214 313.363617 305.309235 298.010773
633.926147 626.897095 623.975342 622.338501 615.343140 610.171387 601.802429 596.981812 593.518127 594.168945 590.900085 584.073547 576.531494 570.496216 560.720703 554.068970 550.962769 549.367126 542.532532 536.656189 531.327515 526.316406 518.499023 511.445404 506.638367 500.900360 497.232178 491.823944 483.445892 471.945465 466.908997 462.375305 453.247864 443.835510 436.912201 430.148499 423.086090 414.144928 407.329163 401.739410 398.806946 394.544312 389.265656 381.710693 374.943665 370.625977 365.039337 357.864990 350.310486 340.052612 324.800079 309.117523 305.141937 305.185822 304.842682 300.798676 291.307587 284.282684
642.972046 638.049927 637.811096 636.397766 627.915100 618.311584 614.355896 609.870850 601.881653 595.705322 594.090698 586.185608 581.292297 575.903137 567.652893 563.092163 558.266174 550.859558 543.032532 536.831116 531.911560 526.387756 518.845520 512.074341 505.775299 498.807465 492.398315 485.114014 476.761383 467.032043 459.378052 454.959259 444.721222 437.787109 433.327332 426.572632 419.911285 413.847229 408.769653 405.250397 399.689423 391.192810 382.174927 370.929840 361.318512 359.056976 354.925140 347.907501 341.835022 334.061798 323.607697 309.498810 295.504242 289.358093 287.625061 285.544739 279.376312 272.026947
650.114746 646.486267 643.001221 639.093506 634.851685 629.219360 623.492981 618.366455 611.253174 605.669556 599.423035 589.689880 585.877808 580.378479 573.380310 565.173889 560.046936 553.568176 546.669983 538.470825 531.566711 525.063049 517.337158 508.158295 498.869873 488.978729 479.677124 473.711517 467.686523 457.352051 453.821564 450.200073 442.508026 438.216858 431.366089 423.721527 417.568268 414.897034 409.856201 404.921295 397.732086 387.841644 378.200592 363.905396 351.759766 340.831787 338.344086 332.745728 326.211517 318.878632 311.430023 301.446960 289.503906 278.560242 275.426758 271.662933 265.625397 259.193909
632.272217 626.828674 624.954895 623.587036 623.205994 621.698914 618.231934 612.556458 605.219421 603.404480 600.809326 594.651733 588.576111 582.330627 573.971191 567.329163 563.219543 554.804810 547.334961 538.629761 529.726563 519.815369 512.233582 496.577728 480.877014 474.242706 464.242615 448.351959 452.792236 453.569153 451.153564 447.538025 440.980438 435.955170 430.578217 424.757446 420.040100 415.492462 408.801361 400.361847 391.235382 382.198486 371.873199 360.565369 345.131744 328.381958 317.752563 315.812073 311.156677 304.591339 298.047913 290.687439 280.463501 265.542725 260.955597 260.955780 253.848801 248.611588
602.639771 596.808777 594.583130 594.664795 597.924683 600.251953 601.242737 598.867371 593.520264 584.930176 581.291382 581.525818 578.699951 574.145142 568.603760 564.403992 560.266052 548.600586 537.797485 530.374573 519.738098 506.505859 497.487671 476.972076 456.690613 446.975098 448.330170 432.068634 423.099213 437.397430 435.823883 431.203369 429.014221 422.427643 419.682251 415.610138 409.402863 402.791077 396.251770 388.402618 380.329437 370.553223 359.347778 349.102051 336.604279 321.366608 304.436096 298.181793 296.454559 293.245331 285.762299 279.138885 271.876129 261.798279 254.496567 251.269943 247.747940 242.894180
572.448242 568.624329 564.823853 563.899292 569.280762 570.010559 573.088440 575.736694 570.787781 565.107239 550.826111 553.148804 561.420715 557.134460 553.913452 550.946594 546.058899 536.297363 526.436890 511.729095 499.097046 490.612610 476.385284 461.518341 444.970917 427.989166 423.941040 416.993866 404.607758 410.125793 413.500488 408.345337 405.577423 404.496216 397.468658 394.924866 388.051941 379.667572 375.189362 366.731995 361.670013 356.944855 344.963226 333.030884 323.695801 313.565826 295.940765 284.490143 280.994324 281.792969 277.017761 271.180328 265.961517 258.104126 250.013901 246.333649 243.489029 240.993439
544.056702 541.473511 536.653870 535.192383 543.093689 545.687317 544.352051 543.032654 542.389648 541.698486 533.271484 524.401855 535.813354 534.867249 531.162231 530.013916 526.308655 519.014160 510.273132 498.614258 478.804016 464.882172 457.359344 446.724884 433.300934 417.728424 402.515533 399.036224 387.970337 385.065918 391.916321 388.754700 385.238678 383.893585 380.694244 375.643585 368.692780 358.919342 352.879913 345.811401 340.097656 337.922211 329.740875 313.924561 306.218384 301.042206 291.454987 278.618744 273.666565 272.431641 271.176361 265.199219 259.801392 253.365326 246.185455 245.822388 245.107559 242.651093
518.634216 512.337952 512.148804 512.799561 518.288025 520.705688 519.175476 515.119812 511.818085 513.359192 511.619843 507.021454 507.999390 507.820404 505.942596 502.368713 497.768677 492.696686 486.631409 476.292328 462.114105 446.379730 436.158600 433.503357 421.455841 407.107697 390.532562 381.422241 372.543121 364.826752 368.819122 369.752594 366.041809 365.773773 361.424042 358.127197 349.328369 341.323242 333.482880 325.774597 320.051666 317.458771 314.016815 302.236542 290.512787 284.115814 279.536224 273.364929 270.525543 266.249176 265.084320 259.520813 253.651047 248.268875 243.096786 239.744232 235.705490 236.158157
496.559631 484.178131 484.607574 483.813751 490.129089 491.441223 490.706360 487.789642 484.183044 484.128876 484.887207 482.819977 486.174927 479.259644 479.819427 475.162903 473.652435 468.614227 468.007904 458.526794 448.114899 434.509979 419.837158 414.575287 410.039673 394.352844 378.865387 364.415924 357.288269 347.743988 348.085022 350.544220 346.860077 345.943573 342.845093 338.321960 333.171753 323.466583 316.687164 310.659607 304.320465 300.719086 299.021057 291.636749 280.638611 272.613556 269.642670 268.130219 267.411011 260.005035 257.758118 252.713470 248.344208 244.625290 238.910065 231.574646 228.323364 225.531494
474.459198 467.357941 463.048279 463.460083 466.591400 462.647308 460.145782 458.824158 458.080902 456.652893 457.701324 453.303223 457.946777 456.520447 454.663483 447.718353 449.965973 446.676727 449.106750 442.997528 433.009918 421.880890 407.215302 394.797974 392.702820 383.331818 367.807983 354.034607 346.022949 337.899872 334.854828 334.792816 330.574219 328.609619 325.589081 321.917328 318.334198 311.818237 303.409637 297.237000 292.182190 287.664703 283.487610 280.634521 274.885986 269.444672 263.694397 258.660492 256.576538 253.267105 248.003601 244.953278 240.671173 236.839691 233.383957 228.105835 223.858047 220.082123
458.577972 451.668213 448.270782 450.578308 451.917236 445.821625 442.578827 438.559204 439.878021 440.712433 439.126495 431.471069 433.646942 433.585693 434.290649 427.444733 428.393616 426.035004 428.345947 426.727844 417.966919 408.742493 396.580750 380.778625 373.961334 372.663910 360.565002 347.311768 339.149017 332.525604 327.913483 325.294708 321.184113 315.613281 312.325806 308.108734 306.104645 301.746704 294.316284 287.774872 282.777008 278.000305 272.300720 266.846558 262.556244 260.378479 255.313110 251.450287 248.474152 245.777512 242.182343 237.865433 234.357986 231.359222 228.003510 225.969528 221.504013 216.643600
445.967255 441.480225 440.415558 441.504059 439.186859 433.644836 430.442688 425.542053 425.114929 425.854553 424.077576 415.741302 416.181793 416.303650 414.828552 412.555115 409.418427 408.045746 406.250336 408.876465 403.923615 395.275726 384.607941 371.507843 361.733917 360.822662 353.583008 342.757324 334.137695 326.934753 322.754822 319.639679 314.696777 307.067566 302.365234 298.276031 294.751343 289.920654 284.350586 280.622467 276.281952 270.928009 264.319946 259.573120 255.667389 252.940781 249.875351 247.750580 245.307220 243.964661 239.631317 236.263031 233.837234 231.176636 227.467545 225.427505 223.582184 224.099152
435.783752 433.191040 430.998962 428.797821 427.010040 423.623474 415.304474 412.960571 411.855164 411.769989 409.534363 402.687439 404.414459 403.564514 399.951996 395.484894 394.173737 392.830688 386.213013 388.113159 385.881744 380.085663 372.339935 363.115417 355.246216 349.950867 346.227020 337.747498 329.632172 322.576843 316.759735 312.364044 306.673065 299.394958 293.888397 290.129669 286.568573 281.558289 278.206573 274.870667 271.936523 267.933990 265.413910 262.306396 261.418030 261.245850 258.464264 249.811447 246.241135 244.401978 243.410828 240.711624 239.131882 244.515167 243.255280 240.995987 237.253342 234.469208
427.920135 425.267151 422.364014 416.860687 413.357330 411.391022 406.166443 402.077545 401.898163 400.611908 398.277863 393.952362 392.799316 391.482452 387.022858 381.167114 377.563049 375.739899 370.569061 367.968048 366.424408 363.376495 360.136047 355.518890 349.299988 343.104462 338.289276 331.376831 323.134094 316.987518 311.047974 305.443054 301.014832 296.363464 289.986908 285.591583 282.189423 279.198822 277.068451 275.969360 274.155426 274.673798 275.026337 273.758911 271.003296 269.868164 266.384216 258.712402 253.640594 252.269821 252.347580 249.916718 247.995377 246.667633 244.183090 241.279083 237.392395 231.446075
419.402435 417.633240 416.123993 414.071106 408.604126 403.654022 398.682068 396.091431 392.714722 390.358673 388.002625 386.983124 384.469940 380.505249 376.302734 369.866119 363.418915 360.308807 358.540802 355.569489 351.317902 349.015961 348.895752 346.251373 341.515350 337.079376 331.419220 325.061035 317.520050 311.879150 306.514160 302.133057 299.362122 297.190857 294.249725 290.675568 286.965790 285.756500 286.249542 283.591553 279.823730 279.610779 279.445374 277.696228 273.648193 268.489685 261.708405 253.237198 246.759842 243.548492 244.059357 241.199127 237.209503 234.375900 231.078888 230.730148 230.307205 223.838318
452.416199 447.679138 442.304230 436.342590 426.707581 419.424591 410.953888 404.432709 400.007904 395.562927 385.646576 381.599152 378.876984 375.733673 369.995697 363.682281 359.512360 355.219971 351.862213 348.152435 345.038300 341.454956 339.651672 337.134155 333.206146 329.550079 325.806305 320.091003 311.839813 309.986267 308.955475 309.550720 310.086426 307.315948 301.316559 295.351135 290.648041 286.739563 285.635254 280.530060 272.940094 271.704895 271.181580 271.680939 267.304077 258.084412 249.987549 245.489700 238.802780 234.686127 234.450287 231.647339 228.113510 225.989655 223.820648 221.360748 220.391464 214.378677
477.079254 472.785522 464.745392 456.000641 446.851349 440.196167 430.031921 419.834747 408.256927 403.311127 395.592255 390.367584 378.379303 374.183685 373.756439 370.649719 366.947449 361.924377 356.350067 347.683655 341.325653 337.629486 335.034271 332.251740 329.133270 325.143158 321.187683 317.755646 313.693329 315.546875 320.799347 317.375183 312.025391 304.714996 295.988403 286.809875 281.911133 277.065796 272.630524 267.229584 262.355347 259.803284 257.839142 256.025970 253.558029 249.059769 245.530258 242.852707 234.863144 231.959442 228.329254 225.695526 222.382385 220.113007 218.372681 215.665695 213.676620 211.036774
502.810608 496.394501 485.508606 474.105560 466.309692 460.064270 449.696167 438.067902 424.693665 417.985596 412.393494 408.562897 400.890076 394.519409 389.237976 385.470947 378.288605 371.591400 363.912476 356.923950 349.093872 342.219727 335.237122 331.124634 327.613983 324.758301 321.899139 318.967834 319.560242 317.366913 312.445343 304.419067 297.496368 291.202576 285.285400 276.228516 271.670563 269.571655 267.274384 265.285767 261.843567 259.562744 257.451080 253.582886 251.349426 247.245102 244.948257 243.798935 241.340607 237.290298 232.356201 229.927368 225.601776 223.245605 220.568268 218.046921 214.710068 212.508652
522.551453 513.516174 503.496002 492.605682 485.866699 477.712189 466.282196 456.225800 445.969971 436.208679 428.822510 422.095215 419.482666 412.455353 405.418060 398.452545 389.386810 382.539246 375.826660 368.043091 357.724030 349.545532 341.880920 335.929474 329.927826 324.933044 320.724762 316.349213 312.604645 305.253571 299.894470 293.303925 288.161194 284.522247 280.342224 276.595001 276.222229 274.160797 274.852417 270.380371 264.965759 261.375732 258.381989 258.170197 255.967896 252.860275 251.508728 247.325104 244.644562 241.036652 238.238373 232.675659 230.787369 228.120193 224.603668 223.058746 219.395676 217.093918
