WMS/WaiehuKou_v1/WaiehuKou_v3_25m_PrecipTestGagFaka.ele
north: 2317435.096440
south: 2314160.096440
east: 760344.135272
west: 754744.135272
rows: 131
cols: 224
[rows 52 to 77 of 131, columns 116 to 173 of 224]
220.847931 210.527985 201.538742 194.530197 188.365051 181.711166 177.966370 172.065887 162.852570 155.850372 150.640152 142.452286 136.353851 134.588684 131.831345 128.645721 125.805130 123.381866 120.262634 115.692413 111.752090 109.011436 107.053337 105.014549 101.944580 98.106598 94.667664 92.246849 88.534409 84.546097 82.438919 80.145546 77.354889 74.394615 71.896950 70.519188 67.980659 64.222755 63.944340 62.242764 60.122063 55.168034 54.089230 53.027328 53.032913 52.506104 49.929199 50.096794 49.160892 46.622570 45.698009 45.830093 45.154968 43.875195 42.327812 41.335857 39.809479 39.166103
211.490234 198.172623 188.293472 183.064590 177.263184 172.405457 167.989838 162.996887 156.750153 151.207596 146.363998 143.497299 138.923798 137.571136 134.314941 130.884796 127.576866 124.788055 121.712097 116.567665 112.419876 109.928841 107.390656 105.369522 102.705704 98.152504 94.776314 92.278229 88.842384 85.177956 83.344200 81.076645 78.547104 74.834824 71.488014 70.159897 68.729126 64.501167 63.665928 60.486233 59.119541 57.026039 57.047020 55.253963 54.434528 54.861221 53.812065 51.887760 51.068935 47.968857 45.565922 45.433838 45.481647 45.544529 44.285793 42.411686 40.197392 40.309040
199.916489 190.587936 181.909882 176.379517 172.636917 168.844391 164.497086 162.216080 159.040283 154.990509 154.332077 152.296753 150.128586 147.560318 140.904602 132.789185 128.347733 124.699997 121.709290 117.665474 113.818504 109.872993 107.866798 104.611320 102.720512 99.124329 95.794144 93.291939 88.587898 86.028984 83.274147 80.465546 78.266441 74.959946 71.373787 70.418076 67.874512 62.807495 60.891743 60.030670 59.575104 59.838974 58.030914 57.137764 56.039700 55.606071 54.499882 53.169331 53.007572 50.639446 46.614460 45.382202 45.144096 44.847271 44.375252 42.821186 40.234840 40.541668
190.594070 183.510193 180.388458 179.431152 177.847794 174.545120 172.863800 168.748062 165.554230 164.104446 164.905411 161.209213 154.974518 149.155579 142.317764 134.121155 129.262497 124.483482 121.404305 118.844467 114.797157 110.843727 108.449692 105.109840 102.464134 99.315598 95.755066 93.226013 89.476639 87.207886 83.412346 80.393532 77.407104 75.173927 72.319542 69.826820 64.704727 62.263523 61.535931 61.017357 61.835724 61.744362 58.391911 58.252651 57.139950 55.374870 54.554054 53.716942 52.815990 52.191223 47.507622 44.747391 44.556885 43.631416 43.569828 44.128372 41.510929 40.619011
188.232773 185.871490 190.677811 189.460037 191.365067 190.856995 188.961975 184.692795 181.407669 178.443726 171.797806 162.625595 154.767609 145.623978 140.284805 134.633835 130.120316 125.227020 122.213730 119.003647 115.274666 110.954086 109.601997 105.973404 103.509377 99.856110 94.980598 92.282967 89.114914 87.416237 85.085297 82.832268 79.691345 76.979942 74.580147 69.218712 65.984886 63.873638 63.418884 62.583740 61.774944 61.716583 59.064140 57.846161 55.869640 55.750423 53.259140 53.936047 53.001373 52.052025 47.322475 45.326275 44.976120 43.892609 43.549812 43.756538 41.228718 39.674332
196.086929 198.766815 203.556046 207.757263 210.240112 208.456177 205.074982 199.252884 190.076202 179.522781 168.338348 161.367355 154.104599 144.664215 139.875015 132.951508 129.403580 126.081230 123.849945 119.819252 118.318901 116.062248 109.851532 106.238029 103.701836 99.165878 94.885498 90.234802 88.613708 87.996170 85.834969 82.816162 81.136307 78.094772 74.104919 70.005592 67.892639 65.835800 64.731125 63.487175 61.810574 59.781551 57.574146 57.012947 56.045185 54.973953 51.899509 51.655277 52.077892 49.802544 47.329769 46.208073 44.812336 43.498634 42.036659 41.335144 38.950504 37.033947
212.724091 215.310837 220.228455 224.956802 224.867523 219.957062 211.701157 200.137024 185.004288 174.743073 166.068237 158.524277 154.842392 145.930344 140.422867 137.066513 129.918152 127.786201 125.415329 126.919075 125.959694 121.840614 114.249649 105.097076 101.521286 98.599472 94.774788 91.651619 89.887749 89.213600 86.722488 80.490280 79.097542 75.999069 74.002129 70.974686 68.576294 66.960091 65.997711 64.335075 61.602810 60.386436 60.159641 59.149502 57.710800 55.870934 53.183243 51.228294 49.246922 46.774349 45.840561 45.214966 43.711601 42.700100 42.596203 40.707851 39.718540 37.500568
231.592560 235.066299 236.037674 235.444153 229.571854 219.174805 207.060715 194.005951 179.935425 169.183365 164.032593 161.823929 157.178513 150.355270 144.854736 141.199661 137.161728 135.466782 135.645065 134.172607 130.777420 123.648987 112.865814 103.641678 99.623459 98.081535 95.656898 95.115540 91.105591 88.962112 85.469299 79.152008 77.494789 74.817848 72.634552 72.032463 70.129868 67.970978 65.842751 65.101044 64.234077 63.758350 63.391857 60.525101 59.606586 58.053310 56.401237 54.210052 52.422985 50.385002 48.121422 46.972572 47.654045 46.343075 46.486732 45.891285 44.251083 42.971027
248.291321 246.022034 241.365311 234.878967 225.827682 210.364014 198.440506 187.486618 177.298233 171.635880 169.299973 164.401474 155.113190 148.197144 143.636383 142.418015 145.352234 148.236420 146.042206 139.134094 131.224197 123.106216 112.888870 103.853401 100.363541 97.939011 95.222458 92.488022 87.651176 87.239731 84.037300 81.446312 77.748238 74.780312 73.236649 73.838737 71.219963 68.877502 67.640015 67.342720 69.062294 67.373749 65.212982 63.209408 59.760986 59.480606 57.286137 57.137268 55.530743 55.327759 52.849873 49.655148 50.744377 49.584915 48.493015 47.772186 46.969082 45.980106
249.395325 239.810898 230.996292 222.109955 213.631271 200.130188 190.553284 182.689789 172.761703 166.640076 168.274658 163.472137 155.625244 150.574783 150.961166 152.464249 155.019104 154.882156 149.169266 139.883820 129.094788 121.945114 112.079498 103.118507 98.873421 95.787735 92.201965 90.036293 88.975700 87.939934 82.556564 79.905220 76.784836 75.697670 74.625160 74.447762 73.223610 71.308655 72.165436 72.887253 71.119232 70.320038 69.517761 65.782608 61.521652 62.742466 61.297779 59.194901 57.312649 58.046455 56.135494 53.001133 52.096035 50.846394 51.144562 50.462074 49.999447 49.334675
235.210999 228.406113 217.861923 206.211212 198.637741 191.225250 187.659225 182.420395 173.913666 165.005478 163.370895 160.800858 157.294250 158.224014 161.150345 162.882050 161.482422 153.206146 144.379745 134.115372 126.231285 117.582466 109.222137 103.516724 100.900108 98.671654 96.358559 93.165192 90.069160 88.347549 86.088226 80.984161 76.922348 75.777908 76.441216 76.894753 74.868378 74.479958 74.636353 74.535271 72.526337 71.757607 70.161209 67.631638 65.386093 64.714897 63.962070 62.789185 60.078465 60.052437 58.358078 55.113346 52.550907 53.721252 53.688835 53.282864 53.349777 51.398537
226.331268 217.949112 206.580338 196.316513 192.427490 191.283875 188.814896 180.278076 174.914200 171.813995 168.250290 165.689804 166.978165 169.732986 172.835587 169.732498 162.290955 149.852112 138.617279 130.898148 125.287575 116.425156 110.282951 106.977196 104.969406 102.236824 99.139320 96.136086 92.714996 89.894806 89.624153 83.060081 79.544662 77.666847 77.560127 77.701645 77.463112 76.656792 75.612572 74.212173 73.014679 72.829231 71.152779 68.920036 67.545723 66.762802 65.984512 64.007515 62.032810 61.637852 60.084949 57.309624 55.388348 57.526318 56.929653 57.091179 56.621651 55.880051
219.587112 211.044769 198.608917 190.815613 190.706894 190.598175 187.079605 181.116135 179.061661 178.986710 177.640030 178.492523 181.554489 183.221680 179.812073 171.180984 159.579681 148.202957 136.506149 129.509064 124.813591 122.486649 118.670868 113.543465 109.246239 104.589211 101.276154 98.269524 94.806084 93.065834 92.050522 88.316429 82.672195 80.116699 79.049026 79.166245 78.853371 79.540955 78.736099 77.257683 76.038788 74.746620 72.692848 71.329712 69.515205 68.468491 68.706306 66.126221 63.824451 63.024364 61.925213 60.314445 59.068356 60.129425 60.382626 60.221233 58.936676 58.519577
207.648102 201.419937 197.459793 194.673111 193.654480 192.838898 190.047089 186.759415 186.652817 187.300140 189.783188 191.705261 193.775482 192.539886 183.320480 170.166443 157.689316 148.707504 137.774353 129.787033 127.275810 125.754395 122.976280 119.210243 113.545082 107.114532 103.495224 101.028343 97.704384 96.965836 97.227646 97.109047 93.256348 84.397377 81.638092 80.482880 79.191261 79.682938 80.978577 80.724922 79.915482 77.951843 75.903984 74.317497 73.517548 70.411484 69.116409 67.215195 65.244484 64.734070 63.219555 61.811401 62.368904 62.674908 62.156731 61.391338 59.193127 58.559536
206.743011 204.421768 202.201065 199.879669 198.881821 197.939362 195.860214 194.430618 196.172318 197.429520 199.603348 203.345276 202.149948 196.395401 185.758636 168.926392 156.858734 148.369568 139.561630 133.402481 132.076385 129.601257 124.301407 123.088226 119.762337 114.358948 110.576065 109.074577 108.568481 109.593330 107.668213 104.777153 99.808479 87.658981 84.421745 83.082779 81.865028 81.362808 81.671997 81.099541 82.371010 80.636848 78.141014 77.829254 76.045883 73.685471 71.143982 70.510696 68.710632 67.254585 66.207077 64.985641 63.861519 63.251671 62.779278 62.930580 61.810734 59.466686
211.309509 210.205017 208.696472 206.457047 205.222946 204.764862 203.526169 204.464172 205.926254 208.349564 210.373260 208.912811 203.007614 193.955688 182.579529 166.150742 154.912399 146.302643 140.757431 137.924728 136.804993 134.099182 131.515945 128.560501 127.719093 124.263855 118.550217 117.368874 116.760620 114.494141 109.929298 107.430565 101.672226 92.713104 88.799995 87.115150 87.600555 87.332436 85.837807 85.545944 84.873489 83.577782 80.649826 80.636139 79.447594 76.738937 73.843575 73.197754 73.005409 71.543175 68.743973 66.789925 66.442619 65.024559 64.589012 65.799805 63.890083 60.797680
218.858978 221.110550 219.147034 216.551575 214.422699 213.804993 214.745667 215.707230 217.445251 219.212540 214.861389 206.738785 197.630615 185.439560 173.786865 160.415253 153.235641 147.473251 144.062531 143.935867 143.488754 141.239853 142.045761 141.236069 135.690353 132.975449 129.397766 126.903793 122.579781 115.506516 109.515335 106.156296 100.197746 93.389206 91.480385 92.059227 91.622658 91.032257 91.160103 90.766830 88.535866 87.356743 84.305908 82.855179 81.661934 79.556847 77.763855 77.419411 76.182716 75.581802 73.621918 71.259758 69.008476 67.175179 66.198395 66.768433 64.405342 60.263615
233.599457 232.035233 231.659134 229.588959 227.828125 227.115463 226.476242 226.033691 225.239105 221.258652 209.652634 201.550217 189.557526 177.863159 166.027283 160.429733 155.816391 151.965210 152.111526 152.221634 154.964691 156.584244 156.474686 153.838348 147.798096 141.574951 138.655975 131.032791 120.737389 111.504295 106.105850 101.283020 96.995682 94.868675 94.438263 95.575615 95.621353 94.806534 96.659378 94.345428 93.602448 92.352707 87.929001 85.885101 84.020096 82.354149 80.025749 79.648972 78.217293 77.581741 76.697220 74.633957 71.307007 68.829872 67.649551 66.856277 63.613277 57.880169
249.811630 246.229889 243.022110 240.681229 235.088959 230.314346 226.008896 221.807327 217.520981 210.717270 203.607864 195.133240 184.826904 173.595520 168.345367 164.972702 162.789444 161.743942 163.144424 167.027664 171.625320 171.239197 167.642731 161.596924 152.238754 142.885605 136.647156 125.152153 115.277054 107.599998 107.070435 102.222229 99.506073 97.987106 97.252182 98.290283 99.348846 99.773903 99.144447 97.622108 96.461884 95.033325 93.019020 91.403343 89.292770 86.480270 83.907433 81.455627 80.605728 79.353516 77.933945 76.011116 73.034683 68.793442 66.398338 65.663445 62.674919 58.148109
262.744751 255.933823 248.904938 239.608963 228.627792 221.926849 217.893936 211.956665 206.902481 205.065903 198.432358 189.006485 181.661697 176.747421 175.150986 172.676331 176.985947 179.243668 179.033096 179.044891 178.676270 173.611282 167.178696 158.682388 144.620682 132.964584 127.452576 120.442924 107.599998 107.599991 107.599991 107.125046 103.253105 102.383583 102.266838 102.051743 102.393303 102.317650 101.379776 100.287437 98.805801 96.499847 94.970078 93.473595 91.646965 90.144913 87.917046 83.550560 82.443245 80.955246 78.719864 75.811714 73.869652 69.291161 65.646797 63.791431 61.819073 58.014736
267.602386 254.423523 242.397995 232.978226 224.977570 218.043716 214.605698 209.821228 204.453552 203.008209 196.311035 188.547348 186.495071 189.525284 189.441055 190.350067 190.508698 190.721878 186.952606 181.224197 174.576508 166.554947 157.748581 149.158844 137.995056 128.203262 121.080055 115.095039 108.420288 107.599998 107.599998 109.404312 107.845383 106.415619 106.128418 106.050179 105.168236 104.468842 103.984802 102.824219 100.445305 98.613579 97.393486 95.446037 94.048096 92.158676 89.660828 84.365219 82.284935 81.189087 80.056847 75.756462 73.942871 69.850204 65.801720 64.049828 62.471718 60.871315
265.250000 250.845322 238.608856 231.417313 226.425690 223.097214 220.972519 214.630371 208.965500 203.455521 200.362625 199.128815 200.036911 203.920044 202.963043 202.730545 198.673218 191.476929 183.786392 174.995941 167.344513 156.542267 148.343246 141.786880 133.844193 123.454712 118.142853 114.990509 111.449989 107.600006 107.599998 111.047745 110.545059 108.735550 110.141731 108.652512 106.663651 105.809479 105.333740 104.413719 101.980278 99.556503 98.925613 96.310455 94.437988 91.981941 88.438644 86.320557 82.510056 82.066559 80.897522 75.988274 75.108147 70.797401 67.034157 64.570114 64.407043 62.850800
260.484283 249.470123 242.046158 239.404648 243.388962 242.533066 234.457809 230.769180 223.126358 217.727707 215.354172 215.771225 215.207138 214.323074 210.530975 205.746429 198.647949 188.068130 179.418808 169.147049 160.075470 149.055298 143.288895 137.074905 128.161942 120.295120 117.653786 115.551300 113.935097 112.955017 113.894966 115.297997 114.529907 111.376175 111.108086 110.071297 108.884300 107.461365 106.461540 105.782471 104.189301 102.084320 100.019768 96.601814 93.906570 90.652870 88.732788 87.693871 82.091797 80.713875 80.093117 76.450371 74.916924 71.169395 67.340195 67.738350 65.808189 63.879700
256.755524 253.200729 252.284531 256.118347 262.014709 258.139404 249.628464 243.104126 237.620575 232.338882 228.705536 226.363464 222.576843 218.058441 211.009796 204.641190 197.025513 186.603867 174.691864 165.562027 156.706284 145.823685 139.919846 132.318588 126.007683 121.525963 118.283348 117.026070 116.205605 117.296944 118.440170 118.260254 119.184067 116.257050 113.599213 111.335716 110.138443 109.177124 108.080635 107.554375 106.230026 103.409439 100.732666 96.047272 93.742157 90.859764 88.551308 86.899261 82.596985 80.826714 79.597595 76.465782 74.239548 71.599434 68.224007 68.497673 67.163216 65.039886
261.391846 262.672241 266.381378 272.410828 274.796234 268.769501 261.928253 254.558990 246.600571 241.114319 234.891953 228.754929 222.128983 215.463882 207.519379 200.810150 193.011139 183.268158 171.221603 162.583328 155.024338 147.532288 136.888519 129.269119 125.804649 122.901894 118.948906 118.169922 118.014847 120.212830 121.170776 121.566193 121.770859 119.757492 118.462387 116.270546 112.012177 110.576416 109.720200 108.627182 107.493767 102.560707 98.163651 95.436226 93.895058 89.868790 87.378052 85.968124 83.102745 81.534164 80.165955 77.015106 73.836685 72.652962 70.111000 68.525696 67.782524 66.486153
271.100525 279.250732 284.626282 284.992920 281.183136 274.486206 267.952576 258.590424 249.433365 240.969223 232.665054 223.986481 215.977539 206.838379 196.395966 190.726578 186.578995 177.450378 165.731277 157.255630 150.904465 145.307663 134.426086 129.448532 126.336884 123.926216 120.004845 119.661781 121.346855 123.505173 123.995773 124.439415 123.188316 121.931152 121.655563 119.397629 115.088509 110.671692 110.246635 108.297615 105.602654 100.299774 98.033508 95.316849 93.017174 89.613312 87.914024 87.391998 84.195236 80.557671 78.753098 77.233070 73.786476 72.650421 72.073341 69.990166 68.460365 66.941414
