WMS/WaiehuKou_v1/WaiehuKou_v1_Uniform_10mgrid.ele
north: 2317430.096440
south: 2314160.096440
east: 760344.135272
west: 754744.135272
rows: 327
cols: 560
[rows 130 to 155 of 327, columns 232 to 289 of 560]
270.189087 272.428314 274.727173 276.933167 279.243866 281.336761 283.925293 285.673035 287.916260 289.239197 289.435242 288.068695 285.666260 283.793640 281.459229 278.886963 277.127258 275.880096 273.260101 271.190338 266.311554 262.733368 261.520813 265.401550 266.517487 264.339447 260.376556 256.821838 254.969955 257.380981 261.647949 265.522430 269.519958 273.421631 277.370239 281.341400 283.634460 285.545288 286.996338 287.721283 287.735229 286.910339 285.356964 283.129089 278.993073 276.185028 273.508240 270.726044 267.690094 262.693085 259.237366 256.198486 253.572189 250.744141 245.724258 241.038879 235.863876 230.475677
275.514099 278.259399 280.981445 283.751617 286.439911 288.782257 291.225800 292.375366 293.939240 295.096466 295.586182 295.018188 293.400116 291.142303 288.777069 286.766205 285.133820 283.126434 279.367554 274.336304 269.468292 266.911652 269.072540 271.655670 272.466949 269.878632 266.685089 263.510010 262.361145 265.922791 269.828003 273.743134 277.399078 280.721283 283.811340 287.114166 288.995392 290.394867 291.258575 291.476227 290.933350 289.514893 287.230408 284.148865 278.965057 275.154083 271.539429 267.856995 264.111969 259.597107 253.174637 249.365982 247.365067 245.634903 242.176849 238.449982 233.727509 228.326950
281.242432 284.225647 287.375488 290.771027 294.053955 296.682617 298.582001 299.600586 300.280884 301.048706 301.687958 301.565369 300.361755 298.264038 295.906616 294.270355 292.495575 289.888855 285.235809 279.115479 272.530243 272.572052 274.682343 277.582642 277.945343 275.667725 272.154083 270.048584 270.307007 274.284790 278.057098 281.838776 285.016052 287.683258 289.908661 292.445221 293.675446 294.322174 294.384644 293.767242 292.413300 290.206818 287.023865 283.123291 278.471313 272.700256 268.482605 264.218597 259.800354 255.020294 248.462708 241.722107 239.637177 238.444473 236.670349 234.045013 230.187637 225.107758
287.065765 290.121338 293.674683 297.720123 301.612396 304.621033 306.303864 306.994812 307.053589 307.284027 307.604706 307.490265 306.488220 304.601440 302.502655 301.079773 299.223083 295.616882 290.363190 284.186584 278.828705 276.995087 281.466827 283.006195 282.936523 281.309479 278.487335 277.551453 278.065796 282.181793 286.055634 289.503998 292.121887 294.140686 295.646393 296.946228 297.521271 297.027466 295.878265 294.017853 291.557770 288.369202 284.360535 279.943604 275.476654 269.117950 264.815308 260.367462 255.557266 250.244659 243.783569 237.278732 230.964096 229.532806 229.498962 227.801682 224.930374 220.382416
292.471130 295.489899 299.526581 304.188995 308.664673 312.121948 313.989014 314.422546 313.972351 313.487671 313.124939 312.643616 311.664581 310.139893 308.476959 307.168335 305.214478 300.200378 294.649170 288.884064 284.277832 282.297913 285.145538 287.799377 287.370972 285.906586 284.284729 283.875824 285.364258 289.359100 293.196625 296.423187 298.565704 299.925415 300.712311 301.066742 300.172211 298.337219 295.717590 292.434479 288.633820 284.216034 279.660492 275.394501 270.993561 265.749603 260.788483 256.272003 251.265884 245.702499 239.666214 233.215744 226.798523 221.604935 220.569321 220.385452 218.132034 214.339890
297.069916 300.285034 304.906921 309.658905 315.338745 319.223663 321.340393 321.562622 320.500763 319.106873 317.914673 317.014771 316.183319 315.232941 314.020538 312.654388 310.267029 304.023163 298.276215 292.417419 288.397064 288.278229 289.256073 290.090668 291.059021 289.903656 288.965363 289.447601 291.771912 295.476685 299.360077 302.384674 304.084351 304.850952 304.873260 304.180969 301.394012 298.148285 294.132050 289.621704 284.928772 279.993744 274.669006 270.215698 265.767548 261.738739 256.136383 251.748993 246.780853 241.313660 235.474045 229.462723 223.134476 219.164383 214.073624 212.573853 209.912323 207.039658
302.297699 305.201263 309.641052 315.377319 321.829559 326.148529 328.428833 328.550049 326.375732 324.291138 322.457428 321.270630 320.723297 320.355286 319.489929 317.807709 314.608154 307.876190 301.364105 296.108856 291.943848 292.021576 292.873199 293.369385 293.105225 293.148041 292.361938 293.278320 296.438812 300.764252 304.804840 307.471802 308.520447 308.529724 307.628143 305.731445 301.546173 296.302032 291.181152 285.828217 280.389618 274.879089 269.385620 264.924133 260.389130 256.517487 251.322891 247.151794 242.492889 237.363007 231.941437 226.035736 220.058655 214.977875 211.281143 206.807663 204.617310 202.263367
308.170929 311.077026 315.442902 321.193390 328.202209 332.833435 335.113068 334.885651 332.143890 329.574554 327.392853 326.184875 325.907806 325.819183 324.877380 322.422302 318.183685 312.555420 303.487701 298.561249 294.570557 294.411438 296.274719 296.714752 296.112640 294.947815 295.157196 296.719055 300.784790 305.662720 309.659454 311.636292 311.770752 310.763000 308.798126 305.747711 301.403198 293.195374 287.371735 281.577332 275.712433 268.981598 264.067749 260.105927 254.511597 250.656464 246.987930 242.869278 238.681793 234.061676 229.140945 223.669205 218.260742 212.228409 208.100449 204.003952 200.042587 197.750061
314.932678 318.271210 322.692200 327.766266 334.657593 339.264282 341.484009 341.122528 338.769562 335.504150 333.202759 331.898804 331.508514 331.219910 329.678833 326.123169 320.787109 314.402496 304.809357 299.863708 297.186707 299.958496 300.646576 300.589844 299.576080 298.135773 297.028259 299.828217 305.331543 310.406219 313.834991 314.747467 313.850861 311.855347 308.922760 304.951691 299.750580 289.661865 283.337128 277.739105 271.873077 266.139618 261.116730 256.364899 251.664536 247.766891 243.970764 239.140228 235.323029 231.229355 226.803894 221.843353 216.361954 210.349380 205.008698 201.176392 198.156937 194.501923
323.099945 326.665558 330.609924 335.587311 341.040497 345.568787 347.611694 347.211395 345.366943 341.650177 339.340668 337.823090 336.996063 336.041565 333.507172 328.776367 322.443695 315.068268 306.171082 300.725037 301.856262 305.059631 305.619781 304.779175 303.113922 301.490967 300.679108 302.107269 310.415924 314.675018 316.943634 316.768250 314.990631 312.271362 308.726929 304.328888 298.557159 291.361084 282.732910 277.297546 272.546173 266.320160 261.091431 255.986877 250.831192 245.858841 241.219086 236.328384 232.158005 228.566177 224.381958 219.660370 214.371552 208.908936 203.505234 199.521515 196.982056 192.988968
331.270294 335.101593 338.682892 342.928833 347.764099 352.077271 353.622406 352.982086 351.048553 347.357086 345.017822 343.268005 341.949707 340.110687 336.468536 330.757599 323.874084 316.817566 310.868530 305.736847 309.497070 310.719971 310.941772 309.546600 307.411987 305.820923 305.603119 307.614594 313.183167 318.110413 318.907654 317.794464 315.450439 312.374298 308.674225 304.358643 299.308990 293.590271 284.408203 278.915009 273.973541 269.217834 263.841919 258.209198 252.360657 246.169189 240.070755 233.776550 229.972397 225.977661 221.649872 216.873535 211.790604 206.827408 202.102386 198.933243 196.124176 191.636169
339.981476 343.410736 346.794678 350.893250 355.864441 358.630798 359.319946 358.105865 355.942078 353.269287 349.957581 347.906647 345.932831 343.207947 338.745605 332.199677 324.503021 319.148773 313.349884 314.048950 315.128357 316.323120 316.332733 314.905121 312.743134 311.406830 311.710297 313.766724 316.738800 319.644470 320.145233 318.293549 315.617004 312.413330 308.722473 304.556305 299.761383 294.281219 285.870483 280.539612 275.510284 270.566162 265.280548 259.595703 253.657898 247.491791 241.478271 234.928284 228.179123 223.644485 218.744263 213.648438 208.474091 204.164597 201.097321 198.358704 195.897430 191.954803
344.800476 351.361664 354.922424 359.127686 362.642273 364.474670 364.218781 362.478058 360.122162 357.509888 354.103119 351.711823 349.084076 345.739868 340.836090 335.007141 326.833313 322.244934 320.731049 319.315216 320.435089 321.655304 321.922760 320.948395 319.128174 317.959869 318.309906 319.845184 321.540436 322.028564 320.771820 318.656860 315.692657 312.320221 308.510468 304.207794 299.241913 293.436890 287.239838 278.935181 274.016876 269.502502 264.667450 259.512421 254.055573 248.214539 242.159515 236.004562 227.251816 221.737900 216.093094 210.139709 205.011337 201.265182 199.946472 198.035538 196.016754 194.661133
353.005096 356.433380 361.596588 365.776672 368.315063 369.201904 368.205933 366.160980 363.734344 361.228455 357.469238 354.696411 351.643524 348.065826 343.277832 338.479675 333.725098 329.934143 326.636688 324.110107 324.807068 326.493073 327.273285 326.763702 325.322479 324.166504 324.065765 324.674042 325.031067 323.933746 321.431610 318.656799 315.124023 311.426514 307.359314 302.694702 297.248505 290.890045 284.198822 275.329285 270.342621 266.091248 261.907684 257.625824 252.989502 247.801361 242.036224 235.709961 227.805542 219.842957 213.799042 207.884491 202.661484 199.290848 198.628906 198.487793 198.243027 197.880035
361.437958 364.239441 365.942352 371.502625 372.873779 372.905975 371.482117 369.307251 366.828491 364.185883 360.950134 357.136353 354.029755 350.661713 347.044434 343.282013 339.635773 336.178070 333.065643 329.956635 329.078247 331.007019 331.530914 330.946991 329.480865 328.040802 327.206604 326.833008 326.200989 324.489502 320.916077 317.644562 314.095032 308.614227 304.285828 299.546173 294.015717 287.583862 280.746552 271.479279 266.371826 262.218018 258.483093 254.768585 250.667465 245.835724 240.224884 233.971786 227.319489 217.773026 210.831070 205.683380 203.485062 200.320190 199.672623 199.840668 200.638748 201.454254
370.105743 372.334686 373.627899 374.600464 375.469940 376.007263 374.202332 371.884399 369.283356 366.480255 363.584442 359.342957 356.493225 353.654938 350.759033 347.849762 344.847351 341.858124 338.949310 336.382904 334.749695 334.761932 334.537598 333.463440 331.566345 329.478180 327.635803 326.075287 324.431030 322.315460 317.936249 314.171143 310.109314 305.932495 298.931763 294.609497 289.728088 284.031860 277.727051 270.929169 263.451813 259.011017 255.056992 251.214020 247.064133 242.221863 236.353226 230.727707 224.561783 214.844452 209.815292 206.357681 205.233276 202.170517 201.390335 203.212372 205.114655 206.776672
378.138275 379.631073 379.817993 379.518494 378.842957 377.853912 376.482300 373.907471 371.123840 368.287323 365.495911 361.632080 359.048767 356.605743 354.148163 351.676025 349.092468 346.421082 343.758972 341.340332 339.334076 337.688385 336.389557 334.544922 332.046600 329.127441 325.656891 322.411102 319.190155 316.975494 312.837189 307.753204 303.457855 298.446014 294.543640 288.773804 284.323853 279.648926 274.258392 268.587860 260.724731 255.984726 251.544556 247.172882 242.353104 237.165451 231.624252 226.608215 221.530136 215.433365 209.677917 207.926849 207.211258 206.583771 207.245987 209.097031 211.871277 214.009720
384.977722 385.548096 384.613037 383.470367 381.997955 380.042206 377.919617 375.677795 372.787048 370.047821 367.428619 364.318329 361.501556 359.191956 356.851318 354.430023 351.967987 349.492645 347.065460 344.792450 342.710602 339.903748 337.517944 334.948578 331.910553 328.259583 324.014557 319.233246 314.087494 309.420685 304.773438 299.397583 295.406067 291.259003 287.449066 284.386414 279.817596 274.081970 269.648346 264.584290 257.461548 251.972992 247.022781 242.138794 236.985336 230.502502 225.398087 222.071594 219.427719 214.129349 211.240005 212.006653 213.373917 213.820679 214.266098 216.595734 219.277634 221.702332
390.392181 389.976776 388.301605 386.565399 384.649567 382.309753 379.562073 376.928192 374.510071 371.838409 369.316010 366.855103 363.403503 361.021576 358.645599 356.171051 353.641052 351.154175 348.799866 346.508423 344.133453 340.761963 337.292633 334.324646 331.176697 327.379456 322.514832 316.425995 310.183258 304.327942 298.760040 292.020630 288.612213 284.729156 280.980530 277.433014 273.714386 269.228973 263.369690 258.817871 252.965485 246.574387 241.008911 236.846649 231.929108 225.905975 222.491135 218.666138 217.153870 215.641617 218.431076 218.636398 219.314392 219.705795 221.345642 224.543091 227.378632 229.843903
394.530365 393.223785 391.402649 388.874756 386.747803 384.260498 381.439789 378.466888 375.705902 373.564575 370.817780 368.054871 364.301880 361.479340 359.062592 356.568329 353.880402 351.154510 348.591125 346.054657 343.221832 339.901001 334.844482 331.735992 328.816193 325.494629 321.095001 315.514771 308.985107 302.490601 295.707306 287.741058 281.874146 277.696747 274.003967 269.757813 266.167023 263.022034 258.664856 251.848419 247.304092 239.746780 234.216980 230.429871 227.332458 224.585983 221.216141 219.941132 223.541397 224.233902 223.863113 223.912476 224.715439 226.759323 229.418274 232.810013 235.590485 237.899277
397.598175 395.679321 393.635803 390.497406 388.211426 385.752045 383.094116 380.265656 377.334381 374.499603 371.624146 368.184143 363.633636 360.279572 357.667999 354.978485 352.038574 349.007141 346.133759 343.198853 339.669250 335.478516 329.731201 325.947601 323.447845 321.108337 317.887787 313.269531 307.196228 300.222412 293.086731 286.183929 276.742950 271.609344 266.336365 261.144653 257.313995 255.122025 251.730515 246.599442 241.153946 236.420502 232.962830 229.530243 226.536667 224.884171 225.393417 227.465942 229.579773 231.331421 231.266342 231.458221 232.921417 234.669144 237.856674 240.832153 243.494843 245.415527
399.920319 397.616119 395.194855 391.655090 389.144226 386.699615 384.179993 381.481354 378.535095 375.249329 371.501526 367.110596 362.960724 357.626678 354.492615 351.262939 347.797668 344.344757 341.085968 337.603210 333.294708 328.213654 321.661255 316.935669 314.692383 313.354828 311.548248 308.309631 303.368591 296.977448 289.921509 282.719177 273.564362 268.074799 262.560547 257.472168 251.979736 248.655029 245.803040 243.363525 239.328705 235.729965 233.337494 230.044067 228.791290 228.918854 230.561096 235.089188 237.811157 239.718719 240.647507 241.311447 242.158844 243.619690 245.752060 248.143356 250.091385 251.098999
401.560883 398.881836 396.036072 393.162140 389.208466 386.618103 384.012024 381.260193 378.191193 374.601105 370.454529 365.496002 359.942871 353.851074 349.922150 345.837067 341.571564 337.522797 333.816925 329.904297 324.883545 319.280396 313.465210 305.185699 303.200714 303.069061 302.324310 300.401733 296.982605 291.874390 285.600464 279.053650 270.751312 264.698486 258.529053 253.286575 248.286041 245.446671 243.642532 240.959183 238.049088 236.426727 234.581467 234.089951 235.052856 237.446518 239.665649 242.981781 246.547455 249.061615 250.216095 250.500656 250.716705 251.293777 252.314423 253.406754 253.997421 253.651306
402.290283 399.166595 395.781097 392.310638 387.712494 384.844818 381.941925 378.869415 375.518433 371.730896 367.302368 362.474915 356.904846 350.478149 343.666321 338.782440 333.548004 329.070557 325.227966 320.775696 315.901550 310.146362 304.155579 296.457367 293.824493 292.638214 291.548004 290.549774 288.888275 285.201355 280.312744 274.518829 269.013733 261.908936 257.201843 251.072372 246.927826 244.890152 243.314240 241.807465 240.608963 239.453140 238.868546 241.698792 243.528214 245.212936 247.817490 251.360977 254.830124 257.987091 259.019470 258.637573 257.485840 256.813110 256.211243 255.567093 254.452301 252.641220
401.513458 398.039764 394.051086 389.748444 384.081909 380.661072 377.344208 373.857330 370.035278 365.908203 361.313599 356.505951 351.658539 346.024597 335.413025 330.137787 325.551147 321.246307 316.823151 313.130920 308.685944 303.877777 297.952850 291.500854 286.521637 283.254364 281.908112 280.485565 278.827606 277.420715 272.955505 270.165894 266.704468 260.911621 255.989349 252.144211 250.042603 249.407135 248.930786 249.126373 248.946335 247.830521 246.483063 247.860428 251.746964 253.788132 256.715973 259.962921 263.032471 264.859039 264.903931 263.405029 260.754669 258.662048 256.550446 254.282043 251.551559 248.545197
398.158844 394.612549 390.280945 385.224670 379.991455 373.986023 370.093475 366.087646 361.830444 357.469452 352.834686 347.360992 343.477386 338.073059 330.495209 321.103821 316.055115 312.492126 308.316193 304.774139 300.985748 297.432953 293.497101 288.972351 284.606323 281.505646 278.773071 277.587006 275.878967 273.374207 271.278290 268.549500 265.775238 261.856934 259.573730 258.559601 257.810669 258.707550 258.442596 258.463409 257.819763 256.904236 256.384094 255.920105 257.826141 262.611145 264.514984 266.503601 268.025757 268.173920 266.580109 263.850647 260.861786 256.600037 253.542175 250.310104 246.700302 243.044434
