WMS/WaiehuKou_v1/WaiehuKou_v3_25m_PrecipTestGagFaka.ele
north: 2317435.096440
south: 2314160.096440
east: 760344.135272
west: 754744.135272
rows: 131
cols: 224
[rows 0 to 25 of 131, columns 116 to 173 of 224]
0.000000 0.000000 0.000000 0.000000 0.000000 0.000000 0.000000 0.000000 0.000000 0.000000 0.000000 0.000000 0.000000 0.000000 0.000000 0.000000 0.000000 0.000000 0.000000 0.000000 0.000000 0.000000 0.000000 0.000000 0.000000 0.000000 0.000000 0.000000 0.000000 0.000000 0.000000 0.000000 0.000000 0.000000 0.000000 0.000000 0.000000 0.000000 0.000000 0.000000 0.000000 0.000000 0.000000 0.000000 0.000000 0.000000 0.000000 0.000000 0.000000 0.000000 0.000000 0.000000 0.000000 0.000000 0.000000 0.000000 0.000000 0.000000
0.000000 0.000000 0.000000 0.000000 0.000000 0.000000 0.000000 0.000000 0.000000 0.000000 0.000000 125.399513 120.047798 116.714577 0.000000 0.000000 0.000000 0.000000 0.000000 0.000000 0.000000 0.000000 0.000000 0.000000 0.000000 0.000000 0.000000 0.000000 0.000000 0.000000 0.000000 0.000000 0.000000 0.000000 0.000000 0.000000 0.000000 0.000000 0.000000 0.000000 0.000000 0.000000 0.000000 0.000000 0.000000 0.000000 0.000000 0.000000 0.000000 0.000000 0.000000 0.000000 0.000000 0.000000 0.000000 0.000000 0.000000 0.000000
0.000000 0.000000 0.000000 0.000000 0.000000 0.000000 0.000000 0.000000 0.000000 0.000000 131.566788 127.980637 119.670204 113.628006 109.584526 0.000000 0.000000 0.000000 0.000000 0.000000 0.000000 0.000000 0.000000 0.000000 0.000000 0.000000 0.000000 0.000000 0.000000 0.000000 0.000000 0.000000 0.000000 0.000000 0.000000 0.000000 0.000000 0.000000 0.000000 0.000000 0.000000 0.000000 0.000000 0.000000 0.000000 0.000000 0.000000 0.000000 0.000000 0.000000 0.000000 0.000000 0.000000 0.000000 0.000000 0.000000 0.000000 0.000000
0.000000 0.000000 0.000000 0.000000 0.000000 0.000000 0.000000 0.000000 139.862259 135.256866 130.467087 126.331337 119.918037 113.780746 107.038437 102.642357 97.564507 0.000000 0.000000 0.000000 0.000000 0.000000 0.000000 0.000000 0.000000 0.000000 0.000000 0.000000 0.000000 0.000000 0.000000 0.000000 0.000000 0.000000 0.000000 0.000000 0.000000 0.000000 0.000000 0.000000 0.000000 0.000000 0.000000 0.000000 0.000000 0.000000 0.000000 0.000000 0.000000 0.000000 0.000000 0.000000 0.000000 0.000000 0.000000 0.000000 0.000000 0.000000
0.000000 0.000000 0.000000 0.000000 0.000000 0.000000 0.000000 143.009811 137.889969 130.159027 124.194969 120.481316 116.350075 111.216705 105.206444 97.400909 94.703590 95.428070 0.000000 0.000000 0.000000 0.000000 0.000000 0.000000 0.000000 0.000000 0.000000 0.000000 0.000000 0.000000 0.000000 0.000000 0.000000 0.000000 0.000000 0.000000 0.000000 0.000000 0.000000 0.000000 0.000000 0.000000 0.000000 0.000000 0.000000 0.000000 0.000000 0.000000 0.000000 0.000000 0.000000 0.000000 0.000000 0.000000 0.000000 0.000000 0.000000 0.000000
0.000000 0.000000 0.000000 0.000000 0.000000 154.974060 148.343613 140.060410 133.269394 124.792130 118.782639 113.691109 108.499268 103.494606 99.299492 96.445885 93.979103 93.254623 91.469688 88.800117 84.925148 80.673218 77.958839 76.905190 74.221565 0.000000 0.000000 0.000000 0.000000 61.254864 59.074650 57.480980 54.344261 52.452797 0.000000 0.000000 0.000000 0.000000 0.000000 0.000000 0.000000 0.000000 0.000000 0.000000 0.000000 0.000000 0.000000 0.000000 0.000000 0.000000 0.000000 0.000000 0.000000 0.000000 0.000000 0.000000 0.000000 0.000000
0.000000 0.000000 0.000000 170.648483 162.525040 154.143677 144.899307 137.589401 129.630722 119.951553 114.039116 108.190903 101.758614 99.531433 96.606056 94.324066 93.731178 90.923546 89.399719 87.323067 83.291397 78.561089 77.638542 77.208755 71.537941 68.854317 67.367905 65.986282 63.046825 61.125271 59.040329 57.606701 54.102325 52.149555 0.000000 0.000000 0.000000 0.000000 0.000000 0.000000 0.000000 0.000000 0.000000 0.000000 0.000000 0.000000 0.000000 0.000000 0.000000 0.000000 0.000000 0.000000 0.000000 0.000000 0.000000 0.000000 0.000000 0.000000
194.630966 182.082886 174.475433 168.403412 159.586227 149.550293 137.984100 133.027893 125.036499 114.504662 110.025665 105.477882 102.059189 98.292206 95.443665 93.065376 90.755325 89.216278 89.398178 86.430992 82.875206 79.645790 78.885826 75.954330 70.520401 66.718620 65.782944 63.984554 60.914890 59.595745 58.617321 56.423145 53.678425 52.010246 51.187260 60.254902 66.811798 72.101067 0.000000 0.000000 0.000000 0.000000 0.000000 0.000000 0.000000 0.000000 0.000000 0.000000 0.000000 0.000000 0.000000 0.000000 0.000000 0.000000 0.000000 0.000000 0.000000 0.000000
188.867340 175.316269 164.911484 158.392151 151.676453 142.421051 134.579636 128.980164 117.051682 111.401764 108.255013 104.485374 101.884987 99.142876 96.636169 94.020615 90.816147 87.987434 88.635513 86.447617 83.930084 81.703171 80.310768 76.203163 72.677322 70.526863 68.657173 65.606033 62.381409 57.574837 54.875854 53.242790 51.890827 50.538864 50.447170 58.791649 65.154144 71.908234 78.058647 0.000000 0.000000 0.000000 0.000000 0.000000 0.000000 0.000000 0.000000 0.000000 0.000000 0.000000 0.000000 0.000000 0.000000 0.000000 0.000000 0.000000 0.000000 0.000000
180.429413 167.265549 158.147568 151.243042 144.584808 137.944046 131.873535 124.882774 115.303772 111.300117 107.793556 105.071098 102.780518 99.949745 97.283348 94.372978 90.968971 87.339355 86.691277 86.115761 84.338684 82.411934 80.481026 76.404572 72.943787 71.016769 67.996552 65.604530 63.639671 57.287518 52.879494 52.574219 52.268940 52.647053 50.383404 56.069870 62.492142 67.366264 74.815788 0.000000 0.000000 0.000000 0.000000 0.000000 0.000000 0.000000 0.000000 0.000000 0.000000 0.000000 0.000000 0.000000 0.000000 0.000000 0.000000 0.000000 0.000000 0.000000
171.039352 162.030289 156.380096 148.598679 142.557114 136.907242 131.261780 123.310410 117.518005 113.462143 108.555840 104.098656 100.193573 99.300125 96.785316 93.598152 80.008057 79.765366 79.522682 79.279999 82.521652 81.824982 79.654892 75.918633 72.722839 70.400124 66.928741 64.957542 62.690926 60.258568 56.299309 54.480217 53.513695 54.015064 50.101284 51.122860 58.190830 63.994064 70.345383 0.000000 0.000000 0.000000 0.000000 0.000000 0.000000 0.000000 0.000000 0.000000 0.000000 0.000000 0.000000 0.000000 0.000000 0.000000 0.000000 0.000000 0.000000 0.000000
166.965836 158.859802 155.489929 146.552109 141.576706 134.915573 133.626663 128.665024 122.129730 114.432076 104.578629 100.723030 97.483971 94.796059 94.118958 84.149536 80.250740 91.827881 80.577614 79.037308 79.413589 79.591087 77.802040 74.726059 71.881050 69.784340 67.181046 65.286659 62.872551 60.564228 58.094555 56.072868 53.747803 52.694267 49.819164 49.711468 49.573311 58.676460 65.703804 0.000000 0.000000 0.000000 0.000000 0.000000 0.000000 0.000000 0.000000 0.000000 0.000000 0.000000 0.000000 0.000000 0.000000 0.000000 0.000000 0.000000 0.000000 0.000000
164.917404 157.148514 151.810440 146.677902 141.145615 136.204498 138.596237 134.347305 123.734337 111.147591 107.863113 104.393784 103.122459 99.967583 95.874733 88.048340 91.947136 92.766266 87.075249 78.661034 78.284752 77.689842 76.507919 73.350220 70.953674 69.112816 66.839661 64.477493 62.246239 60.025139 57.098522 54.464508 53.207092 51.895443 49.537045 48.905777 49.239544 57.674305 64.536263 0.000000 0.000000 0.000000 0.000000 0.000000 0.000000 0.000000 0.000000 0.000000 0.000000 0.000000 0.000000 0.000000 0.000000 0.000000 0.000000 0.000000 0.000000 0.000000
162.490646 156.256821 150.804596 145.620514 140.761398 137.493408 139.037750 133.005798 118.034760 114.591179 118.694878 113.542282 110.118088 108.640755 104.273506 99.029640 93.023499 90.943932 85.729820 83.286278 80.115776 77.094933 75.563240 72.472534 70.241890 68.410225 66.009209 63.519192 61.819798 59.227089 56.469444 54.438911 52.687489 50.842995 49.410740 48.572010 50.066319 58.447510 63.800861 0.000000 0.000000 0.000000 0.000000 0.000000 0.000000 0.000000 0.000000 0.000000 0.000000 0.000000 0.000000 0.000000 0.000000 0.000000 0.000000 0.000000 0.000000 0.000000
161.561676 155.677231 150.115585 145.181793 139.893173 136.357513 135.596420 128.547852 121.478348 122.264832 120.211212 118.935600 116.302315 113.523781 109.444183 106.565468 100.785622 96.439659 89.699379 85.619652 82.898262 78.626625 74.031548 71.065918 68.539009 67.993614 65.980713 63.587078 62.091602 57.767170 53.893353 52.818256 51.975990 50.381302 49.421291 48.231571 49.296017 56.373386 63.613327 0.000000 0.000000 0.000000 0.000000 0.000000 0.000000 0.000000 0.000000 0.000000 0.000000 0.000000 0.000000 0.000000 0.000000 0.000000 0.000000 0.000000 0.000000 0.000000
160.607880 155.061310 150.221024 147.227341 143.311340 135.964462 129.504578 124.489632 122.983994 124.113327 123.915756 123.479805 121.301620 117.689262 115.280914 113.884827 105.374275 100.306580 94.221527 87.727196 84.721992 80.915001 76.717522 73.310966 69.185074 66.211380 62.985008 59.722504 55.904778 52.322792 50.768665 49.495655 48.900871 49.287312 49.414597 47.038509 47.742062 52.878521 59.653675 58.978210 54.759903 50.982426 0.000000 0.000000 0.000000 0.000000 0.000000 0.000000 0.000000 0.000000 0.000000 0.000000 0.000000 0.000000 0.000000 0.000000 0.000000 0.000000
161.593475 154.936584 150.044327 150.329636 148.093719 132.890930 127.832932 126.161285 127.154060 127.284523 128.695282 129.655411 129.848129 126.965866 124.821503 121.151573 115.287277 107.496178 101.060898 93.959351 86.431427 81.550674 77.907181 75.871437 69.580528 68.473122 66.048950 62.985039 59.330410 54.239243 52.041679 50.090439 48.514431 46.167931 45.212955 45.939808 46.048527 49.283535 56.227993 52.936829 49.965008 47.520870 43.442787 41.611576 0.000000 0.000000 0.000000 0.000000 0.000000 0.000000 0.000000 0.000000 0.000000 0.000000 0.000000 0.000000 0.000000 0.000000
162.562012 155.467438 149.200699 146.816605 142.186432 131.204926 129.518936 130.175903 132.282196 133.508270 134.694885 136.715652 138.349899 136.679581 132.674866 128.386261 123.562218 115.662590 107.454994 100.004135 94.118317 88.920914 84.857536 79.483826 74.316750 69.073334 65.564499 62.742413 59.169289 53.344440 51.559116 49.721630 48.809105 47.122906 44.486103 41.589027 40.458660 44.566669 49.166363 47.866043 45.162014 43.902481 41.154781 39.180882 38.151451 40.630592 42.952339 45.741566 0.000000 0.000000 0.000000 0.000000 0.000000 0.000000 0.000000 0.000000 0.000000 0.000000
150.645081 151.247482 145.833984 141.038681 137.275345 134.240128 138.263641 138.777420 138.556610 141.282990 143.156067 144.938690 145.467346 141.644455 136.991470 131.891174 126.647041 118.972984 112.542786 105.836555 99.926712 94.781364 90.683609 84.056213 78.646446 69.356659 64.793983 60.991222 56.394230 52.063545 50.512997 48.662498 47.659916 46.194885 44.828957 42.719391 39.328297 38.642319 38.293510 39.316662 36.740124 35.655952 35.590183 36.404556 34.506607 34.407837 35.524166 38.956692 41.421223 42.020580 0.000000 0.000000 0.000000 0.000000 0.000000 0.000000 0.000000 0.000000
148.990906 146.422104 142.911057 140.361023 140.310547 141.100479 145.664154 148.147629 148.357590 148.852249 151.473679 147.886765 145.895737 142.122910 137.160553 131.953278 126.972771 121.277107 116.062859 111.085960 105.158134 99.278961 93.555199 86.725494 79.764488 69.764114 63.004120 57.502411 51.670841 50.224194 49.281509 47.731678 47.164501 45.647232 44.931015 43.825325 42.064194 37.956341 37.270363 36.247211 34.413841 33.579571 33.348755 31.526278 30.433260 29.763586 29.591179 30.564909 34.076096 36.959213 37.863117 38.433113 0.000000 0.000000 0.000000 0.000000 0.000000 0.000000
152.573746 149.042496 146.192703 148.963608 150.016983 153.431992 157.752182 159.638336 159.133774 157.825226 156.288391 150.087952 145.163605 141.077881 135.842728 131.466141 127.185608 122.636314 118.095894 113.374199 108.348846 103.205170 95.541267 87.447227 80.241272 71.859230 59.804253 54.159424 50.209587 49.202801 48.353607 47.240360 46.324196 45.093372 44.959393 45.326385 43.856033 40.522152 39.784962 38.176918 36.235245 34.442951 33.640438 32.477715 32.051323 29.966370 29.472237 29.353296 28.366165 27.959122 35.491379 37.171688 40.224007 42.712303 44.736179 0.000000 0.000000 0.000000
160.038422 155.358002 152.020691 156.572037 161.513947 166.124832 169.072235 169.798111 167.307877 163.267899 160.149933 150.531311 144.878296 140.761063 135.174545 130.576187 127.261475 123.104881 118.694237 114.857315 110.063782 104.052551 95.301811 86.888603 80.526924 71.557304 58.070957 52.656242 49.123043 48.660946 47.636307 46.213120 45.599041 45.227356 44.825409 44.150848 43.132046 40.385105 39.259346 38.337765 37.168831 35.460419 34.187458 33.121174 32.826939 29.345482 28.817436 28.289392 28.773211 27.332190 29.417322 34.721546 34.955132 37.548889 39.290222 44.958637 0.000000 0.000000
167.325653 164.768143 162.472427 164.244293 169.861969 176.032486 178.190155 176.263596 171.062958 165.691788 161.283951 152.409668 145.399445 140.874573 136.403442 131.065536 126.815971 123.936707 120.013130 115.812584 110.631531 103.259552 93.564407 82.893143 76.751259 67.673698 57.865295 52.506882 49.306507 48.942711 47.860760 47.255936 46.673195 45.573315 44.754410 43.717636 42.190403 41.311954 39.651138 39.987968 38.299553 36.667549 35.463257 35.076199 31.666452 30.505966 32.577484 27.761349 27.233303 26.705259 26.141613 25.577967 30.946152 34.913174 35.912853 38.911896 42.206635 0.000000
176.280960 172.229492 172.262177 172.050171 176.193787 182.664688 184.041016 179.730194 173.928314 168.034897 162.304840 154.368210 145.973038 141.498535 136.488586 130.394638 126.444580 124.061584 120.651665 115.481979 109.428993 101.183907 91.867874 78.723999 72.015472 64.926353 58.205200 52.245895 49.542480 49.133396 48.229229 47.338181 46.587906 45.745003 44.408817 44.063229 43.070145 41.941074 41.161129 40.436474 39.908463 37.804783 34.182468 33.343796 32.505123 33.358059 31.098475 29.802860 28.749674 27.727467 27.744022 25.014322 24.199734 31.999809 34.231987 33.223114 35.141663 37.790474
185.481674 181.610184 179.789703 180.885544 186.341324 191.563797 189.368088 184.302597 177.518036 171.233551 165.471466 160.252090 152.698761 146.319717 138.221725 131.920288 125.472046 121.641068 118.880630 114.181007 107.216118 97.047470 86.408829 76.621780 69.372421 64.877007 57.831795 51.537601 49.566887 49.272774 48.864502 47.789185 47.889790 46.486149 45.198841 46.030140 45.729519 44.727459 42.523605 41.500687 40.093685 36.597343 35.389908 34.895123 34.152554 33.338402 31.277945 30.950001 29.962765 28.639864 27.740995 27.142973 23.385143 23.135620 22.886099 27.107708 30.754129 32.725410
197.507721 192.234528 193.427170 192.963776 196.803528 197.237900 192.646759 188.623199 182.581879 175.723221 169.781921 163.980865 156.422760 151.470261 145.150604 136.309769 125.181290 119.233528 115.914719 110.972412 100.244492 89.787727 81.027229 74.256958 68.731430 65.674637 58.772617 53.200981 51.876804 49.996330 49.603584 50.794460 52.040916 51.423298 50.120766 49.149673 48.284546 47.149551 45.116043 41.778187 41.109627 40.060360 38.122334 36.038864 35.321850 34.341961 31.981691 31.066935 30.372898 29.510744 28.509151 27.238068 26.383745 25.172707 22.636576 21.622160 24.277458 30.586426
