WMS/WaiehuKou_v1/WaiehuKou_v2_50m_PrecipTestGagFaka2wms.ele
north: 2317460.096440
south: 2314160.096440
east: 760344.135272
west: 754744.135272
rows: 66
cols: 112
[rows 26 to 51 of 66, columns 0 to 57 of 112]
0.000000 0.000000 0.000000 0.000000 0.000000 0.000000 0.000000 0.000000 0.000000 0.000000 0.000000 0.000000 0.000000 0.000000 0.000000 0.000000 0.000000 728.900024 684.483582 659.400574 642.411865 624.864746 609.854004 575.599915 549.588074 561.093811 572.787537 543.591919 506.257660 478.603363 473.341187 463.907043 447.630096 430.712524 413.153168 406.704407 388.262054 362.998596 330.323853 304.131866 278.485107 268.943298 266.420624 262.500519 259.999237 256.308563 265.292999 274.863983 283.351440 271.088928 261.483704 258.855103 253.626587 275.241028 283.976959 276.032562 263.673157 242.603958
0.000000 0.000000 0.000000 0.000000 0.000000 0.000000 0.000000 0.000000 0.000000 0.000000 0.000000 0.000000 0.000000 0.000000 0.000000 0.000000 753.142639 701.026001 669.950745 657.891663 641.567322 621.864380 605.793457 573.256531 570.637207 581.905579 583.073059 542.085205 524.498169 521.890503 510.714203 495.822815 471.942719 440.629028 395.125549 371.264801 360.694519 339.626343 310.335571 289.393494 285.654510 287.621246 287.958191 292.576569 271.723419 275.812012 292.471130 312.121948 313.124939 307.168335 284.277832 285.906586 293.196625 301.066742 288.633820 265.749603 239.666214 220.385452
0.000000 0.000000 0.000000 0.000000 0.000000 0.000000 0.000000 0.000000 0.000000 0.000000 0.000000 0.000000 0.000000 0.000000 0.000000 0.000000 734.985046 694.446960 668.449951 652.785461 635.491150 627.257080 620.702820 613.729797 608.274292 600.968201 593.398071 569.423096 554.755981 533.465881 516.964844 495.288757 485.105042 451.585144 399.761047 352.989319 328.024628 310.566711 303.354889 296.374176 309.581329 318.283112 325.333984 298.355560 288.544769 299.233673 323.099945 345.568787 339.340668 328.776367 301.856262 301.490967 316.943634 304.328888 272.546173 245.858841 224.381958 199.521515
0.000000 0.000000 0.000000 0.000000 0.000000 0.000000 0.000000 0.000000 0.000000 0.000000 0.000000 0.000000 0.000000 0.000000 0.000000 0.000000 729.983765 685.920105 667.086853 651.907898 645.483826 640.167053 645.402344 641.975342 634.981018 629.561768 591.410889 570.714417 553.960449 532.735413 519.331055 495.296844 468.278290 434.111908 391.551910 350.044159 327.917084 317.778534 324.990387 324.204102 342.282288 354.414490 324.074036 306.259399 311.892426 336.786682 361.437958 372.905975 360.950134 343.282013 329.078247 328.040802 320.916077 299.546173 266.371826 245.835724 210.831070 199.840668
0.000000 0.000000 0.000000 0.000000 0.000000 0.000000 0.000000 0.000000 0.000000 0.000000 0.000000 0.000000 0.000000 0.000000 0.000000 811.598267 750.292847 698.807922 676.275940 666.093201 661.817017 657.269653 669.710693 674.019165 670.970398 635.901306 602.381836 574.231750 552.061218 529.680359 493.599854 458.359467 424.615387 394.944763 364.998260 334.252747 331.106598 338.041321 359.176514 369.927917 372.230652 337.608276 324.299866 333.133484 348.611115 380.259705 394.530365 384.260498 370.817780 356.568329 343.221832 325.494629 295.707306 269.757813 247.304092 224.585983 223.863113 232.810013
0.000000 0.000000 0.000000 0.000000 0.000000 0.000000 0.000000 0.000000 0.000000 0.000000 0.000000 0.000000 0.000000 0.000000 0.000000 827.203247 783.304321 730.647400 705.646851 684.254944 682.177979 692.310730 700.284973 698.379700 670.086243 630.234680 588.756287 562.916748 520.830444 487.771179 452.127380 418.192444 388.691193 360.360046 351.657623 342.955170 354.686981 378.736420 409.126251 363.422302 349.523743 347.322174 354.882477 370.371368 395.964630 411.237640 401.513458 380.661072 361.313599 330.137787 308.685944 283.254364 272.955505 252.144211 248.946335 253.788132 264.903931 254.282043
0.000000 0.000000 0.000000 0.000000 0.000000 0.000000 0.000000 0.000000 0.000000 0.000000 0.000000 0.000000 0.000000 0.000000 841.026184 826.551697 801.108398 751.971130 721.150391 716.052185 716.836609 719.525635 709.307983 688.079285 652.151001 617.121887 588.072449 559.406189 530.153137 494.849884 441.588928 403.064392 372.655884 366.507965 376.002228 378.594940 392.103607 425.892487 420.178375 377.320831 391.219391 396.089844 403.110321 417.858948 407.662994 384.269012 362.716309 347.787933 330.970062 324.587311 319.764343 303.144012 292.767944 294.493378 289.266235 272.139313 249.266861 230.357132
0.000000 0.000000 0.000000 0.000000 0.000000 0.000000 0.000000 0.000000 0.000000 0.000000 0.000000 0.000000 0.000000 0.000000 841.328491 828.240234 804.067200 768.766235 733.780579 721.712952 712.538940 695.089722 672.635254 661.591187 629.072327 593.735352 554.143677 516.474243 499.579224 461.601318 417.492676 387.107758 378.803802 413.926208 426.641052 435.470734 454.571259 454.477386 422.637878 419.314545 439.167938 443.953094 448.299835 432.673981 397.751984 375.684906 370.170105 362.698090 364.191040 356.049896 345.359253 329.724518 315.261993 296.814423 273.182098 251.624496 230.850449 216.432541
0.000000 0.000000 0.000000 0.000000 0.000000 0.000000 0.000000 0.000000 0.000000 0.000000 0.000000 0.000000 0.000000 0.000000 856.162415 832.473328 801.610413 771.146729 732.445923 713.600647 690.453613 672.891907 644.924133 608.953247 560.517029 547.595215 516.207275 471.314209 413.942841 404.863922 398.945190 393.026489 431.732208 451.284241 468.765900 483.272797 477.135590 438.256805 430.124847 456.071472 475.125183 466.810089 451.243591 432.275665 423.320648 411.089203 400.899994 383.625641 358.124939 335.164551 315.173065 312.674408 290.818512 271.042053 245.778656 232.828445 223.292282 212.155930
0.000000 0.000000 0.000000 0.000000 0.000000 0.000000 0.000000 0.000000 0.000000 0.000000 0.000000 0.000000 0.000000 867.916504 851.540405 833.216919 812.805298 769.984558 738.895569 725.772034 710.988342 691.658508 655.153137 605.915466 566.636902 532.516907 488.109283 452.190430 433.066620 429.313171 410.568970 447.869965 470.274231 496.345398 508.656616 480.902374 454.520721 446.388763 466.717743 484.486603 479.223785 466.309875 458.881989 442.177277 429.252014 411.970245 390.345062 352.504883 333.420898 305.937073 286.846497 274.807465 264.406952 249.604309 244.598511 240.231445 232.406921 241.155991
0.000000 0.000000 0.000000 0.000000 0.000000 0.000000 0.000000 0.000000 0.000000 0.000000 0.000000 0.000000 869.221375 848.469849 843.389160 819.747742 796.907410 774.057068 756.158875 718.243591 710.077209 689.073792 657.378174 602.117981 558.099243 529.247192 520.794006 518.197815 487.961945 440.611145 470.790771 499.647552 520.741455 536.178589 506.252747 472.108490 463.314606 483.420929 497.300507 493.603363 487.208679 473.606812 457.776672 429.404877 397.047638 383.287964 361.197845 336.482208 305.080780 289.443512 281.912445 274.106506 264.875519 260.102570 262.947418 266.117889 273.063965 274.639313
0.000000 0.000000 0.000000 0.000000 0.000000 0.000000 0.000000 0.000000 0.000000 0.000000 0.000000 884.031189 866.970276 855.366394 847.145813 834.046204 824.255554 797.885193 767.608887 726.929749 694.928955 666.549500 655.212585 622.077454 584.956970 580.017761 579.448181 540.607178 498.394592 510.921387 531.200867 551.131897 559.885986 530.515564 494.138489 484.164581 512.070068 517.324829 512.606812 501.244263 487.729462 469.558899 437.376984 409.852020 378.837646 352.419525 325.805145 314.246613 309.647308 313.026367 315.998566 301.800476 293.913971 290.313171 293.859375 302.093262 298.732697 281.229614
0.000000 0.000000 0.000000 0.000000 0.000000 0.000000 0.000000 0.000000 0.000000 0.000000 0.000000 889.606934 886.724854 869.412537 846.675964 836.302429 823.600220 797.807983 772.098145 734.277710 701.667236 689.937073 685.344055 669.266479 646.994263 628.322266 603.207153 547.630005 551.061768 569.697571 584.915894 582.104553 557.100647 529.228882 510.910919 525.875427 538.820801 527.862671 511.060883 494.049744 467.478271 437.561829 410.073456 380.696930 354.906342 351.020599 343.705505 349.687775 355.777832 353.695526 343.786835 337.472656 328.687805 328.483398 325.878204 313.854797 298.232208 270.419342
0.000000 0.000000 0.000000 0.000000 0.000000 0.000000 0.000000 0.000000 0.000000 0.000000 0.000000 899.590881 888.459412 872.729065 856.341553 839.793701 805.309692 780.227905 772.873962 761.527954 733.259521 721.149658 713.371826 684.700195 643.681824 603.581726 584.681458 566.155701 605.832581 613.158691 605.599915 589.291931 572.408936 538.388245 534.794678 549.800598 533.071716 512.728271 488.222839 464.537689 441.182098 412.106049 398.851440 395.600922 393.017517 392.773499 390.887177 394.748352 388.620392 377.184509 364.705994 363.063660 350.155701 337.168640 316.175354 300.616974 287.072906 271.750732
0.000000 0.000000 0.000000 0.000000 0.000000 0.000000 0.000000 0.000000 0.000000 0.000000 904.749756 892.475525 885.946350 880.248779 863.530090 834.228455 808.857300 798.381897 775.969360 753.966248 722.779907 712.047058 694.225342 664.543945 645.883301 631.898560 629.122742 640.024109 637.522949 629.383057 611.557312 583.188660 557.984192 542.781372 556.503845 544.640015 531.378845 521.093872 494.963257 467.971191 449.288147 453.878632 449.836792 443.279144 438.813995 434.766785 426.377869 413.715240 396.340515 383.528748 370.774750 354.394745 333.357544 326.620514 317.459412 310.152618 291.918762 292.427338
0.000000 0.000000 0.000000 0.000000 0.000000 0.000000 0.000000 0.000000 0.000000 0.000000 898.612000 889.128174 875.577759 868.456726 857.511108 841.390320 822.776978 786.989563 778.472717 762.309998 725.427856 710.168518 694.632629 686.196167 687.677612 673.647705 660.332153 643.016479 629.353699 613.567810 588.650391 586.221313 578.780151 572.898132 563.174500 554.786621 543.035583 523.178467 495.511139 489.219025 489.860718 489.104370 483.824768 472.268097 460.471527 443.591980 428.745575 411.696686 394.248840 381.041992 369.920532 362.277649 358.898041 352.374329 342.286713 331.808746 318.843384 310.226257
0.000000 0.000000 0.000000 0.000000 0.000000 0.000000 0.000000 0.000000 0.000000 923.917908 908.530457 898.250793 880.155151 861.853821 852.860413 839.193420 824.609680 804.661743 784.902649 764.982178 733.194214 723.379761 719.230286 706.539001 687.324707 673.345947 654.762817 646.973938 628.953125 620.835938 613.339172 602.077087 594.528259 585.750977 576.825745 565.271790 549.687805 535.021057 530.032043 524.049500 511.934692 500.121368 490.276764 478.934021 467.454803 448.263092 434.095734 418.310883 401.973572 390.389648 387.469360 376.235107 363.181915 347.640625 326.856934 328.791412 320.108307 307.133789
0.000000 0.000000 0.000000 0.000000 0.000000 0.000000 0.000000 0.000000 0.000000 933.158325 921.488586 904.870056 881.754944 866.007629 845.974060 834.403015 822.659851 801.779053 785.819641 773.289429 744.453918 732.130493 726.080811 704.830322 689.753967 675.102905 666.041626 656.574890 644.039856 634.880981 630.619019 616.456604 605.437622 593.638123 589.592163 576.760681 560.818420 553.477722 538.714478 529.341125 515.641479 503.997253 492.751312 475.904266 462.411774 445.370667 431.473969 417.714844 406.032166 396.310608 381.462311 367.290955 357.246216 343.305573 317.833466 296.079681 295.117218 282.215057
0.000000 0.000000 0.000000 0.000000 0.000000 0.000000 0.000000 0.000000 929.528259 897.138306 872.352051 863.603699 852.200989 837.548645 825.357117 809.248962 800.631104 785.513428 778.494568 762.527710 746.674377 727.301819 719.304016 693.561157 686.761108 680.865723 672.719421 660.879700 650.683105 641.941772 634.984985 630.128540 620.654602 608.656860 597.524048 585.244568 568.085449 558.598022 542.718079 527.566467 510.396667 486.883728 464.989746 459.095337 452.274780 440.295746 427.692078 417.410919 407.055084 390.869720 369.595795 341.581970 326.644135 315.633179 300.734955 277.781738 268.225342 253.971039
0.000000 0.000000 0.000000 0.000000 0.000000 0.000000 932.696411 907.578186 880.481262 856.201538 827.617249 820.590210 805.462280 802.815491 796.449951 786.550354 758.595093 740.234436 725.863647 722.696960 704.389893 684.329041 677.925049 669.731506 644.314880 639.009705 628.263611 616.577515 597.871521 584.836060 579.090820 583.830383 589.329163 581.049255 565.197021 568.590637 560.779785 549.473145 527.187256 504.851898 479.670410 443.066681 431.299500 419.021912 421.439850 416.482239 407.225861 394.488464 382.322601 368.607910 346.679626 324.884857 293.590424 288.380676 277.735077 264.915741 250.163132 243.058197
0.000000 0.000000 0.000000 0.000000 0.000000 929.457642 895.345642 862.448975 828.922424 801.349670 789.259521 763.056702 745.770752 740.378540 744.859619 743.196045 725.558289 694.929443 670.508301 682.958435 657.431763 647.078613 628.078979 619.491699 599.303833 587.372437 575.430603 560.158447 546.055298 527.219299 522.018860 533.631287 530.220703 527.533386 517.922485 521.758545 517.427063 508.761475 492.389771 461.235046 444.279724 420.563385 390.677246 374.215790 381.586639 375.515106 369.982422 354.688873 339.568451 328.190582 315.053864 296.050568 279.800385 269.552429 265.656097 253.499359 244.057419 241.564926
0.000000 0.000000 0.000000 0.000000 0.000000 907.861389 864.348572 816.163696 779.969849 754.841797 747.987732 726.016479 703.629150 688.225342 687.714722 693.668457 686.195618 667.805481 637.298157 635.642090 623.629883 592.105652 585.257263 567.735718 547.801880 533.067383 522.028320 500.155640 488.271729 481.035370 470.104767 476.105682 474.295746 470.070038 469.420013 471.581055 464.107025 459.468140 455.824921 434.636475 407.193054 396.714447 365.698486 346.288269 341.537781 337.428497 331.561157 321.509979 306.185455 295.473694 290.345978 274.481506 264.585022 259.927551 251.174759 243.046036 233.412140 224.277664
0.000000 0.000000 0.000000 0.000000 0.000000 892.003052 836.127808 781.725647 754.555115 730.379700 705.553711 690.296875 653.305725 621.292480 619.859314 627.353394 629.723816 623.087646 595.233704 575.492310 572.657104 541.130310 532.048828 510.478119 507.473480 485.350159 485.996887 463.980042 457.460388 448.331360 444.572632 442.379211 434.250977 433.511230 427.240417 426.545685 423.722443 419.082855 418.847595 407.210083 383.487000 368.150757 350.890045 333.038788 323.809631 313.872162 305.048462 298.555939 286.319946 276.675171 265.294403 255.506699 250.118835 244.948730 238.557785 231.798035 225.039001 221.340851
0.000000 0.000000 0.000000 0.000000 0.000000 883.125732 830.104675 781.898926 744.273193 694.577942 644.536499 622.230896 590.097168 557.501831 556.743103 555.957275 555.171448 557.915894 545.252502 522.163330 526.025940 515.473511 497.805939 496.527435 483.227325 466.107697 454.527252 442.774323 433.004486 430.144653 424.233490 419.191925 407.930420 406.690735 399.534515 398.784088 390.731781 385.655548 377.429688 374.074768 363.249268 349.158020 338.926514 323.276031 310.979187 300.449341 288.851349 281.178345 275.267303 270.956055 268.677917 266.671265 259.803070 249.990341 247.943268 247.379364 245.077301 236.017548
0.000000 0.000000 0.000000 0.000000 912.725159 876.777832 830.988831 790.153809 750.005981 731.050049 700.096436 671.510803 629.725647 633.983643 617.207336 582.557617 554.385620 514.046997 505.520813 494.307770 488.103760 478.580780 471.022156 470.397705 455.076660 444.054840 441.480896 438.906952 435.864349 438.724182 429.089203 415.263489 401.757996 391.634369 385.615082 379.855225 369.694611 357.355255 352.542419 345.680054 342.894928 334.979279 325.500092 313.234314 304.584473 303.441376 296.280457 288.081207 287.152863 276.965179 276.765259 267.750061 252.116974 240.106522 238.125214 231.967453 226.714828 222.635757
0.000000 0.000000 0.000000 0.000000 901.148987 869.249451 827.150085 791.454956 778.104980 768.554565 739.572754 715.528198 705.929504 694.176514 660.285645 622.781677 587.896240 568.873779 550.217773 542.052185 541.351013 529.901184 509.791565 492.894348 484.690887 484.059967 484.619507 483.769196 491.658630 488.416870 470.142639 454.074799 434.764679 412.984344 402.739624 388.176910 380.787750 370.040222 356.058624 340.627106 333.053223 326.251099 319.921692 318.262726 316.078461 301.632660 284.472260 272.327667 266.337646 260.686554 255.962097 250.387131 243.954147 236.045334 229.224594 222.310135 216.435059 211.798889
