WMS/WaiehuKou_v1/WaiehuKou_v1_Uniform_10mgrid.ele
north: 2317430.096440
south: 2314160.096440
east: 760344.135272
west: 754744.135272
rows: 327
cols: 560
[rows 104 to 129 of 327, columns 406 to 463 of 560]
44.979393 44.287308 43.224651 42.261475 41.305843 39.743694 38.476624 37.162495 35.762440 35.062965 34.491039 34.079617 33.976166 32.826519 32.326675 31.935358 31.604961 31.260954 30.865772 30.517035 30.363079 30.316881 30.081066 29.555929 28.573706 27.903227 27.458109 27.127350 26.822790 26.519840 26.190350 25.856161 25.529324 25.018286 24.658257 24.308655 23.979269 23.683367 23.343658 23.039305 22.727402 22.412518 22.094656 21.558651 21.181589 20.738863 20.305035 19.908281 19.484776 19.126183 18.835405 18.603001 18.562765 18.835766 19.331097 19.972786 20.539154 20.616240
45.105042 44.627010 43.700150 42.641521 41.734169 40.362026 39.360928 38.029057 36.362648 35.379971 34.934429 34.183071 34.286522 33.642242 32.594822 32.001839 31.684322 31.436712 31.124676 30.746767 30.449738 30.234619 29.960672 29.475758 28.571121 28.085924 27.727995 27.666304 27.329292 26.875221 26.451759 26.072208 25.759653 25.446331 24.952953 24.605251 24.267887 23.941820 23.571638 23.232630 22.904703 22.588804 22.263016 21.835350 21.551197 21.167826 20.724743 20.282694 19.854742 19.480101 19.179085 18.935455 18.929110 19.349876 19.812210 20.297403 20.550402 20.272097
45.169991 44.913574 44.100834 42.938946 42.083763 41.418255 40.430412 39.095932 37.198757 35.806309 35.186554 34.922470 34.063171 33.925381 33.033867 32.076595 31.763103 31.596222 31.429873 30.958450 30.526819 30.154226 29.807026 29.324926 28.825304 28.541370 28.408966 28.139944 27.960176 27.285311 26.688124 26.247593 25.928911 25.657921 25.251619 24.904295 24.535568 24.200401 23.836096 23.481657 23.139994 22.793791 22.454235 22.206181 21.911901 21.598900 21.145256 20.655880 20.221115 19.828909 19.510792 19.268991 19.314205 19.792274 20.089045 20.278818 20.248627 19.998632
45.321804 45.062344 44.273224 43.174236 42.346230 41.867344 41.369873 40.309761 38.114601 36.389183 35.450047 35.148075 34.386280 34.013939 33.366833 32.246021 31.933422 31.762323 31.491564 31.119011 30.674944 30.284052 29.858305 29.418316 29.143993 29.165878 29.195761 28.943991 28.349808 27.722630 26.982809 26.451706 26.119020 25.862902 25.502405 25.140802 24.807165 24.494606 24.153128 23.785275 23.421282 23.047308 22.680649 22.401077 22.135862 21.893139 21.499317 21.019562 20.550709 20.173332 19.854759 19.596231 19.677847 19.951714 20.136082 19.856245 19.376146 19.349472
45.545155 45.271145 44.449814 43.472561 42.622017 42.181763 41.689953 40.812817 39.061001 37.273479 35.879562 35.490849 34.981903 33.990013 33.790730 32.849819 32.382996 32.069904 31.705667 31.282339 30.882280 30.518545 30.089874 29.717197 29.538090 29.713987 29.873053 29.639091 28.938610 28.009424 27.277615 26.719219 26.378963 26.116920 25.805563 25.380157 25.063250 24.780807 24.475760 24.090330 23.700672 23.308725 22.932867 22.594986 22.298206 22.077368 21.781775 21.370947 20.888536 20.490652 20.163059 19.915300 20.013680 20.221666 20.041754 19.700399 19.402821 19.488209
45.948872 45.414894 44.785870 43.950298 43.017086 42.334991 41.611332 40.668018 39.537933 38.056011 36.661949 35.922451 35.486713 34.953995 33.922138 33.862854 32.960907 32.586941 32.057152 31.528767 31.066206 30.680277 30.273945 29.976576 29.836121 29.934671 30.140297 29.973070 29.333576 28.404295 27.529903 27.045061 26.726934 26.422766 26.099960 25.598452 25.290810 25.040928 24.753834 24.372393 23.989805 23.598902 23.222109 22.836281 22.468100 22.215109 21.972145 21.623714 21.212013 20.815552 20.486824 20.248438 20.332458 20.531225 20.221334 19.539331 19.405420 20.044376
46.415005 45.811638 45.183754 44.691360 43.531689 42.717365 43.502445 41.163734 40.062946 38.773804 37.382168 36.242580 35.871307 35.400131 34.402428 34.054527 33.624287 33.080761 32.473343 31.835392 31.281385 30.872551 30.489578 30.161327 29.942060 29.902531 30.036564 29.900686 29.412510 28.605846 27.841423 27.307871 27.142757 26.819281 26.427050 25.945625 25.551313 25.309387 25.057072 24.702072 24.301483 23.900217 23.526125 23.132656 22.719946 22.335754 22.096916 21.791637 21.451311 21.102156 20.782845 20.559935 20.662066 20.907980 20.799049 20.359554 20.371801 20.711613
46.997742 46.460960 45.925766 44.931690 44.823845 43.775307 43.292679 40.817017 39.568436 39.525757 38.347301 36.961323 36.340050 35.798103 35.235294 33.906834 33.807945 33.495399 32.983887 32.282059 31.622831 31.140594 30.735140 30.347874 30.025620 29.856552 29.827541 29.671309 29.267141 28.625593 28.101156 27.765541 27.449617 27.232983 26.744654 26.316317 25.821156 25.597641 25.377439 25.029787 24.619072 24.218910 23.828568 23.427914 23.022659 22.617218 22.281368 21.994219 21.678921 21.357763 21.042177 20.861210 21.014791 21.304258 21.284214 20.901072 20.881123 21.133202
47.592781 46.977417 46.271568 45.395061 44.547260 43.377731 42.384998 40.551949 39.763248 39.776371 39.394077 38.147697 37.126930 36.287457 35.367882 34.412071 33.763454 33.704967 33.388458 32.712456 32.037434 31.491957 31.027061 30.599794 30.230057 29.966633 29.773380 29.551254 29.181543 28.724915 28.413284 28.168440 27.872715 27.446732 26.920542 26.598927 26.142174 25.921761 25.689325 25.336096 24.925064 24.510931 24.102871 23.689714 23.316080 22.949007 22.588737 22.283913 21.963036 21.635122 21.290741 21.103266 21.282673 21.596769 21.604362 21.263474 21.164450 21.346159
47.918182 47.060772 46.008503 44.857979 44.018303 43.271866 42.714310 41.322113 40.447361 41.075729 39.731216 38.999451 37.925308 36.967022 35.967125 34.727516 34.175610 33.728180 33.578442 32.994762 32.387001 31.814804 31.320835 30.903675 30.544008 30.245045 29.992689 29.602484 29.267006 28.929581 28.712149 28.500072 28.192865 27.741276 27.178574 26.793987 26.475204 26.187136 25.941544 25.633919 25.245869 24.805737 24.395899 23.996403 23.643883 23.340954 22.949911 22.645567 22.302870 21.956541 21.607515 21.408955 21.579578 21.880816 21.870010 21.512104 21.318842 21.487690
47.642311 46.454853 45.189228 44.118279 43.527073 43.216419 42.816074 42.480057 41.323444 41.144146 40.416859 39.219860 38.532841 37.550541 36.150303 35.226784 35.163982 34.942665 33.502739 33.266258 32.627468 32.110291 31.593311 31.189692 30.846024 30.514511 30.186161 29.752169 29.440443 29.169523 28.994705 28.803682 28.441717 27.961720 27.462826 27.077452 26.756857 26.409277 26.135538 25.865011 25.525059 25.148335 24.756536 24.348198 23.985271 23.663721 23.291677 22.947880 22.610222 22.272764 21.962963 21.798346 21.929941 22.150175 22.104883 21.741867 21.424664 21.628386
46.796757 45.655727 44.584843 43.838928 43.534115 43.464367 43.131802 42.776173 42.264359 41.605350 40.004253 38.566860 37.826210 37.688374 36.959320 36.474167 36.456486 36.402103 34.918629 33.390976 33.104843 32.409660 31.944592 31.493048 31.091516 30.732441 30.374411 30.026966 29.648489 29.492054 29.380297 29.146469 28.716877 28.222078 27.780939 27.431973 27.073578 26.576458 26.334377 26.077152 25.777582 25.460508 25.101458 24.718451 24.329735 23.957920 23.621544 23.152569 22.828234 22.526794 22.261524 22.139122 22.248398 22.391584 22.284359 21.880302 21.583641 21.814861
46.214516 45.522137 44.773239 44.195839 43.985996 43.861813 43.476143 43.110958 42.613209 41.555378 40.761417 38.855133 37.964043 38.087559 37.700489 37.090832 37.880501 37.927853 36.882141 34.824833 33.426392 32.862667 32.387733 31.898615 31.448795 31.005152 30.623571 30.278563 29.886723 29.850660 29.842295 29.618757 29.136486 28.574469 28.167252 27.868530 27.510801 26.919018 26.484964 26.306278 26.015848 25.734837 25.429840 25.089397 24.679659 24.276041 23.916988 23.369440 23.012602 22.737917 22.527170 22.430557 22.503286 22.618982 22.516195 22.135031 21.825668 22.059116
46.314697 46.029179 45.487011 44.999062 44.717476 44.303421 43.729412 43.196003 42.561775 41.350086 40.503044 39.771458 38.470940 37.958534 37.829514 37.915829 38.245106 38.787331 38.792404 36.155815 34.835495 33.766842 32.862503 32.797646 31.927704 31.488897 31.075140 30.680656 30.237499 30.169846 30.145132 29.939125 29.470306 28.882322 28.521732 28.254662 27.907837 27.477558 26.795057 26.463264 26.277090 26.028708 25.757738 25.434076 25.030182 24.622507 24.256882 23.722887 23.315533 23.013710 22.787615 22.678930 22.758600 22.906233 22.810875 22.502804 22.204546 22.370636
46.834881 46.787266 46.302719 45.668869 45.095516 44.387074 43.548565 42.688721 41.958397 40.961971 40.361340 39.831806 39.475407 38.666527 37.943584 38.064678 38.507820 39.324337 39.361404 38.072506 36.086918 34.298752 33.901379 32.935921 32.783951 32.189411 31.655668 31.173002 30.707363 30.416862 30.311913 30.054998 29.624769 29.120945 28.797060 28.558258 28.259018 27.854286 27.163805 26.758907 26.462242 26.289223 26.019016 25.699003 25.324492 24.955128 24.589619 24.201113 23.646278 23.332071 23.073980 22.954050 23.088627 23.296736 23.219736 22.952297 22.635447 22.640791
47.542683 47.494762 46.888058 45.953480 44.997894 43.956196 42.944725 41.698055 41.315037 40.761761 40.561550 40.821644 40.634335 39.607555 38.391823 38.185768 38.681629 39.602665 39.619789 38.219978 36.282013 34.988827 34.063568 33.565742 33.201733 32.753498 32.517563 31.705036 31.227678 30.682590 30.464392 30.145023 29.748371 29.358404 29.055384 28.799028 28.517799 28.149446 27.626160 27.045137 26.687672 26.433638 26.238083 25.934784 25.580074 25.230282 24.855324 24.462200 23.930984 23.610853 23.341011 23.285027 23.552422 23.841686 23.742746 23.362093 22.957905 22.851000
47.930351 47.896297 47.157276 46.103901 44.908031 43.648067 41.953045 41.048264 40.952763 40.857262 42.000126 42.014809 41.211430 40.313541 38.734077 38.306862 39.004753 39.528732 39.499256 38.600166 36.592033 36.264137 36.402233 34.410316 33.534866 33.461456 32.773827 32.645992 31.839699 31.310902 30.940536 30.522316 30.072691 29.694704 29.392097 29.059397 28.722466 28.380257 27.971399 27.304407 26.913973 26.600813 26.329681 26.098400 25.770977 25.416771 25.033766 24.654268 24.160713 23.844282 23.579699 23.629868 24.046535 24.408588 24.265947 23.721636 23.214373 23.005947
48.065369 47.885044 47.058643 45.930920 44.769157 43.444511 42.124451 41.518295 41.934132 42.408550 42.674133 42.660980 41.942360 40.625259 39.849472 39.071125 39.738316 40.212498 39.888844 39.327450 37.731781 37.067791 37.085804 36.834156 34.316147 33.232246 33.003036 32.778358 32.674778 32.126991 31.728575 31.317265 30.786306 30.264126 29.793261 29.362495 28.963524 28.577309 28.199570 27.583616 27.199671 26.840569 26.492964 26.191114 25.956671 25.603388 25.213112 24.813255 24.478153 24.097218 23.875374 24.001316 24.474930 24.857407 24.674416 23.988146 23.336044 23.023108
47.615005 47.011974 46.407810 45.609322 44.814754 44.073269 43.326477 42.830917 42.953636 43.387516 43.386555 42.985065 42.418617 41.305103 40.398632 39.976746 40.431431 40.916500 41.427250 40.632977 39.378593 38.420124 38.009830 37.476803 35.557446 34.014034 33.336388 33.571617 32.944286 32.676556 32.392990 32.053028 31.620607 31.072493 30.371483 29.713423 29.167234 28.734993 28.396936 27.995302 27.512512 27.131828 26.717852 26.372126 26.082951 25.803272 25.417150 25.016758 24.716827 24.369486 24.203129 24.321293 24.742804 25.071466 24.798462 24.050543 23.343863 23.057886
47.158363 46.321102 45.765198 45.422779 45.105057 44.976818 44.741920 44.372032 44.132229 44.120216 44.062099 43.677963 43.209969 42.432533 41.496983 40.544857 40.803802 41.131516 41.445484 41.157356 40.344776 39.447895 39.051853 38.485107 37.579540 35.879719 34.676064 34.651333 33.796494 33.191593 32.722122 32.547894 32.293736 31.822786 31.091951 30.242634 29.475645 28.919828 28.562643 28.241322 27.827635 27.433470 26.971855 26.583218 26.264194 25.935564 25.634739 25.266909 24.990259 24.738417 24.529324 24.552402 24.822605 25.012049 24.689850 24.003208 23.369297 23.092663
47.002850 46.358250 45.871666 45.776485 45.866432 46.172054 46.483006 45.975407 45.389008 45.015846 44.876919 44.629482 44.230675 43.440598 42.337471 40.763462 40.783630 41.013233 41.356297 41.439198 40.943081 40.183929 39.906002 39.415882 38.604794 37.673367 36.352642 35.570229 34.475792 33.294136 33.056404 32.697865 32.557514 32.358181 31.724382 30.906744 30.037664 29.306620 28.805058 28.480494 28.061234 27.663862 27.200521 26.786133 26.444952 26.101116 25.746513 25.491552 25.225630 25.021687 24.881893 24.890715 25.020905 24.983631 24.576824 23.978844 23.490499 23.370262
47.131950 46.587555 46.537884 46.619522 46.813866 47.021378 47.274151 47.159218 46.435890 45.928493 45.720242 45.561211 45.283680 44.276299 43.029034 41.434151 40.916664 41.049698 41.503605 41.567455 41.290482 40.665913 40.307468 39.914307 39.279175 38.564564 36.905144 35.198364 34.799896 34.080711 33.034210 32.840046 33.058189 32.527065 32.344559 31.491993 30.693542 29.923290 29.283607 28.828140 28.350183 27.858271 27.412443 26.981401 26.596895 26.245672 25.929296 25.625849 25.467159 25.331661 25.432863 25.532196 25.470903 25.106092 24.556229 24.050156 23.742682 23.765028
47.912151 47.412571 47.410484 47.431473 47.402237 47.379910 47.377327 47.482586 47.106770 46.452236 46.226803 46.114506 46.038151 45.078686 43.724041 42.263947 41.192772 41.206955 41.695286 41.698921 41.332218 40.919163 40.428856 39.978619 39.380646 38.535709 37.061440 35.312988 34.282127 33.731876 33.383045 33.477821 32.726849 32.520821 32.438469 32.006947 31.246861 30.533001 29.820728 29.192053 28.665560 28.058538 27.613541 27.148657 26.706526 26.355120 26.072309 25.816662 25.584583 25.642239 26.002552 26.303898 26.070980 25.385590 24.626112 24.156193 24.022417 24.176565
48.649918 48.209171 48.064259 47.900742 47.824566 47.693573 47.343075 47.252174 46.996960 46.562908 46.398819 46.411682 46.364899 45.621246 44.417850 42.956051 42.192055 42.175907 42.128548 41.839184 41.430279 40.928814 40.522591 40.119560 39.430248 38.361488 37.477627 36.351837 35.925514 34.747005 34.771942 34.667576 32.905148 32.603176 32.685528 32.187420 31.572439 31.028048 30.291325 29.603788 28.951147 28.331411 27.787411 27.300831 26.811224 26.446289 26.192551 25.959038 25.775190 25.859196 26.475372 26.934698 26.524225 25.650021 24.802145 24.338015 24.282576 24.522335
49.395267 48.935154 48.626205 48.336388 48.211468 47.952980 47.341766 47.083969 46.792534 46.445549 46.328571 46.295147 46.304234 43.839046 43.732624 43.626202 42.848251 42.717205 42.482449 42.040127 41.535843 41.036385 40.696507 40.321865 39.602596 38.621235 38.149212 37.659500 37.058590 36.332596 35.677109 35.131424 34.044266 33.500816 33.274490 32.859955 31.981373 31.225153 30.773432 30.073860 29.271345 28.716265 28.049944 27.549360 27.028954 26.619417 26.356859 26.128546 26.014179 26.282696 26.787230 27.206240 26.636412 25.737631 25.019447 24.652058 24.631651 24.835558
49.574493 49.694298 49.303074 48.965897 48.715004 48.335850 47.675995 46.596268 45.772125 45.841820 46.104191 46.011639 44.051888 43.945465 45.374062 44.324108 43.637806 43.207802 42.684677 42.197109 41.751030 41.373615 41.055580 40.534637 39.884571 39.139206 38.750088 38.534115 38.207539 37.345078 36.392574 35.459492 34.808132 34.566940 34.455894 33.110703 32.380909 31.970884 30.865200 30.316908 29.852549 29.111946 28.375551 27.813251 27.283432 26.876266 26.365801 26.348866 26.386147 26.797766 27.268761 27.318647 26.614214 25.859604 25.339399 25.102428 25.094509 25.213511
