WMS/WaiehuKou_v1/WaiehuKou_v1_Uniform_10mgrid.ele
north: 2317430.096440
south: 2314160.096440
east: 760344.135272
west: 754744.135272
rows: 327
cols: 560
[rows 104 to 129 of 327, columns 116 to 173 of 560]
599.975525 595.077881 590.281372 585.849609 581.771240 577.720215 573.290527 568.425903 562.330322 560.196960 561.446350 560.614258 559.703369 558.689148 557.576660 556.226501 554.761108 554.212341 554.510925 554.388245 553.245056 550.981567 547.698914 543.374451 538.465088 533.214905 527.477722 520.064026 514.939636 510.820313 507.194031 503.715088 500.008789 496.037170 491.793976 486.809998 480.109589 473.221008 471.388580 470.339264 468.645721 469.427338 470.144470 470.374268 469.140381 466.340424 461.274323 458.908875 456.768036 454.532043 452.557770 451.137604 450.312531 450.115051 449.914856 448.858643 447.164215 446.140259
597.685425 593.223267 588.730896 584.455383 580.268921 576.110901 571.991455 567.223389 564.671997 564.412415 563.892700 562.993713 561.534058 559.900269 558.403625 556.972107 555.701172 554.973083 554.792786 554.220703 552.787476 550.637878 547.993408 544.618774 540.643738 536.123535 531.276917 523.984436 519.052917 514.460144 510.138428 505.839691 501.471710 496.803223 492.639557 487.979004 483.663147 479.102844 475.822998 474.739807 473.710510 473.601746 473.920380 473.698120 472.233032 469.531677 464.455780 461.153625 459.094666 456.900818 454.741943 452.983521 451.817688 451.244019 450.782166 449.942291 448.009979 446.432495
595.409058 591.219727 586.869507 582.602356 578.443237 574.830872 569.495544 567.374939 567.268738 566.918579 566.230835 564.754578 562.558289 560.263184 558.324158 556.790955 555.520325 554.591980 553.851501 552.025940 550.171021 548.260620 546.161438 543.634216 540.659302 537.141418 533.029602 527.626099 521.489197 516.519470 511.644135 506.914703 502.074280 498.055847 494.366333 491.141205 488.485779 484.611115 481.397430 478.608551 476.998047 476.614258 476.722015 476.165985 474.525085 471.931122 468.154694 463.303650 460.071106 457.280823 454.313568 451.929688 449.956757 448.528564 447.635223 447.063019 445.857422 444.238373
593.140381 588.982666 584.760681 580.513489 574.861023 572.111145 571.875793 570.644836 570.084656 568.814026 567.589905 565.409912 562.354065 559.053467 556.180420 554.141479 552.673767 551.726074 550.617615 549.293030 547.793579 543.436584 541.392944 539.364319 537.330688 534.893311 531.799927 528.206787 521.900452 516.956177 511.978394 507.258240 503.080475 499.612183 496.828522 494.640106 492.556732 489.110870 484.482758 481.009644 478.921936 478.278503 477.969452 476.868103 474.661591 471.778412 468.394257 462.834869 459.107117 455.810608 452.801086 448.319031 445.511139 443.213684 441.818481 441.304047 440.880432 439.149109
591.001648 586.473389 580.422363 578.568604 576.714783 575.998840 574.374207 572.779236 571.198608 568.915344 566.817261 563.911560 559.941284 555.305603 550.667175 547.430359 546.220337 545.493164 544.972717 543.953796 542.224121 539.505005 534.076599 532.062012 530.691406 529.307007 527.355896 524.926270 520.403931 515.888550 511.273193 506.791443 502.775848 499.647827 497.330505 495.607513 493.829803 490.623474 485.332886 481.574707 479.054108 477.783234 476.606628 474.785828 471.870789 468.333984 464.877930 459.923798 455.702148 452.147827 448.811890 445.406281 440.234131 437.481354 435.511993 434.533081 434.067017 431.999725
587.419861 586.688477 584.376953 581.204468 578.876465 576.610413 574.531433 572.263306 569.845703 566.410889 563.196777 559.505615 554.752197 548.636353 542.244568 537.672485 534.760010 535.599487 535.628662 535.319580 533.971313 531.641479 528.780334 522.764587 521.843445 521.068542 519.991089 518.585632 516.012634 512.463989 508.568115 504.448059 500.542297 497.469360 495.252747 493.614380 491.776947 488.849487 483.069855 479.143219 475.987335 473.989563 472.024811 469.587891 466.316986 462.461273 458.949341 454.715057 450.206543 446.698029 443.457581 440.463684 437.072510 431.892273 429.381378 427.583801 426.277039 423.988098
593.187378 590.205444 586.619507 582.673889 578.455139 575.066284 572.144775 569.048767 566.359009 562.821045 556.580139 552.141357 547.200073 540.570557 532.880676 527.598572 523.026245 519.797485 519.415955 523.441833 522.578613 520.512146 518.332153 516.228943 510.286499 509.773041 509.190033 509.043610 508.077759 505.386017 502.576141 499.249237 495.714539 492.680786 490.236298 488.092682 485.650024 482.383301 477.184479 472.436035 468.808502 466.212219 463.946442 461.299896 457.985229 454.375427 450.939789 447.621490 442.671814 439.191772 436.136444 433.409637 430.805237 427.873871 421.865875 419.450623 417.092468 414.363800
596.974609 591.438782 587.256104 582.172241 577.439453 573.824463 570.556396 566.414795 561.870972 557.280457 550.237183 544.674622 538.906921 531.656189 522.264099 514.688965 511.210999 508.684998 508.026489 506.866425 504.772552 507.376587 505.385468 503.584595 502.854462 496.109619 494.835571 495.399750 495.938385 494.539063 492.757629 490.494904 487.592407 484.608429 481.730255 478.837158 475.691895 470.786896 467.980621 460.501984 457.584747 454.214600 451.809723 449.520660 446.566864 443.235016 439.871674 436.966461 432.946777 428.875671 425.057831 423.261658 421.106842 418.969177 416.604858 408.987701 406.021057 403.471893
597.394531 590.911316 586.318237 581.513428 577.309814 573.953857 570.536072 565.617432 559.399597 553.466431 545.776489 538.327393 530.266296 522.145752 515.101135 506.259979 499.479858 497.426910 497.767120 496.986603 496.514404 493.934113 489.926636 487.085114 486.581726 485.171234 482.482880 482.488647 481.781128 480.738586 479.947937 478.568268 476.406952 473.569672 469.884521 465.684143 462.394196 458.791260 454.953766 447.520020 442.550537 438.530762 435.134186 433.375031 430.551971 426.495453 423.535400 423.052582 421.289917 416.794830 413.348480 410.419769 407.703369 406.911285 405.083954 401.824524 392.429626 389.682556
596.034119 589.633728 585.278809 581.425293 578.131836 574.799133 570.516418 564.893066 558.040466 550.817078 542.384460 531.426025 523.741394 515.899841 507.693542 501.123047 496.214050 495.584381 494.177917 491.848572 484.055908 481.158478 477.944183 474.288452 472.896881 471.993225 473.900360 467.786926 467.319794 466.573059 465.522095 463.745392 462.208588 460.008911 456.002014 453.035339 449.763916 446.054840 441.691925 434.458344 428.694824 422.959137 418.577698 415.383148 414.825165 410.498108 409.536011 409.146637 407.747375 404.327972 401.015564 398.175995 395.522919 394.195801 392.124023 389.172943 385.278503 378.354950
594.381714 590.167480 584.677490 581.213257 578.049255 574.509949 569.776611 563.582275 556.223572 547.668091 540.137329 529.372070 521.739990 514.446045 504.686829 499.845154 497.726929 494.289307 490.977631 486.837250 481.356171 471.220703 462.606537 463.185272 461.048126 457.167114 461.002411 459.689728 453.258514 452.764465 451.491821 449.697754 449.550903 447.312958 443.863678 439.310364 436.234802 432.785858 428.024475 422.109985 413.403198 407.763794 402.771576 398.549103 396.649475 397.870331 395.213287 395.742859 394.800629 392.405090 389.886475 386.802795 384.600067 382.832153 381.257843 378.458832 375.590729 372.628632
592.510925 589.297241 584.376892 580.977356 577.440186 573.354187 568.166199 561.697388 554.285339 546.594116 538.807739 530.906250 521.351746 514.294678 505.193146 502.340393 497.419128 492.171112 487.559052 482.893890 476.363861 459.282837 451.269897 451.108795 452.212585 446.385284 448.380219 445.800293 443.883514 438.952454 438.375793 435.758484 434.846527 432.837769 430.083710 425.276215 422.222626 419.869263 415.891602 410.770355 401.662109 396.082886 392.442444 387.977264 385.753540 383.178497 382.374268 382.041046 382.308105 381.967743 379.455536 376.575806 374.988983 373.992188 372.895813 369.660858 366.700714 364.509705
590.207336 587.746887 583.981018 580.613953 576.539368 571.702026 566.094116 559.556824 552.314026 544.967896 537.784363 530.371887 521.024597 514.028748 509.131500 503.145416 497.443726 491.334564 485.684387 480.568115 473.569977 461.161407 448.508331 446.369446 444.230560 439.729340 438.177765 432.190094 431.209137 431.838379 426.278625 422.130188 420.610809 418.014191 415.280182 412.109650 409.156647 407.510895 404.472565 399.356262 394.677246 387.308472 382.054657 378.682373 375.353668 373.130096 372.001129 371.215759 372.154877 372.317963 370.016724 368.073334 367.280151 367.600555 366.004181 363.200134 359.609528 357.315948
588.747681 585.737488 583.215637 579.355164 574.884827 569.531006 563.704163 557.222534 550.147034 542.900269 535.866882 529.260071 519.877441 514.354431 510.517609 506.492737 500.187988 493.095093 486.201538 480.476440 473.764526 466.995331 457.259003 450.036743 444.868225 438.564392 429.772003 421.536469 418.956024 418.228882 419.300323 410.320587 406.489197 402.313934 396.366638 398.182434 397.670105 395.858185 394.623779 392.102173 387.536652 381.805695 379.086517 375.295929 372.157257 370.889038 369.655945 367.097412 365.096008 363.302155 362.411407 361.324402 361.907806 361.922150 360.408234 357.332367 354.103699 350.299500
586.470093 584.373840 581.876160 576.837952 572.050171 566.372925 560.414734 554.009766 547.033691 539.950195 532.926514 526.698364 518.960632 512.426086 505.506775 504.708893 503.911041 496.901428 489.158325 482.306824 475.802277 469.970856 461.410431 455.153046 448.845123 441.226044 430.246002 421.243591 417.147827 413.380249 411.238983 409.097748 394.227142 392.195038 393.468353 390.784454 384.322998 383.589935 385.812714 383.547699 382.808594 379.945343 377.291199 374.638031 371.409882 368.490784 365.798920 366.264832 363.938354 359.746063 358.049774 357.534363 356.662933 356.979645 355.565338 352.172943 349.089874 345.886810
586.078674 582.747070 579.816956 574.234192 567.940735 562.040039 556.291138 549.895264 543.194336 535.695801 530.148560 523.757141 516.456543 507.102509 506.304626 511.066406 507.621155 500.803650 494.374390 487.679993 479.976929 473.077484 465.236053 458.240295 451.929291 445.325928 438.846802 431.910675 424.236237 419.225189 415.685608 414.147491 394.955200 391.715576 391.236115 389.415558 385.210571 382.856842 382.123779 381.762695 378.539825 374.525299 372.497986 370.950958 365.545441 364.867065 363.955078 363.043091 363.643463 359.395111 358.565186 359.080597 356.656219 354.768402 353.995941 350.427521 347.102814 344.263550
587.314941 582.947632 578.500916 572.743652 565.413025 558.099976 551.021484 544.622620 538.255615 532.620789 527.286072 521.159485 513.836304 507.900360 512.215515 513.332825 511.486938 506.622131 501.412415 494.340210 485.902039 478.052216 469.635010 460.888153 454.412811 447.250519 443.468903 438.770660 434.281830 429.735748 426.215729 421.338867 409.679962 399.881439 401.721924 398.918518 392.511932 392.274628 391.705383 389.532074 379.600616 376.552582 378.579895 382.857269 381.095459 378.359772 374.875519 362.131073 361.219086 360.307098 364.479248 363.045166 360.640350 358.214569 354.205383 351.351013 347.582794 345.035034
588.623718 583.693176 578.577393 573.073730 563.790283 555.336792 547.868042 541.219299 536.216553 530.760376 525.026001 518.289124 512.908081 510.480804 514.843079 516.313354 516.606689 514.074097 509.394623 502.290253 493.074890 484.145844 475.767029 464.160431 455.960114 448.839935 444.541229 443.620819 440.380188 436.657227 433.341522 428.592865 421.654846 415.141907 411.421387 411.561340 407.517242 403.764252 401.508728 398.591064 395.599670 393.481689 392.484741 391.515381 389.362000 385.920380 381.786621 376.994354 374.125916 371.332336 369.473785 367.150940 363.988434 362.000153 359.120605 354.649536 351.212402 349.208374
589.881897 584.686707 578.843933 572.346863 562.607605 553.844360 545.518616 539.064392 534.288086 528.598755 521.322144 517.498169 516.839783 516.061340 516.100037 518.188599 522.260742 521.718384 518.156372 511.221344 501.267853 492.121216 482.058411 470.596436 460.735352 454.710938 450.397675 446.312042 445.204559 441.224762 436.282257 433.658997 427.952667 422.519958 420.445496 416.669769 413.970856 412.600494 409.416016 406.331635 404.800903 403.094086 402.121765 400.026642 396.881134 393.406769 387.416382 382.615082 379.645569 377.169128 375.507629 373.192383 369.202881 367.049988 364.223938 361.000854 357.810028 354.926849
590.782410 585.498779 579.094238 571.751587 562.555237 552.357849 544.874023 538.005005 533.242432 526.937622 520.162170 520.001343 522.436157 523.075562 523.486572 524.494385 529.017517 529.957397 527.114746 520.637329 511.095795 499.782776 488.658630 478.157349 468.783966 463.841248 458.245758 452.066925 451.148621 448.069733 442.657715 438.444580 432.207581 427.915649 425.988861 422.060333 418.907990 419.557312 417.764587 415.080902 412.705536 411.216248 410.568298 408.640839 405.562531 400.699463 394.445099 389.529358 385.707672 383.890167 382.869080 380.818024 377.244263 373.660675 370.232391 367.182648 364.249847 361.964355
591.192139 585.820496 578.926453 570.909973 562.589600 550.888916 543.364563 537.302856 532.884338 526.017273 523.709473 526.576538 528.425964 529.652283 531.670959 532.979736 536.384521 538.347534 535.728882 529.860596 521.409790 510.730408 497.393616 486.685120 479.481995 473.588135 466.574188 461.641907 460.292999 457.072754 452.517578 446.399872 437.390381 434.305206 431.562592 428.834900 426.726624 424.938690 426.166565 424.229156 421.653412 420.576263 420.001160 418.278564 413.685211 408.878113 402.515808 396.691711 392.727814 391.252441 390.236877 388.359558 385.715820 381.399628 378.086121 374.512573 372.019562 370.156921
590.728638 585.086914 577.823181 569.407349 560.746338 549.186340 541.852112 536.498413 532.487915 529.663757 530.220154 532.797119 535.328552 536.867981 539.541382 542.367310 545.227356 546.420776 543.339050 537.782410 530.200073 520.811279 508.215851 498.037628 489.192932 483.817383 478.389008 473.264679 469.685181 465.749451 460.774597 454.180786 446.083588 441.990784 438.421387 436.894623 435.517029 434.795654 433.087402 433.642548 431.773254 430.993896 431.253967 429.641693 425.034760 419.195526 412.004456 405.989563 401.677673 399.710480 398.167511 396.255493 393.915497 389.777008 386.168274 383.577118 381.487366 379.618744
589.549622 583.484009 575.867554 566.612976 558.231140 550.281982 540.443176 535.378662 534.153564 533.719421 537.290771 540.346558 543.101074 545.489502 547.420898 552.355164 554.433838 553.830994 549.938660 544.228394 537.267395 529.113892 519.544189 509.455048 501.949829 492.835846 488.303314 483.139893 477.494141 473.096924 467.445862 460.649628 451.604614 449.994110 445.488678 444.766907 445.160767 444.297272 443.019104 441.927612 438.555084 443.243225 441.755432 439.477814 433.860107 428.434113 422.382996 416.558044 412.055237 409.448120 407.033630 404.872131 402.534241 398.687958 395.389313 392.788666 390.740112 389.436951
588.070801 581.436218 573.427124 564.573730 554.424377 547.573120 539.345886 535.833496 536.257568 537.786072 540.117615 544.681885 550.904785 553.636536 555.518250 559.475891 561.479492 560.159485 555.841187 549.975342 543.125732 535.698120 527.270142 518.075684 509.992737 502.199677 496.898529 491.316437 485.478912 479.668701 473.400482 465.953552 459.715363 457.943024 454.367828 454.533264 454.338318 455.020630 454.251678 452.578064 450.526001 448.921478 449.396362 446.152954 441.061035 436.271210 431.343079 425.787750 422.238068 418.809662 416.221100 414.036682 411.560638 408.642670 403.875397 401.682922 400.364166 399.092865
586.263428 578.892273 570.698730 561.642456 551.937195 545.826721 539.319397 537.319580 539.700256 543.277283 548.242981 552.019531 555.904907 562.384949 564.038574 566.299316 567.662659 565.445496 560.841492 554.861572 547.931335 540.645081 532.921509 525.132385 517.899841 510.083893 503.081726 497.373810 491.323517 485.076874 477.299347 471.694397 468.083832 465.612244 463.174835 464.059814 463.632996 464.359863 463.448547 461.743561 459.488556 456.573944 453.902771 452.670929 448.217590 443.388214 439.465515 435.255829 431.075623 427.487518 425.297333 422.925171 420.382233 417.352936 412.833771 410.062805 408.174103 406.957275
584.213867 575.599915 567.598389 558.184265 552.383789 547.319153 540.844299 541.823547 546.731445 551.155151 556.853333 561.093811 563.679565 567.311768 573.573669 574.496338 572.787537 569.315002 564.117859 557.890869 550.907532 543.591919 536.267578 529.071106 522.237732 515.571533 506.257660 501.147400 495.494751 489.351624 482.553040 478.603363 474.914337 472.094666 471.674774 473.432983 473.341187 472.825226 471.512878 469.538879 467.081421 463.907043 460.228210 457.153717 456.319153 451.104095 447.630096 443.993225 440.300903 436.089966 432.674896 430.712524 427.925018 424.825226 419.824432 416.030060 413.153168 411.247162
