WMS/WaiehuKou_v1/WaiehuKou_v3_25m_PrecipTestGagFaka.ele
north: 2317435.096440
south: 2314160.096440
east: 760344.135272
west: 754744.135272
rows: 131
cols: 224
[rows 26 to 51 of 131, columns 58 to 115 of 224]
0.000000 0.000000 0.000000 0.000000 0.000000 0.000000 0.000000 469.543823 464.776001 458.232697 447.985199 436.378784 425.037231 414.523865 408.885986 397.134583 390.367432 382.875427 372.631561 360.195587 346.857513 329.651550 316.209045 306.252014 296.257629 287.279907 280.021027 274.218048 267.158722 263.080414 261.768707 260.869995 260.269989 257.119904 250.273956 243.066040 235.249451 232.552414 232.638474 235.301620 231.757965 227.526703 224.219757 219.491684 213.615479 209.609833 205.410492 198.800842 195.630386 197.378906 202.433807 207.393341 209.100006 209.382645 209.644440 211.486160 214.253433 212.538422
0.000000 0.000000 0.000000 0.000000 0.000000 0.000000 477.542694 473.090088 466.493774 456.023895 438.641815 427.387665 416.459930 403.839020 395.818115 387.708344 377.333008 365.916901 355.236206 343.239899 332.507324 316.504120 305.246338 295.735382 288.926544 283.445465 278.071014 271.864929 269.511841 272.272461 272.021667 273.793304 275.137512 271.003998 264.000580 258.916168 254.161743 252.025833 250.310944 247.228790 244.728043 239.711243 233.573883 226.755661 219.154144 212.972351 206.372803 201.754257 202.709595 208.299896 213.225815 215.733871 218.126587 218.159912 218.905655 220.185165 217.703140 207.694458
0.000000 0.000000 0.000000 0.000000 0.000000 0.000000 480.317078 471.753784 460.301758 446.772064 431.533051 417.873383 402.804413 393.562073 384.577332 376.139435 366.355865 347.463806 327.980927 317.773743 314.521942 310.731995 302.100861 294.182526 292.157440 288.727936 286.897156 288.567505 288.016846 288.779602 288.957458 289.994965 289.909882 285.012817 278.991272 277.140594 274.277649 268.952576 263.357422 257.059570 249.976654 243.044327 235.803436 228.615067 220.432022 212.959076 207.409225 207.797028 214.623093 220.241959 222.773590 224.001068 224.861954 226.120682 223.493317 218.779068 213.231689 205.208755
0.000000 0.000000 0.000000 0.000000 0.000000 486.957001 471.093262 460.683868 448.740784 433.269104 419.354523 410.951019 401.670959 391.831238 379.959351 375.936035 367.242004 353.027496 330.923615 316.920166 309.904297 305.544189 299.461426 296.821960 301.292877 300.104889 302.026825 306.609894 307.893677 302.453308 304.385620 306.232117 305.177948 297.629578 290.848602 291.066589 285.931946 275.103851 264.891388 254.390747 245.368317 238.472748 229.551071 223.622543 218.552277 214.111969 214.681488 220.205612 226.872696 231.479858 233.148132 233.142822 233.631470 228.575317 218.589493 210.286255 207.188751 205.540634
0.000000 0.000000 0.000000 0.000000 498.117889 483.091644 465.075256 453.642456 441.787903 426.957764 413.260834 406.973206 400.073120 394.155212 391.216064 387.110260 377.679199 360.157837 332.063843 316.965179 313.200684 311.393250 309.721924 311.049866 313.220093 314.901550 316.428070 321.078125 322.662720 318.021210 318.354919 320.625793 316.366394 308.396820 303.020538 295.465424 283.381836 267.365112 254.119553 244.272964 237.224930 231.552643 227.321838 224.556396 222.170212 225.118591 231.100632 235.161072 238.372925 243.241867 242.892014 239.802002 235.090195 222.940399 212.444458 200.993820 196.458557 195.866379
0.000000 0.000000 512.030579 506.867493 496.444763 482.375885 470.433502 456.591949 446.718079 435.182556 424.425812 414.360443 408.948120 404.836395 400.078339 390.015320 375.187866 355.490601 329.564056 326.802399 331.931946 330.780487 323.350677 324.526123 326.917694 331.516327 333.578094 338.844116 336.335754 333.657013 332.011292 328.410797 323.208069 316.369080 302.545593 288.261810 273.570190 259.695740 248.618622 243.941681 241.733078 239.024719 236.023117 236.919159 241.686554 244.584076 247.476395 248.795624 249.632523 250.657791 246.769943 239.273819 229.318527 215.587128 204.333435 194.132416 186.821594 184.308014
515.823181 509.383514 502.483459 499.333252 493.521881 487.057800 480.382965 467.634430 457.006073 446.034485 435.196411 424.381439 415.757416 405.706268 394.635223 379.890289 363.794098 346.599854 332.325684 342.236755 346.238159 347.044006 341.464722 340.079926 345.028137 351.531006 352.306793 352.833679 347.505066 343.452362 336.551422 329.321838 320.757019 309.677582 292.929901 278.484619 264.390198 258.225983 255.963211 258.136139 259.618500 258.332123 256.950500 256.789825 256.925537 258.105133 255.876770 249.904602 244.577972 240.892120 237.708527 233.429245 225.861526 213.886597 201.826782 189.856445 181.298996 175.133057
498.771484 492.583191 483.663391 479.489105 479.004639 475.175323 472.427460 468.177124 453.634430 440.716980 428.270325 418.688171 408.337982 395.260254 378.958984 362.153503 339.394501 336.321320 335.087341 352.313507 364.180725 364.266998 357.923553 358.636627 360.289185 365.668884 364.407990 358.865784 349.002869 337.917999 326.725311 316.187683 306.507202 297.097473 283.018555 271.024139 266.264862 265.860901 271.744171 276.188629 277.049683 276.183014 273.084991 269.521088 264.626617 258.901337 247.652618 235.617569 225.997940 220.564545 216.571304 215.473938 215.453873 210.850021 201.544815 189.892502 178.174225 168.656387
476.848175 471.674713 466.387848 461.212677 461.233582 460.284698 457.832642 455.952087 444.595734 430.569031 418.291138 406.966034 396.838531 380.783447 360.456207 345.540894 342.467712 346.218781 354.548157 364.664917 378.515961 378.174194 371.578430 373.026001 374.133057 371.301636 363.570007 351.692078 337.909241 324.329132 314.125397 305.234436 298.017120 290.070160 282.858429 278.283264 277.084045 279.910065 287.072968 290.698212 289.292938 285.186981 276.823456 266.609650 256.253326 246.067886 232.855270 220.468903 210.256454 203.112106 197.927795 193.218475 193.067825 190.918503 188.983170 180.804337 170.422485 161.905457
464.658203 453.269897 451.096344 445.712982 441.365417 443.603821 443.176544 440.238861 433.562531 423.270782 411.497467 401.609467 388.278809 371.754333 355.484436 350.512665 365.665344 370.314758 373.784729 380.383392 388.706604 389.480133 384.630951 383.028931 377.996338 368.505554 358.542603 346.511200 332.687469 323.599762 315.503632 311.150787 304.857697 301.481171 297.882782 292.447357 292.673920 298.966644 301.098083 297.868073 290.492432 279.983978 268.254547 253.641190 241.001099 229.542603 218.795502 208.693146 199.527557 191.360657 186.195648 181.589340 177.940628 175.384674 169.989105 163.318024 158.204010 155.269089
456.119263 450.542755 447.069733 439.489960 435.114960 431.433716 428.329224 426.875793 422.740417 414.089996 405.806366 396.963318 384.159973 373.226196 379.327728 378.928772 384.524658 390.460114 394.532410 398.388000 402.023651 400.222443 392.997650 384.435547 374.499908 366.182983 358.118835 347.700317 341.381897 336.333191 331.583588 326.447174 320.035980 316.545959 312.210938 309.422821 308.333679 306.666595 300.134552 290.043304 279.688690 268.344788 255.402023 238.559326 225.548889 212.618561 204.213821 197.042114 190.663071 183.887100 178.108597 174.653610 171.184509 167.224747 163.296509 158.587601 155.705292 153.100113
466.072601 461.606964 454.048187 446.115448 438.492737 427.323700 421.717590 417.584900 414.571899 407.075409 401.936829 396.731171 393.410400 393.399994 392.309387 392.820007 396.192810 405.129608 409.107971 409.108063 406.736176 399.887970 391.561890 383.331177 374.538971 367.244446 359.927765 356.056793 352.034302 346.025146 339.967682 335.100616 330.002472 326.322235 321.572845 313.658997 305.367950 299.402039 290.712250 277.796875 264.416077 254.161682 241.089676 226.541534 212.564987 201.816330 195.073654 187.253235 182.051376 177.838959 174.783112 171.194305 169.056976 166.000305 162.679581 155.647186 148.221268 144.804337
481.666626 474.487152 459.572845 449.253845 446.437927 438.507690 428.381958 423.850800 418.896790 413.180267 411.018616 408.129639 405.547516 408.412048 407.050995 403.678436 407.721222 415.910004 414.874115 409.543304 404.721710 396.709991 390.202881 383.855988 377.572998 371.465027 365.630035 361.006561 355.014496 348.175903 343.000488 338.562256 331.340027 323.098083 314.541443 305.354095 291.371857 282.858307 275.839172 265.326752 248.345047 237.440094 226.033173 216.720520 204.142990 195.678467 189.804413 185.406937 180.105286 175.647720 171.387390 169.505188 167.182922 164.781998 160.567505 153.436737 150.107452 149.518265
488.747345 475.663452 465.902100 458.950226 453.460510 445.371735 436.564880 438.656769 431.368896 422.866791 420.052765 421.309937 422.249847 424.718048 420.572296 416.242645 418.375458 417.474579 410.821381 406.585205 401.748627 395.533264 390.662567 386.608521 382.217224 376.955017 369.561829 363.230652 356.657745 350.468689 344.862152 338.790283 330.471863 316.308014 302.524048 292.110565 279.272736 265.629150 256.396332 247.803558 234.437759 218.880157 207.744980 202.470825 197.321121 192.041962 187.540787 185.922485 180.932144 176.000687 173.703278 170.685440 167.918167 164.204315 159.136703 156.472992 154.519730 152.317245
492.550781 486.549652 479.789246 468.458435 457.769592 450.065582 452.927673 448.005737 440.591461 434.300781 430.921112 429.532440 434.091309 436.515106 431.990387 427.862427 421.762329 413.810303 403.537689 398.151978 391.527679 386.314148 380.704071 377.146729 376.711548 376.072754 371.284821 365.997925 359.010345 351.774994 344.929077 336.900421 327.219849 312.019348 295.598938 278.584351 264.026215 250.000290 237.802155 226.171478 217.867966 203.198380 195.386383 194.690140 192.559830 188.670547 185.129791 183.014694 180.829391 177.151672 173.776230 176.184860 167.776154 164.221054 163.747955 162.684738 161.177322 156.188202
502.310974 496.439362 487.355988 471.099365 460.773010 464.333527 462.710815 455.009888 448.889618 445.331207 443.969269 441.673859 444.527222 440.895660 434.470154 424.729523 414.129852 405.295258 394.495636 384.891144 376.635986 368.449463 362.732025 358.530060 358.294525 361.308746 364.853394 363.521790 358.279541 350.332123 339.225769 326.970673 316.056824 299.499664 283.139587 266.226501 248.838852 232.277679 220.822250 213.167145 204.225983 198.952393 197.222000 193.835663 190.876221 188.465500 188.162186 187.177124 186.629898 181.228043 178.607346 180.253311 174.722137 174.159454 172.993347 173.758331 170.555542 167.520203
511.739380 500.483551 489.499054 479.349701 474.900177 474.730316 470.955658 461.039520 455.408234 451.348877 449.753601 445.699768 441.190491 433.894806 428.372284 415.747620 401.397552 389.757050 378.733978 370.369720 358.106995 350.782227 344.472321 340.818207 340.045898 340.129852 341.559357 344.003662 348.549194 341.254211 326.477448 314.342041 298.773346 284.029297 265.363373 250.222824 234.229248 220.866806 212.784012 208.130035 203.653732 200.375473 199.492767 196.473373 193.888336 189.689865 191.641144 188.560242 187.636063 187.131699 186.298798 184.020737 182.808273 184.112961 183.480347 182.042984 181.740067 179.380875
512.823792 502.114899 496.100586 488.509399 479.806030 476.977051 470.382263 459.623901 450.787720 440.771118 436.363800 433.440521 425.855225 416.598999 411.510529 401.360077 384.188568 366.862915 357.033539 349.413849 341.776184 331.581573 325.657593 322.285187 321.143341 319.421417 316.849182 320.445282 327.411835 324.638367 310.958069 295.764008 282.565094 266.508148 249.567337 234.372253 220.309601 215.476990 210.508362 207.421112 204.486984 203.944305 201.801407 199.005173 196.295990 193.646255 192.399872 190.925720 189.632278 191.209900 191.623260 192.668945 192.971390 192.857498 193.280914 192.330109 191.716278 193.563568
501.105774 493.210907 486.628510 479.108673 467.095459 460.539551 452.704834 444.366241 434.561249 427.982635 417.640259 410.937927 402.798157 389.458282 381.084412 375.789337 365.542328 352.022583 340.300262 332.312073 324.594147 318.764862 311.399200 306.606812 303.957733 301.998444 299.956116 298.408783 299.870880 299.981659 293.258179 280.205017 267.050934 254.649002 238.014130 223.975311 218.150070 215.719788 216.352249 213.153366 209.780579 207.817261 206.128830 203.796555 200.856812 198.321381 199.487335 197.281754 195.471069 194.798233 195.664093 199.036469 202.164993 203.223785 204.155457 205.499069 206.795822 206.881424
469.642395 464.752197 456.764069 448.384735 433.629364 423.253693 415.311279 412.636810 404.958435 397.873932 392.901337 380.393982 373.099121 363.307648 354.744171 351.904236 345.765533 337.783875 327.373169 317.051361 310.092316 305.042389 300.942383 293.232117 289.862976 287.764648 284.959320 282.965637 280.726074 277.053925 273.306305 265.173920 254.471603 243.164551 232.308304 222.379807 221.994217 220.915207 220.505219 219.315231 215.823975 213.505203 211.683228 209.883789 208.978378 208.304535 206.953537 202.333664 200.582825 199.865585 201.175720 207.484558 212.780304 216.357819 220.536392 223.251724 224.416565 223.744980
435.417969 431.589874 423.105225 415.915375 401.657776 388.931274 381.130524 379.453857 377.285706 372.410034 368.678772 362.298157 354.405731 347.326508 337.816071 332.674652 328.781647 321.982025 314.104095 305.595123 298.818726 294.549347 289.940674 286.232788 280.605988 277.542664 273.333954 268.102081 263.191925 258.839844 255.326752 250.628647 245.436661 235.247284 228.020065 224.255692 224.553406 224.182388 224.307693 224.988800 222.673309 220.924652 219.382706 219.595978 220.058151 220.079041 213.848846 206.473938 206.346939 206.524857 211.096375 219.502457 226.958908 233.179138 237.465958 238.652466 237.627502 235.727753
411.209045 394.547546 391.561066 386.646454 379.736023 376.840729 370.232697 365.862335 359.805573 357.471161 353.938416 345.798981 342.570160 336.489563 329.677429 323.722900 318.076477 312.870575 307.844574 301.967773 300.397400 294.686188 288.763519 283.419922 277.668945 271.890564 266.033203 261.515350 256.376587 252.981522 247.871765 242.902771 238.979721 233.323578 229.427811 227.614990 227.722977 228.608994 228.990494 228.578751 228.447403 229.210693 229.920639 233.200089 231.563202 225.080887 214.634613 211.368713 211.293732 215.543823 223.921097 235.120468 242.871078 248.293488 250.302475 248.261917 244.105301 239.866409
429.231476 406.162262 404.190613 395.570953 382.631317 385.526611 380.991272 372.403870 366.194611 361.052399 352.930756 345.250061 341.562592 333.184357 328.846375 327.228912 319.899231 316.565735 311.699158 303.964417 304.916168 300.669067 295.243713 290.234924 281.702118 272.896698 264.947174 257.463409 251.972641 249.919815 246.367477 243.013596 238.773865 235.448212 234.005615 232.571625 233.713379 234.384796 236.436249 237.007996 239.242020 241.419189 242.636536 240.333893 231.245163 221.904800 217.903793 216.410187 216.717438 225.540878 238.619629 251.128662 257.710541 259.747650 258.201477 252.932480 248.194321 243.289154
441.638672 429.365936 421.412903 417.966248 411.157013 408.061340 399.913452 386.697113 381.574646 373.817932 366.312714 359.756317 353.129822 350.239655 346.093597 344.602203 340.421021 336.218872 329.616791 324.526093 320.421906 314.066406 307.405914 298.162018 286.642883 272.842987 262.898071 254.899750 253.018494 250.371185 247.687515 244.942886 242.804398 241.536041 241.363632 241.168533 242.562561 243.807632 245.665878 250.401627 254.484955 250.816147 241.012589 234.455688 228.286194 223.736160 222.024460 221.893280 228.970825 240.467865 251.048203 265.598969 267.877380 266.908783 263.244751 258.025879 252.572372 246.295731
463.977478 444.835358 439.139801 436.741119 433.973053 434.291656 422.845398 407.758240 400.794830 395.381439 386.560150 381.860840 379.031036 375.435303 370.522217 364.620361 361.484039 354.913727 345.831299 335.839966 324.097473 310.515320 300.137299 288.798920 278.668915 266.443298 260.114349 257.758942 255.874283 253.073044 250.847519 249.056534 249.013748 249.677475 249.760147 250.861328 253.127335 255.224762 258.223389 263.388062 263.132935 252.134720 243.280060 235.992844 233.822891 231.717667 228.901306 228.854172 245.153839 257.065063 266.235596 272.393402 272.744629 270.881561 267.556915 262.817169 254.620850 246.655167
478.134705 465.777222 461.637909 461.941376 458.016205 453.667694 442.633667 431.570953 423.462585 417.567596 408.790894 405.043915 402.105103 398.129425 390.401947 381.951935 371.509430 358.694061 342.867584 329.002960 315.280548 302.681854 288.893372 276.998840 271.308014 265.178009 262.369751 262.873016 260.510559 257.769745 255.743698 253.334412 254.038773 256.105804 257.605591 261.608490 264.963074 269.668579 274.262970 275.436859 269.279480 264.216980 258.664978 250.489182 251.709427 249.020782 242.546616 248.102158 262.168701 271.887909 278.023834 279.526306 276.606415 273.370209 269.243835 263.002808 251.221710 239.763306
