WMS/WaiehuKou_v1/WaiehuKou_v1_Uniform_test.ele
north: 2317460.096440
south: 2314160.096440
east: 760344.135272
west: 754744.135272
rows: 33
cols: 56
0.000000 0.000000 0.000000 0.000000 0.000000 0.000000 0.000000 0.000000 0.000000 0.000000 0.000000 0.000000 0.000000 0.000000 0.000000 0.000000 0.000000 0.000000 0.000000 0.000000 0.000000 0.000000 0.000000 0.000000 0.000000 0.000000 0.000000 0.000000 0.000000 0.000000 0.000000 0.000000 0.000000 0.000000 0.000000 0.000000 0.000000 0.000000 0.000000 0.000000 0.000000 0.000000 0.000000 0.000000 0.000000 0.000000 0.000000 0.000000 0.000000 0.000000 0.000000 0.000000 0.000000 0.000000 0.000000 0.000000 
0.000000 0.000000 0.000000 0.000000 0.000000 0.000000 0.000000 0.000000 0.000000 0.000000 0.000000 0.000000 0.000000 0.000000 0.000000 0.000000 0.000000 0.000000 0.000000 0.000000 0.000000 0.000000 0.000000 0.000000 0.000000 0.000000 0.000000 0.000000 0.000000 0.000000 151.137299 123.767784 104.905296 93.956924 0.000000 0.000000 0.000000 53.018707 0.000000 0.000000 0.000000 0.000000 0.000000 0.000000 0.000000 0.000000 0.000000 0.000000 0.000000 0.000000 0.000000 0.000000 0.000000 0.000000 0.000000 0.000000 
0.000000 0.000000 0.000000 0.000000 0.000000 0.000000 0.000000 0.000000 0.000000 0.000000 0.000000 0.000000 0.000000 0.000000 0.000000 0.000000 0.000000 0.000000 0.000000 0.000000 0.000000 0.000000 0.000000 0.000000 0.000000 0.000000 249.616791 239.311020 209.186340 166.016174 135.668198 109.484100 98.535324 88.303513 81.630043 69.808098 54.232334 51.360798 73.861603 0.000000 0.000000 0.000000 0.000000 0.000000 0.000000 0.000000 0.000000 0.000000 0.000000 0.000000 0.000000 0.000000 0.000000 0.000000 0.000000 0.000000 
0.000000 0.000000 0.000000 0.000000 0.000000 0.000000 0.000000 0.000000 0.000000 0.000000 0.000000 0.000000 0.000000 0.000000 0.000000 0.000000 0.000000 0.000000 0.000000 0.000000 0.000000 0.000000 0.000000 269.142273 239.256088 223.741241 216.142868 198.842606 181.683334 153.702560 137.472870 119.446442 103.387451 88.308647 77.308304 67.482002 58.255657 50.770485 62.011707 0.000000 0.000000 0.000000 0.000000 0.000000 0.000000 0.000000 0.000000 0.000000 0.000000 0.000000 0.000000 0.000000 0.000000 0.000000 0.000000 0.000000 
0.000000 0.000000 0.000000 0.000000 0.000000 0.000000 0.000000 0.000000 0.000000 0.000000 0.000000 0.000000 0.000000 0.000000 0.000000 0.000000 0.000000 0.000000 0.000000 350.118225 313.422729 287.037170 271.777130 253.038345 222.595459 197.519272 188.989822 177.840240 161.464310 141.636490 131.464066 125.455254 130.808853 108.112183 83.248032 67.664139 53.113880 47.048401 51.429569 44.302193 0.000000 0.000000 0.000000 0.000000 0.000000 0.000000 0.000000 0.000000 0.000000 0.000000 0.000000 0.000000 0.000000 0.000000 0.000000 0.000000 
0.000000 0.000000 0.000000 0.000000 0.000000 0.000000 0.000000 0.000000 0.000000 0.000000 0.000000 0.000000 0.000000 0.000000 0.000000 0.000000 0.000000 0.000000 376.775848 327.836884 307.738403 298.676849 268.562256 247.675644 239.132690 226.168472 192.322006 172.033356 167.941071 151.808914 161.981354 160.227783 138.454117 121.128952 99.802834 63.381741 48.568974 43.326321 39.604237 34.283054 31.589735 30.026058 41.179417 0.000000 0.000000 0.000000 0.000000 0.000000 0.000000 0.000000 0.000000 0.000000 0.000000 0.000000 0.000000 0.000000 
0.000000 0.000000 0.000000 0.000000 0.000000 0.000000 0.000000 0.000000 0.000000 0.000000 0.000000 0.000000 0.000000 0.000000 0.000000 0.000000 456.500000 424.743988 387.973267 363.235443 324.400146 277.056946 251.710098 235.671127 219.260956 199.863190 193.407150 192.994583 198.030594 185.173645 193.891434 170.531143 145.989273 118.513557 88.820602 61.827175 48.639645 48.504436 46.065292 38.109310 33.153412 28.462383 26.320078 31.077507 0.000000 0.000000 0.000000 8.300185 0.000000 0.000000 0.000000 0.000000 0.000000 0.000000 0.000000 0.000000 
0.000000 0.000000 0.000000 0.000000 0.000000 0.000000 0.000000 0.000000 0.000000 0.000000 0.000000 0.000000 0.000000 0.000000 0.000000 0.000000 461.667023 408.908600 368.558258 314.432159 301.973755 289.515350 298.390991 283.631317 253.016739 223.789368 217.016373 228.886429 212.173584 183.070358 169.862076 149.849518 133.026627 98.321800 81.098938 73.984398 66.144676 60.427425 51.777092 42.558987 34.865044 31.270651 24.177773 23.042480 21.907187 19.382259 14.734083 12.933774 0.000000 0.000000 0.000000 0.000000 0.000000 0.000000 0.000000 0.000000 
0.000000 0.000000 0.000000 0.000000 0.000000 0.000000 0.000000 0.000000 0.000000 0.000000 0.000000 0.000000 0.000000 0.000000 512.312500 489.768311 463.853394 418.586945 363.758209 350.367767 350.821991 354.415588 319.022949 273.426453 263.221588 263.847107 239.492508 225.185135 184.612411 159.969421 145.904160 125.233559 108.158600 97.864624 87.511520 73.934761 71.759972 63.504734 58.451256 50.005749 39.106251 34.144413 27.120901 25.433983 20.771894 17.256950 13.646104 13.289939 0.000000 0.000000 0.000000 0.000000 0.000000 0.000000 0.000000 0.000000 
0.000000 0.000000 0.000000 0.000000 0.000000 0.000000 0.000000 0.000000 0.000000 0.000000 0.000000 0.000000 587.821594 544.682617 463.237579 439.300140 420.533875 391.251129 386.882751 405.217865 379.465393 349.559479 328.280029 311.486359 277.836670 225.088211 188.585526 171.594177 155.457993 139.571625 130.925751 115.725914 111.786049 104.446457 97.641403 93.010056 74.863785 67.940727 60.860798 55.097561 43.515610 34.270977 29.457699 25.754894 21.066929 17.979507 14.002268 14.358433 0.000000 0.000000 0.000000 0.000000 0.000000 0.000000 0.000000 0.000000 
0.000000 0.000000 0.000000 0.000000 0.000000 0.000000 0.000000 0.000000 0.000000 0.000000 0.000000 608.696106 568.137329 547.846191 501.872925 464.646454 448.004272 437.694672 423.630249 388.509674 366.766754 363.032593 327.857910 263.678955 213.974289 191.977509 184.472809 176.148758 166.853516 161.980957 161.152512 154.963104 132.505478 120.800018 110.838112 87.264328 80.313484 70.826904 61.443275 50.292458 42.843826 34.374077 30.316309 26.381145 22.428148 18.702066 20.319380 14.714598 27.119553 0.000000 0.000000 0.000000 0.000000 0.000000 0.000000 0.000000 
0.000000 0.000000 0.000000 0.000000 0.000000 0.000000 0.000000 0.000000 0.000000 694.194092 630.061218 602.581238 557.811829 501.754059 487.830292 457.209717 424.674438 390.905365 359.814941 321.288239 297.795441 290.027191 266.881256 220.697021 213.529846 205.507751 199.009964 205.201614 215.156265 214.446732 196.923782 170.142853 142.964859 116.708443 101.982697 91.624146 80.075157 71.029289 61.888004 54.970711 47.987663 39.387707 32.861565 28.932005 25.375582 21.646736 21.423014 15.070763 15.426928 34.915291 0.000000 0.000000 0.000000 0.000000 0.000000 0.000000 
0.000000 0.000000 0.000000 0.000000 0.000000 0.000000 0.000000 0.000000 0.000000 699.851685 637.687073 596.380249 532.623047 510.500824 441.609406 404.401825 375.336029 348.039368 330.471344 313.273834 291.911041 252.251877 242.025497 237.117447 244.978683 234.324677 218.924774 262.280823 252.900101 228.087204 202.655792 175.974213 140.672211 115.908974 106.165390 95.473892 83.277000 72.649605 65.101692 54.524609 48.248051 42.604366 40.540520 32.659554 28.089029 24.388943 23.256933 21.780453 15.783092 16.139257 30.991013 0.000000 0.000000 0.000000 0.000000 0.000000 
0.000000 0.000000 0.000000 0.000000 0.000000 0.000000 0.000000 0.000000 741.030640 664.696655 632.171509 590.587830 562.507507 558.961426 503.540375 489.846344 452.627319 402.575531 364.570892 305.927429 276.053223 274.743927 263.257874 285.684601 295.953156 272.823639 282.806641 285.765747 242.978165 199.200439 174.023804 152.302231 134.196960 122.841202 108.308876 96.085846 83.805305 73.167091 64.080025 55.087742 52.916973 45.324078 44.188541 38.492420 32.326603 27.723021 26.591946 24.321547 17.019409 16.495422 26.234158 0.000000 0.000000 0.000000 0.000000 0.000000 
0.000000 0.000000 0.000000 0.000000 0.000000 0.000000 0.000000 0.000000 701.812134 657.849670 635.854858 633.090637 619.052979 581.123352 544.589661 505.844330 466.974365 375.044250 320.585907 315.414581 333.849457 309.426544 305.749268 353.321136 346.203735 318.666473 314.112732 262.588959 204.086884 190.808228 182.416016 175.742142 142.504761 123.875275 110.218330 97.198196 86.417259 76.541618 64.356682 59.611431 53.831696 49.290836 43.425217 36.796013 34.264191 31.887474 29.136955 29.358423 17.543396 18.067383 18.591370 30.237328 29.222620 27.129330 0.000000 0.000000 
0.000000 0.000000 0.000000 0.000000 0.000000 0.000000 0.000000 0.000000 734.491211 680.395264 671.047791 689.090027 650.253723 579.002930 524.589966 453.762848 372.494293 356.891479 338.738678 387.597290 340.748505 345.902924 385.840271 394.386444 359.512512 313.047455 269.062256 243.088257 223.587570 240.983887 198.553696 170.738571 146.070023 151.925522 118.462402 95.625412 85.724716 74.378151 69.374046 68.953110 59.848473 56.312103 49.807655 47.157150 43.376099 38.430195 34.146584 30.865013 29.535862 26.328156 19.115356 20.687317 21.211304 25.036039 43.773857 0.000000 
0.000000 0.000000 0.000000 0.000000 0.000000 0.000000 0.000000 835.060974 784.874878 727.033081 721.368958 688.095032 612.994324 553.488159 503.125641 396.796906 388.097137 403.699982 438.030212 407.197144 417.805695 434.581451 381.452362 348.087708 344.225128 331.517914 308.282440 274.493866 228.319824 201.307190 190.917603 183.777054 186.538254 141.014938 122.892654 103.957382 93.207039 80.845970 80.188416 75.353447 68.892494 63.053577 61.531742 57.958725 50.753796 42.861595 37.619907 34.823170 32.399170 29.135941 19.639343 20.163330 20.380180 20.597031 36.810741 0.000000 
0.000000 0.000000 0.000000 0.000000 0.000000 0.000000 0.000000 841.140381 793.609253 720.544861 697.499817 619.760437 537.686584 482.260895 414.196411 405.496643 461.639679 467.350006 450.187256 456.516998 471.909821 446.760040 425.071533 382.994537 331.154663 291.760895 266.842377 236.096924 219.315613 210.311401 220.498688 218.662323 174.977341 147.737228 148.130157 136.704651 110.584785 93.242363 93.625473 88.140831 79.781082 76.361320 67.240295 57.808796 53.811703 47.398335 40.446281 38.427277 34.359837 30.542658 26.409813 24.113857 21.030731 20.813883 36.661499 0.000000 
0.000000 0.000000 0.000000 0.000000 0.000000 0.000000 850.040466 825.838623 798.996887 733.800781 694.803345 632.210754 556.699036 547.256287 470.272858 514.712524 546.032104 484.512787 501.675537 503.385437 482.641754 433.891022 383.230652 326.276855 295.783905 291.650940 273.757721 280.760742 287.190308 244.982300 217.332504 199.186478 197.096329 189.404800 157.256012 122.527336 104.803978 99.023170 105.175232 98.557106 90.844872 81.803513 67.934174 60.950478 56.842724 48.411789 44.300560 40.298897 37.297821 30.555117 26.863701 24.875225 21.247583 24.421919 42.532280 0.000000 
0.000000 0.000000 0.000000 0.000000 0.000000 0.000000 880.204468 844.359070 798.102173 759.738892 712.894104 692.660156 640.294434 565.929749 586.355774 592.288757 549.791260 541.818542 529.661133 491.255371 436.975250 384.664764 364.246063 345.261444 370.889709 352.945892 341.032227 319.009979 282.499939 273.122986 269.401062 239.021317 207.607971 175.488770 141.231674 116.619545 110.711761 120.799576 110.008575 99.256432 88.502724 80.001633 72.039169 65.506233 55.995243 52.350826 49.499027 42.189850 35.830040 33.761284 28.258026 21.681284 21.464434 23.669210 46.637348 0.000000 
0.000000 0.000000 0.000000 0.000000 0.000000 899.071228 878.964905 847.899475 809.932983 756.931641 713.398315 673.631409 665.269043 651.722839 633.633789 581.872314 563.436768 549.991943 528.018372 476.452606 473.811432 464.372131 449.921722 420.771179 385.191620 359.771545 345.567902 329.251129 304.602997 291.794830 267.119629 204.042328 181.242737 162.997055 146.916733 132.438797 130.245926 119.711411 106.790909 97.356262 87.070786 81.064285 71.731461 65.961449 59.716057 56.414944 52.871140 46.458420 40.315762 38.165661 32.785210 26.556431 23.786945 26.879179 34.359245 44.354202 
0.000000 0.000000 0.000000 0.000000 935.561035 912.962830 872.760681 843.416687 808.460815 775.895020 730.713196 713.468323 680.085999 657.435669 634.767212 613.221130 592.864441 578.638306 549.072327 533.766724 507.901794 488.935394 459.095978 427.944122 398.100067 381.580017 355.799835 309.455261 302.799744 273.690979 234.277893 206.486542 189.345566 160.031647 147.855072 142.063828 131.248962 115.657684 105.829063 95.623215 87.428047 82.286331 77.471680 70.714966 65.804268 63.788837 59.300468 50.549126 47.678761 42.222603 37.512135 35.574284 35.773758 0.000000 0.000000 0.000000 
0.000000 0.000000 0.000000 936.729370 893.504639 847.795959 827.183105 807.698669 772.891418 745.422180 721.362427 698.526855 665.948364 650.980713 621.579285 611.851135 602.973633 587.871826 566.225464 532.095886 476.850494 433.331787 439.749542 419.745880 391.278076 349.290924 305.846558 281.072632 253.680115 233.975708 210.618256 189.226257 172.432602 159.123718 148.710114 136.694305 131.324768 113.242386 102.427116 99.025162 99.545219 94.811691 88.531258 80.073875 73.740677 68.867950 65.793739 57.974178 50.123520 0.000000 0.000000 0.000000 0.000000 0.000000 0.000000 0.000000 
0.000000 0.000000 928.033936 857.146118 785.165039 753.240112 715.907410 720.534119 695.417908 651.278992 623.762390 595.184570 566.890564 536.752991 513.130554 502.457184 499.378357 498.395874 487.479797 462.086884 423.171753 369.146027 357.509369 345.710876 314.103943 290.243500 271.036194 253.766907 233.174286 215.470352 198.604233 191.155167 194.224228 185.324188 168.538376 143.051758 125.955246 124.191917 118.216003 111.748703 108.791412 102.246880 95.966682 90.517845 81.218719 74.633881 69.047958 59.420605 0.000000 0.000000 0.000000 0.000000 0.000000 0.000000 0.000000 0.000000 
0.000000 0.000000 910.733887 806.294983 727.968567 673.346375 590.262817 579.151611 568.040405 543.999512 540.183960 515.446838 486.041779 460.670868 441.312256 434.923737 417.192322 406.928772 401.265930 397.749512 361.698120 336.193695 313.838257 292.201508 275.336639 258.693512 245.700821 236.897217 234.086609 227.739136 215.548355 192.529633 182.986145 170.851700 161.571259 148.560257 135.927856 128.086105 122.558243 117.740768 110.708031 106.195824 99.112038 96.490761 92.339561 80.774628 70.288712 0.000000 0.000000 0.000000 0.000000 0.000000 0.000000 0.000000 0.000000 0.000000 
0.000000 0.000000 891.812439 810.195129 756.274841 699.197021 673.793274 623.299133 556.929199 517.866150 499.800507 473.452606 469.192017 464.931458 465.960968 441.481415 404.195831 378.809601 365.491852 344.160767 332.623657 316.605347 315.281952 290.550140 269.766357 263.161285 239.386444 224.878555 216.754044 205.386169 195.616592 185.904953 172.950409 168.342896 162.027695 151.428925 144.351654 135.923889 128.890808 120.577278 115.585243 110.063255 103.891533 0.000000 0.000000 0.000000 0.000000 0.000000 0.000000 0.000000 0.000000 0.000000 0.000000 0.000000 0.000000 0.000000 
0.000000 0.000000 862.204102 824.928955 838.352539 788.292358 764.447998 689.294983 644.736267 624.753296 606.021240 568.219055 561.885071 563.274475 543.772339 511.510925 483.242096 445.455872 402.957703 360.759033 324.914673 301.959106 290.070801 289.156311 275.095612 268.495270 254.177933 235.897446 228.729080 220.619736 211.229675 205.629639 197.317581 0.000000 0.000000 0.000000 0.000000 134.320404 129.901627 122.763420 119.078102 114.594383 109.242958 0.000000 0.000000 0.000000 0.000000 0.000000 0.000000 0.000000 0.000000 0.000000 0.000000 0.000000 0.000000 0.000000 
0.000000 879.963318 863.088013 900.312927 901.255798 832.717468 747.156860 646.522156 593.321533 546.040283 515.531250 452.313324 445.201782 438.090240 453.030975 423.721649 413.110291 384.877838 357.734497 333.663300 323.148651 320.932251 320.249298 312.858521 306.304016 288.860596 279.206024 268.779297 267.732300 283.101257 264.810364 0.000000 0.000000 0.000000 0.000000 0.000000 0.000000 0.000000 0.000000 0.000000 0.000000 0.000000 0.000000 0.000000 0.000000 0.000000 0.000000 0.000000 0.000000 0.000000 0.000000 0.000000 0.000000 0.000000 0.000000 0.000000 
0.000000 908.484863 939.728516 931.817139 904.107910 813.803345 740.783752 679.455994 697.400757 644.550293 599.085815 559.043274 471.459198 430.978699 407.921967 396.058960 381.708099 371.917969 362.953979 373.626831 390.128845 356.114349 364.796722 368.057953 371.044342 324.390747 331.555115 332.934265 346.466583 0.000000 0.000000 0.000000 0.000000 0.000000 0.000000 0.000000 0.000000 0.000000 0.000000 0.000000 0.000000 0.000000 0.000000 0.000000 0.000000 0.000000 0.000000 0.000000 0.000000 0.000000 0.000000 0.000000 0.000000 0.000000 0.000000 0.000000 
1003.207092 971.632996 949.611694 911.856812 882.637756 817.793030 745.310242 772.478149 754.232788 724.354065 693.628113 643.940918 563.661438 515.241943 482.332733 470.983582 447.462158 426.157928 429.728180 447.977295 467.530548 433.936371 430.247650 438.341431 432.050079 361.251038 395.074219 377.820343 0.000000 0.000000 0.000000 0.000000 0.000000 0.000000 0.000000 0.000000 0.000000 0.000000 0.000000 0.000000 0.000000 0.000000 0.000000 0.000000 0.000000 0.000000 0.000000 0.000000 0.000000 0.000000 0.000000 0.000000 0.000000 0.000000 0.000000 0.000000 
0.000000 993.390930 908.595337 869.532593 834.715271 818.860840 821.164917 0.000000 804.076477 777.382141 748.789490 709.399109 657.111023 615.739258 592.392273 561.664490 540.073853 519.727844 519.293823 0.000000 0.000000 0.000000 0.000000 0.000000 0.000000 0.000000 0.000000 0.000000 0.000000 0.000000 0.000000 0.000000 0.000000 0.000000 0.000000 0.000000 0.000000 0.000000 0.000000 0.000000 0.000000 0.000000 0.000000 0.000000 0.000000 0.000000 0.000000 0.000000 0.000000 0.000000 0.000000 0.000000 0.000000 0.000000 0.000000 0.000000 
1056.803711 1017.534607 961.364746 882.287720 885.445007 0.000000 0.000000 0.000000 0.000000 0.000000 0.000000 0.000000 0.000000 0.000000 0.000000 0.000000 0.000000 0.000000 0.000000 0.000000 0.000000 0.000000 0.000000 0.000000 0.000000 0.000000 0.000000 0.000000 0.000000 0.000000 0.000000 0.000000 0.000000 0.000000 0.000000 0.000000 0.000000 0.000000 0.000000 0.000000 0.000000 0.000000 0.000000 0.000000 0.000000 0.000000 0.000000 0.000000 0.000000 0.000000 0.000000 0.000000 0.000000 0.000000 0.000000 0.000000 
0.000000 1009.550415 977.796143 0.000000 0.000000 0.000000 0.000000 0.000000 0.000000 0.000000 0.000000 0.000000 0.000000 0.000000 0.000000 0.000000 0.000000 0.000000 0.000000 0.000000 0.000000 0.000000 0.000000 0.000000 0.000000 0.000000 0.000000 0.000000 0.000000 0.000000 0.000000 0.000000 0.000000 0.000000 0.000000 0.000000 0.000000 0.000000 0.000000 0.000000 0.000000 0.000000 0.000000 0.000000 0.000000 0.000000 0.000000 0.000000 0.000000 0.000000 0.000000 0.000000 0.000000 0.000000 0.000000 0.000000 
