WMS/WaiehuKou_v1/WaiehuKou_v1_Uniform_10mgrid.ele
north: 2317430.096440
south: 2314160.096440
east: 760344.135272
west: 754744.135272
rows: 327
cols: 560
[rows 78 to 103 of 327, columns 116 to 173 of 560]
0.000000 0.000000 0.000000 0.000000 0.000000 0.000000 0.000000 0.000000 0.000000 0.000000 0.000000 0.000000 0.000000 0.000000 0.000000 0.000000 0.000000 0.000000 0.000000 0.000000 0.000000 0.000000 0.000000 0.000000 0.000000 0.000000 0.000000 0.000000 0.000000 0.000000 0.000000 0.000000 0.000000 0.000000 513.037903 511.520844 509.957825 507.119232 504.196991 500.195801 494.786438 489.153839 483.451233 479.838501 474.858551 470.740417 465.288757 458.751312 453.360992 449.882843 446.828430 442.722076 437.930878 432.799042 428.506012 424.784119 420.130157 416.010223
0.000000 0.000000 0.000000 0.000000 0.000000 0.000000 0.000000 0.000000 0.000000 0.000000 0.000000 0.000000 0.000000 0.000000 0.000000 0.000000 0.000000 0.000000 0.000000 0.000000 0.000000 0.000000 0.000000 0.000000 0.000000 0.000000 529.230835 527.054749 523.818298 521.491699 519.186401 517.010193 515.118530 513.279907 511.176910 509.047241 506.749084 505.269196 502.423615 499.032471 495.057709 490.700531 486.858368 483.328369 479.824677 475.424683 470.613525 463.004120 457.808777 454.584564 450.635315 447.322357 443.408142 438.511414 433.213928 429.234955 424.821838 420.038818
0.000000 0.000000 0.000000 0.000000 0.000000 0.000000 0.000000 0.000000 0.000000 0.000000 0.000000 0.000000 0.000000 0.000000 0.000000 0.000000 0.000000 0.000000 0.000000 0.000000 0.000000 0.000000 0.000000 538.142395 534.926331 531.717651 528.436462 525.369568 521.760803 518.785034 516.334595 513.864319 511.393036 508.889099 506.134705 503.627441 501.207214 501.000732 499.113922 496.609924 493.551788 490.632599 488.000183 485.408081 482.573303 479.084900 474.814240 469.088745 463.283600 459.362946 455.208710 450.684296 446.533539 442.275177 437.612457 433.679260 429.899506 424.749756
0.000000 0.000000 0.000000 0.000000 0.000000 0.000000 0.000000 0.000000 0.000000 0.000000 0.000000 0.000000 0.000000 0.000000 0.000000 0.000000 0.000000 0.000000 0.000000 0.000000 0.000000 0.000000 541.667908 537.653137 532.737427 528.388733 524.480164 521.043457 517.082275 513.735535 511.049927 508.333740 505.445923 502.411591 499.183899 496.406525 494.902649 494.453400 493.700287 492.063324 489.647949 487.390808 485.488464 483.786255 481.987488 479.602203 476.453552 472.499298 466.040192 461.609528 457.018799 452.304932 447.557404 442.668427 438.321594 434.496002 430.813965 426.437286
0.000000 0.000000 0.000000 0.000000 0.000000 0.000000 0.000000 0.000000 0.000000 0.000000 0.000000 0.000000 0.000000 0.000000 0.000000 0.000000 0.000000 0.000000 0.000000 557.148804 552.851990 547.576721 541.554932 535.626099 528.588196 522.501404 518.309387 514.566040 511.144196 506.959808 504.206665 501.513947 498.685394 495.524780 491.578094 488.343628 486.445709 485.699860 486.386353 485.472748 483.697845 481.784149 480.175110 478.917633 477.761383 476.331879 474.346130 471.433136 465.652618 460.634247 455.462952 450.224792 445.366058 440.815735 435.686981 431.225006 427.493744 423.222504
0.000000 0.000000 0.000000 0.000000 0.000000 0.000000 0.000000 0.000000 0.000000 0.000000 0.000000 0.000000 0.000000 0.000000 0.000000 0.000000 0.000000 0.000000 563.012268 559.664734 552.158691 545.143616 537.470215 530.077515 523.683655 516.436035 510.086029 505.871490 502.240936 498.767487 496.002777 493.778748 491.349182 488.412354 484.703674 481.303650 479.024963 477.784149 477.537872 478.006714 476.915741 475.338989 473.936615 472.722534 471.567993 470.599426 469.531799 467.715271 463.180023 457.111328 451.199005 445.389465 440.026581 434.955109 431.612915 425.890991 421.233704 417.880981
0.000000 0.000000 0.000000 0.000000 0.000000 599.706665 596.104065 591.718018 587.562561 583.650085 580.143311 577.483826 575.912659 574.395752 572.621948 570.713318 568.759216 566.498352 563.398254 558.682922 548.411926 538.922913 530.458191 521.957703 515.133240 509.521973 502.488525 494.239868 491.485931 489.471130 485.953766 484.608795 483.207245 480.905548 477.812622 474.455231 471.408875 470.042694 470.336823 470.309296 469.971191 468.931732 467.784119 466.486816 465.155426 464.364868 463.900452 462.832794 460.248047 453.504456 447.702667 441.249451 435.332306 430.226898 426.075775 422.284668 416.406891 411.722198
0.000000 0.000000 0.000000 0.000000 603.909668 600.678955 596.540283 591.765564 587.979431 584.145691 581.080872 578.135986 576.198486 574.305054 572.339050 570.277161 568.094666 565.344238 561.443665 555.512817 541.812988 532.492798 521.934265 512.822144 506.345673 499.694611 493.228333 486.774902 483.926788 482.162689 477.362488 475.494202 474.285339 472.895966 470.666473 467.028503 464.251373 463.123077 463.048035 463.172974 463.028381 462.662109 461.959564 460.887329 459.678223 458.910309 458.499908 457.653900 455.534363 449.838837 444.083527 438.228271 432.551758 427.376617 422.627655 417.999207 412.957794 408.577942
0.000000 0.000000 0.000000 607.759644 604.716125 600.726868 595.956116 592.044434 588.503052 585.456116 582.307495 578.930542 576.473328 573.966492 571.404297 568.705566 565.801880 562.338623 557.778503 550.334473 541.403137 524.378479 513.742371 504.234833 497.557373 490.853149 483.950256 482.142426 478.249878 474.613586 470.950806 468.013458 465.992065 465.352936 463.656403 461.137756 457.972473 456.138550 455.356598 455.578583 455.595062 455.777710 455.812408 455.500122 454.810638 453.986664 453.214905 452.108032 450.051941 445.275208 440.269135 435.107300 429.891266 424.806244 419.771545 414.520966 409.956024 406.945587
0.000000 0.000000 611.360901 608.905640 604.808899 599.886597 596.080383 592.988770 589.952393 586.743530 583.700012 580.514465 576.411255 573.218262 569.860718 566.338135 562.579163 558.550598 553.548889 547.518311 539.234314 522.484253 509.283630 497.494965 487.939240 480.392456 478.497833 475.383270 473.233551 471.112823 465.935028 461.549072 459.584045 458.257446 456.896912 454.777832 452.194214 449.618866 447.935425 447.933228 446.774231 448.386353 449.202454 449.354309 448.806274 447.944885 446.987976 445.712433 443.733856 441.056274 435.819061 431.525940 426.958130 422.131866 417.119629 412.235779 407.739655 404.291046
0.000000 0.000000 612.782898 609.573547 604.637878 600.219238 597.253174 594.174561 591.044373 587.683777 584.289368 580.698547 575.656860 571.857605 567.912598 563.840820 559.572693 555.275024 550.533691 544.700317 537.066650 523.235046 508.048401 495.663025 484.218933 477.045563 473.133026 470.160675 467.091644 464.004242 463.030579 456.270264 452.506775 451.399780 450.597076 448.134186 446.462372 444.677429 442.799103 440.738739 439.983429 440.703003 441.810638 442.307953 441.520386 440.644684 440.142090 438.969940 437.105255 435.053558 430.883423 427.394226 423.441406 419.048279 414.351105 409.757050 405.407898 401.844116
0.000000 0.000000 614.046021 610.196960 605.196716 601.471619 598.196045 595.141235 591.798828 588.096008 584.205811 580.237244 574.191345 569.941833 565.706909 561.517822 557.268127 553.024658 548.473877 542.904785 535.424805 524.231873 507.251770 495.899170 483.324768 474.996826 472.877563 469.887878 466.494751 461.175781 458.154205 454.439453 449.621948 448.993042 445.821991 443.296143 442.203979 441.163025 439.257690 436.981873 436.756287 436.803345 436.933990 436.048309 434.616364 433.751373 433.395782 432.703369 431.208008 429.276855 426.931122 423.239014 419.739044 415.775818 411.588226 407.492889 403.423126 399.864197
0.000000 0.000000 615.030762 610.735107 605.956726 602.058716 598.914246 595.642212 591.958496 587.810547 583.402527 578.909851 573.473877 567.678406 563.465088 559.554260 555.732788 551.860168 547.570923 541.956055 534.209534 523.910889 506.734741 495.505463 484.421448 475.137451 471.606659 469.173676 465.343811 460.039734 454.702820 451.199432 450.250824 450.879730 448.714630 445.602753 442.641876 440.023834 436.971100 434.883911 434.851654 433.049561 432.613312 431.416473 430.160156 429.229950 428.694977 428.117676 427.119019 425.410370 423.031799 419.009979 415.863922 412.459320 408.928741 405.471710 401.984131 398.309509
0.000000 0.000000 615.948730 611.770386 606.642273 602.513123 598.840759 595.182922 591.122375 586.602173 581.812561 576.961792 572.174194 565.589905 561.612610 558.093079 554.677307 551.258118 547.351379 541.710876 533.754211 522.916992 510.054169 496.239227 486.059906 476.104156 471.265839 468.923340 465.327759 459.167114 454.917450 452.159729 453.201202 452.396790 451.781219 448.767303 445.530945 442.356659 439.085236 436.775482 435.102600 431.718018 429.014343 427.886536 425.990387 425.381958 424.735382 424.069214 423.107788 421.524933 419.114075 414.272522 412.045105 409.299866 406.467285 403.590332 400.559479 396.806793
0.000000 618.883240 616.762390 612.265137 606.385254 601.159241 596.961853 592.929016 588.612122 583.939331 579.189575 574.538147 570.059937 564.064941 560.044250 556.693054 553.508728 550.348755 546.771973 541.374634 533.649536 523.045654 512.589844 497.191437 488.151581 480.046570 474.522980 470.679413 466.299744 461.365204 460.122681 458.638580 458.294434 456.495361 453.851349 452.109772 448.500946 444.944214 441.823730 439.062866 436.200500 433.055573 427.817230 424.567627 422.407104 421.528412 421.195862 419.814941 418.563629 417.782379 415.559387 410.925751 408.774567 407.103424 403.690857 402.276428 399.779663 396.601257
621.425232 619.656372 616.625244 612.185974 604.583374 599.690308 593.173889 589.158386 584.792725 580.331848 575.888123 572.027039 568.172180 563.271484 558.781128 555.281067 552.051697 548.952942 545.555359 540.565063 533.470398 523.935181 513.871338 500.028717 491.317383 484.534851 478.818939 474.815308 471.646301 468.706207 467.873413 466.793396 464.733246 461.075623 457.557434 453.830994 451.169678 447.515594 444.352051 441.413971 438.134125 434.797638 429.235260 425.872925 423.712738 422.121521 420.943878 418.247986 415.895508 415.039093 413.890533 410.952515 407.597107 406.336456 403.882996 401.962402 400.035461 397.934204
620.632996 618.238464 614.449829 609.337830 601.680786 595.487366 590.413086 584.540466 580.427185 576.401489 572.862671 569.824707 566.648743 563.310181 557.957825 554.259216 550.920349 547.765442 544.304565 539.549438 533.028015 524.657654 515.173706 503.249542 493.788422 487.869843 482.823059 478.773804 475.535889 475.089050 474.149872 473.199646 470.837738 465.346832 460.907410 456.444092 452.300293 449.053406 446.524017 443.972534 440.622131 437.325348 433.324371 428.930450 426.591095 424.078400 422.018372 419.546753 416.738953 414.623871 413.469635 412.362701 410.229248 408.789093 407.277100 405.554657 403.757507 401.874786
617.383911 614.371887 610.115479 604.296814 598.434082 591.536621 586.969116 582.751160 577.897278 574.312805 571.305054 568.713440 566.100403 562.904236 557.981567 553.973022 550.636536 547.286255 543.453308 538.504333 532.188721 524.539978 515.952271 507.280121 496.357117 490.825134 486.116760 483.341522 481.972992 481.305023 480.066010 477.989716 474.843170 469.191162 462.798645 457.883667 453.068237 449.589417 448.318878 447.093231 444.810028 441.945313 438.461121 433.217621 429.898224 426.313324 424.399414 422.862152 421.549133 418.942932 417.431152 415.560333 413.233490 411.524811 410.682129 409.720490 408.633118 407.250275
612.291992 609.310059 604.235962 599.224060 594.756287 589.045776 585.032166 581.082092 577.302979 573.902283 571.117920 568.798218 565.947388 562.789063 559.344055 554.170959 550.654541 546.946655 542.629395 537.205933 530.759277 523.492554 515.652710 508.023682 499.060699 490.659546 489.988922 488.451019 487.708008 486.452118 484.273346 480.777252 476.673798 472.096710 464.523315 459.356262 454.001373 451.138184 449.794586 450.569000 448.705994 445.782715 442.128967 437.136627 432.309570 431.169098 429.442993 428.725403 427.139465 424.468140 421.913788 419.473785 416.981262 414.839752 414.336731 413.909210 413.539642 413.091278
608.824768 604.735413 600.265564 595.669861 592.041382 587.605713 584.253113 580.706970 577.122986 574.154175 571.460754 568.684937 565.634705 562.377808 558.931824 553.665344 549.735657 545.580750 540.967346 535.625000 528.005432 521.871399 515.462524 507.065369 499.498413 498.407593 496.745758 494.169769 492.855652 490.190887 486.607666 481.028473 476.632721 471.843964 465.893127 461.473419 457.422882 455.069214 453.838562 452.852173 451.612305 448.621307 444.774933 440.134735 434.795319 434.820679 435.394897 434.853394 433.154419 430.392639 427.117493 423.783112 420.820709 418.660950 417.962097 417.719086 417.837708 418.151794
605.532837 601.030457 596.641357 592.940613 589.781616 586.992310 582.898987 579.833679 576.836243 574.044678 571.321655 568.177734 564.552734 560.999329 557.375488 551.795349 547.561584 543.078552 537.870789 532.901733 529.152344 523.283569 517.265625 512.531860 508.928162 504.943085 502.517883 499.674408 496.479156 492.509094 487.854370 481.938721 477.175446 473.311188 469.377655 466.143311 463.096832 460.816589 458.700958 456.312927 453.242371 450.227844 446.838470 443.358124 437.360474 438.877655 440.764893 440.182098 438.178772 435.083527 431.478027 427.669678 424.438751 422.471252 421.301910 420.849823 421.105194 422.000153
603.429749 598.108887 593.755249 590.440979 587.397705 584.742493 580.903320 578.412231 575.824341 573.250671 570.484558 567.233765 562.918945 558.588013 554.836426 551.103088 543.923096 539.952515 537.369385 536.421326 533.624878 530.137512 525.216248 520.527710 517.118713 510.851898 507.522308 503.576447 499.122345 493.780090 488.845734 484.056213 480.284882 477.377686 475.000977 471.791321 468.810516 465.570801 462.288940 458.777924 454.692688 450.840729 448.203125 445.070557 444.690613 445.955658 445.664764 444.397369 441.958221 438.767700 435.342834 431.690002 428.784180 426.895905 425.739471 424.978088 424.943512 424.968414
601.802002 596.916931 592.618896 589.188843 586.172668 583.581665 580.172607 576.140869 573.774658 571.368896 568.443726 564.833435 560.845947 555.462402 550.511536 546.823853 542.599548 541.276062 542.079163 540.840576 539.233276 536.442932 531.667725 528.583313 524.016907 518.946106 511.931641 506.719421 501.309326 495.582245 490.806000 487.496216 485.755005 483.748169 481.471100 476.988983 473.207245 468.986755 464.714355 460.498474 455.888275 452.381775 449.898712 450.224213 451.845093 451.475067 450.104004 447.912506 445.070007 441.970184 438.968048 436.097351 433.432404 432.010925 430.361084 429.572845 428.953400 428.434723
601.937744 597.425354 593.249207 589.461487 585.961487 582.572632 578.919373 574.350159 571.316467 568.345520 565.166077 561.562866 557.599243 552.709900 550.752563 549.928894 548.489685 546.947571 546.040588 545.519531 544.565002 542.555725 538.997253 534.446411 529.408813 523.804688 515.166138 509.515564 503.641357 497.864227 493.966888 491.822205 490.615509 488.891602 486.359711 480.999420 476.139404 471.042694 466.174255 461.639679 458.400177 456.078339 453.687561 454.196686 457.118744 456.083374 453.658997 450.859863 447.940491 445.135315 442.557709 440.304199 438.519196 437.115051 435.723175 434.512787 433.553192 432.988525
602.106689 597.388000 592.885803 588.713440 584.894592 581.256348 577.548950 571.912476 568.197083 564.680908 561.536438 556.626221 553.737366 552.793030 552.744385 553.084045 551.884460 550.235596 549.785889 549.668823 549.065247 547.149841 543.483276 538.557495 533.077148 527.192688 518.485901 512.188232 506.373352 501.276733 498.613098 496.458740 494.690277 492.518829 489.424072 485.230835 477.654938 472.241486 467.096832 462.956757 459.216125 458.601410 460.228882 460.831451 460.694031 459.396881 456.694550 453.647736 450.847473 448.292633 445.899658 443.990967 442.566406 441.634827 441.023438 439.578979 438.159149 438.467651
601.625427 596.597473 591.748901 587.299255 583.298706 579.429626 575.449524 570.562622 564.453064 559.283691 557.960876 557.496338 557.366394 556.670471 555.830811 554.750854 553.851074 552.689697 552.623474 552.693298 552.019348 549.919128 546.265381 541.322510 535.863159 530.157593 523.573364 515.785339 510.300018 505.727356 503.015900 500.387573 497.778595 494.716461 490.949921 486.355957 478.454590 472.766815 468.008820 465.381439 461.612366 463.474731 465.337799 465.985992 465.326599 462.960602 459.131775 456.460815 453.787506 451.405701 449.149658 447.539337 446.533997 446.181854 445.991852 444.670227 443.336609 442.459229
