NEW_versions/Iao/Iao_Stream_geometry_0p5.ele
north: 2312604.859596
south: 2308404.859596
east: 756033.352194
west: 750483.352194
rows: 84
cols: 111
[rows 25 to 49 of 84, columns 0 to 56 of 111]
0.000000 1549.135254 1503.864624 1459.114746 1397.944702 1321.975220 1255.954590 1225.319946 1212.243286 1210.209839 1204.968018 1167.984619 1155.441040 1103.851196 1072.318848 1090.087158 1103.889771 1109.685303 1090.574219 1035.102539 988.752930 932.823425 880.867126 865.700989 883.343994 924.874329 954.836914 982.689819 978.547974 930.776794 886.393982 848.668823 823.756653 798.217407 764.465210 755.760254 771.443542 801.706238 834.650452 835.795166 818.388245 801.302917 796.018433 846.033875 898.824280 910.398499 871.422546 846.577515 815.003052 781.625732 736.992126 698.331726 665.810547 669.851807 681.163574 665.640747 650.081177
0.000000 1544.600830 1487.371094 1432.690186 1374.155640 1309.450684 1252.217163 1208.084717 1171.511230 1146.563843 1120.310547 1074.808960 1057.597168 1017.377625 984.210144 989.734436 1020.056885 1035.937744 1061.087036 1054.416138 1007.569885 954.614014 906.752747 850.534790 835.368652 878.657654 907.992981 945.650452 972.134460 926.705200 887.692078 847.485901 818.500732 795.892334 772.628357 738.337219 736.900818 769.082886 805.724854 801.802307 782.614197 766.107910 789.042847 840.046509 851.284729 861.488953 852.670837 809.577026 775.069031 754.659607 727.855713 691.763611 655.296265 655.786438 667.367249 657.600952 644.138550
1578.082031 1560.481323 1510.041504 1443.323120 1374.428101 1297.527466 1233.887939 1198.533569 1160.767822 1109.445923 1047.166748 1007.585571 973.575439 982.432861 969.655457 948.077637 962.788330 973.887634 989.293091 1020.379089 1014.742004 961.697571 918.414673 880.407593 823.144104 829.550598 884.997620 912.032654 942.321838 911.138000 867.537354 832.134949 805.022583 783.821411 768.897522 742.273865 719.164978 744.663696 774.050110 765.112122 733.095276 749.601563 791.662354 819.938354 815.452454 808.027588 839.431946 821.034363 779.136719 730.424011 693.820679 679.282776 650.983948 628.664673 642.306580 645.010864 636.209961
0.000000 1573.148071 1529.359009 1457.143921 1376.249512 1309.737305 1215.788940 1196.228638 1168.310791 1134.341309 1079.934448 994.932434 933.531433 926.136963 918.742554 932.207581 919.846924 935.948853 941.812378 961.601318 978.187866 973.597656 925.413696 879.136719 816.737610 810.331116 853.758484 887.942200 914.073608 898.473022 867.405151 829.256165 798.499695 772.442505 756.569031 746.634033 714.425293 701.358337 734.496887 736.123413 711.075684 744.120789 764.545227 775.055481 772.372131 775.899658 792.968201 802.928955 780.509949 737.236633 704.121765 669.448914 635.506775 610.632263 608.500366 618.940613 625.194763
0.000000 0.000000 1530.232910 1470.925659 1396.401123 1350.698608 1276.677368 1204.821289 1188.049927 1175.401733 1120.698730 1044.257813 994.590942 960.606445 911.348083 892.474915 886.468994 889.923523 899.232361 909.234314 922.731445 943.914124 928.252441 882.549622 831.376099 798.271484 822.099060 855.667175 885.627625 857.722534 852.471375 835.333740 810.041992 780.546692 749.338379 733.182800 720.210022 689.656677 706.810242 710.907959 708.023438 720.358643 733.387512 740.749756 731.809509 738.440002 751.869995 758.194153 762.481934 728.984802 689.054993 656.253113 630.158386 597.843506 596.761658 591.202759 604.710266
0.000000 0.000000 1549.080811 1496.225952 1428.330566 1377.822021 1316.974609 1253.678711 1208.660156 1174.615112 1134.113647 1069.134644 1027.319580 993.497803 961.711670 919.556702 882.817932 861.618164 848.751526 869.973206 874.028564 897.777893 897.364807 873.489258 828.175110 786.795837 798.944092 828.251587 856.486633 827.994446 811.693420 809.147217 792.650391 767.281494 745.107117 724.528137 707.948242 684.332336 692.185852 705.862488 683.343140 698.580933 702.332764 712.473816 696.315857 702.291565 705.732178 712.810730 719.000122 719.324524 683.735840 646.634583 615.463928 597.498108 578.279114 578.728699 582.040710
0.000000 0.000000 0.000000 1524.585693 1454.026245 1395.678101 1337.437500 1280.010620 1219.586060 1183.168945 1125.783936 1070.901611 1034.460327 1005.380615 974.768738 943.648132 912.194641 874.484802 835.884888 826.187744 825.493713 841.186584 842.807190 845.265076 810.876831 782.194275 781.034424 805.278564 825.710083 802.594116 778.901794 777.126587 768.195435 746.284912 739.892212 724.575439 706.204102 673.532288 668.307190 673.246033 661.826111 681.037903 682.311646 684.879944 670.861206 681.541443 671.147095 682.273315 681.271240 676.182678 686.708008 661.621948 623.290039 592.656433 571.719666 561.397339 567.618469
0.000000 0.000000 0.000000 0.000000 1471.869629 1407.909790 1376.048340 1302.166138 1235.214722 1195.601318 1133.116943 1078.164429 1037.168335 1006.135681 973.484741 952.545410 930.581177 908.951721 881.870483 854.262512 812.889526 795.538635 795.350525 812.112671 793.490173 767.448547 758.927673 762.466919 776.003906 776.141052 745.843323 744.900208 742.085144 724.479614 719.912048 708.776184 703.432129 688.630920 657.362000 644.365662 640.457092 660.983948 661.328857 661.864563 652.013306 653.157776 648.913879 649.975220 649.282288 641.706848 652.346497 647.593506 618.136780 585.197083 570.679077 549.626404 560.257202
0.000000 0.000000 0.000000 0.000000 1482.325073 1397.481201 1346.233521 1316.149536 1239.196289 1185.294556 1130.018188 1080.938599 1041.871460 1020.310181 991.874146 985.438721 949.824341 917.560059 886.061340 865.965149 847.582214 817.921265 790.618896 764.461670 755.319763 766.261353 747.755859 734.650208 727.061096 755.735229 747.544800 719.808105 726.414795 713.725525 699.543213 693.615662 696.829102 692.730896 682.735901 664.015076 636.429504 621.510437 649.596130 629.598511 623.507202 629.346985 625.704285 615.246033 622.958801 617.254822 619.983398 615.316772 616.547668 615.462280 582.373169 545.851685 544.678101
0.000000 0.000000 0.000000 0.000000 1467.283691 1377.499878 1304.456665 1279.131958 1224.596924 1176.156616 1126.963257 1076.313477 1049.281128 1049.993652 1041.310059 1011.825134 982.142029 937.362976 897.529358 873.855713 848.797119 826.736023 802.105835 773.603638 746.177795 741.439880 736.701904 738.060852 710.435608 723.023926 716.062317 703.818054 697.513062 695.431030 682.678894 671.370178 687.662048 686.096558 676.686829 663.177063 634.000366 615.627563 630.187073 603.913391 593.085876 599.298096 594.939514 590.808777 608.001343 605.495544 595.921387 600.115479 594.427734 595.173401 573.164368 547.373962 526.647156
0.000000 0.000000 0.000000 0.000000 1450.975464 1374.596802 1303.743042 1229.899658 1213.580078 1192.280762 1132.791870 1053.099854 1019.737305 991.288635 965.961487 962.691223 947.583496 905.999268 873.923706 847.811035 824.642456 807.250000 814.997986 810.518982 779.245117 753.813354 731.963989 703.412537 694.561584 685.710693 689.038879 686.543152 675.773560 665.512085 649.969910 638.336914 628.501587 670.608398 672.288208 666.507019 652.313110 609.744751 603.861877 595.922241 584.312866 570.935791 565.397766 559.859741 600.061707 601.651917 592.768738 577.591003 566.662781 578.357361 557.607361 558.560303 542.610840
0.000000 0.000000 0.000000 0.000000 1451.243164 1386.652466 1309.626465 1251.766113 1221.919556 1203.953735 1141.306396 1050.601074 1017.582214 981.866150 949.080261 917.819702 900.351013 875.585327 862.002930 848.822876 833.314270 799.501953 791.753967 776.763367 764.089355 755.745789 748.795349 738.069153 705.115784 676.859741 664.698669 659.545410 645.362671 641.107544 627.459900 620.490051 616.154480 611.818848 632.372009 642.881653 643.648193 633.756165 625.650146 623.499878 622.095886 606.437683 582.515686 554.321716 594.185547 585.875183 584.660461 571.411194 563.654419 552.532471 552.009521 539.833984 537.688171
0.000000 0.000000 0.000000 0.000000 0.000000 1409.080688 1327.692627 1263.243652 1217.320068 1122.033936 1088.043945 1048.986694 1020.985107 991.812317 948.000793 931.538391 901.872437 895.043579 887.253418 869.384216 850.609131 825.433105 808.514465 790.141296 768.579163 760.064697 749.576782 731.799133 715.188293 702.559814 688.215027 667.375732 663.815308 653.554932 648.366638 641.246460 626.696533 607.483276 597.254333 596.264893 605.557678 598.467834 593.432312 587.545227 587.083191 580.222717 553.306885 540.839966 562.233398 559.110413 570.172974 567.606812 555.175476 543.490662 540.380066 529.735901 521.760315
0.000000 0.000000 0.000000 0.000000 0.000000 1439.327881 1376.583862 1291.845703 1219.999512 1176.466309 1125.282227 1081.476807 1031.495972 989.063904 976.825806 969.585449 959.007202 950.781738 935.963074 903.290100 851.811829 840.208862 829.979309 810.957703 788.956543 779.747925 758.103271 740.329590 726.685852 714.062195 694.201355 678.363708 666.331787 654.770691 644.341614 638.363037 633.659363 626.296021 623.990173 595.275513 594.286072 577.181458 568.968872 566.375122 563.781311 549.390137 543.345032 532.566833 529.627625 525.501221 520.369080 544.662964 548.494019 542.402954 527.643372 523.918091 517.403076
0.000000 0.000000 0.000000 0.000000 0.000000 0.000000 1461.511230 1348.379272 1264.528931 1199.035889 1153.446899 1116.309082 1061.691528 1027.344727 1029.481079 1033.385254 1013.954163 988.031311 949.587585 914.664368 873.619751 879.102539 850.075562 822.158508 796.169922 777.752197 752.702698 726.374756 714.477844 708.600525 701.286011 684.065002 676.542908 678.496704 687.481140 677.808533 665.285706 662.549438 653.077515 645.057007 631.653687 619.408386 614.301270 596.293030 586.125122 575.446350 579.219788 572.430237 564.154663 554.610718 515.236938 510.104828 505.855438 504.792267 503.729126 501.483429 481.370422
0.000000 0.000000 0.000000 0.000000 0.000000 0.000000 1404.715210 1348.537354 1281.041504 1210.651489 1165.939941 1139.958984 1118.080078 1102.713257 1087.282471 1077.254272 1040.605225 982.151489 940.071899 913.763062 894.798645 862.755798 825.784973 814.765625 781.136719 770.264404 761.359009 749.271851 745.560730 744.779785 737.605835 720.713257 712.426758 716.749512 719.748291 712.901428 703.385437 699.730469 685.662781 688.583923 658.666077 646.556274 650.286865 643.113892 622.402039 608.745911 602.386963 586.309326 571.394653 565.057373 554.121704 535.259888 524.969238 519.067383 504.275635 494.779083 488.074768
0.000000 0.000000 0.000000 0.000000 0.000000 0.000000 1349.466553 1319.227051 1269.286011 1220.591064 1192.503174 1165.939941 1174.039307 1161.368408 1134.666504 1085.839966 1044.062622 1018.269958 979.392334 934.286743 903.456909 870.875488 843.980103 833.270996 820.506958 798.054504 777.517090 770.962280 774.133057 777.242859 768.942078 758.144043 738.595825 752.343445 764.972046 757.996826 764.178467 750.606079 747.940735 717.165100 687.636963 676.552795 689.254150 663.477234 638.366028 633.494507 603.975891 586.757263 587.453003 577.993530 561.100769 551.471069 544.641968 537.948608 539.234436 549.206055 545.234131
0.000000 0.000000 0.000000 0.000000 0.000000 0.000000 1306.392822 1289.028687 1269.155884 1246.987549 1203.303833 1188.454102 1205.861572 1192.771362 1151.890747 1114.498779 1081.205444 1047.005859 1011.897278 967.539978 929.375244 895.499573 889.956909 866.360291 865.192505 829.069641 800.621521 803.657104 799.170044 811.877319 801.581055 790.761780 779.109436 782.359314 797.030823 815.320435 822.554932 816.738708 806.951965 772.174927 732.712280 723.586914 719.007751 695.740356 671.085510 634.106995 613.773499 618.662109 620.836792 606.576416 581.769226 569.580139 560.850708 557.505493 556.086792 549.067200 545.150940
0.000000 0.000000 0.000000 0.000000 0.000000 0.000000 0.000000 1253.557617 1236.900391 1224.373413 1202.560303 1198.757935 1203.510986 1212.290405 1175.970703 1144.645020 1108.962646 1081.440063 1045.679077 1002.489014 975.094421 955.792908 941.547852 917.773499 892.720093 848.139282 833.406189 845.326660 844.548828 851.241272 837.905884 820.546753 809.887878 810.435486 802.595703 787.998596 788.434021 794.157166 786.908142 780.136719 773.159119 759.208618 730.188110 701.291443 665.443481 648.209534 630.588379 615.747498 617.988281 611.166687 597.224976 587.158752 570.537659 559.005676 550.402405 545.678284 538.798218
0.000000 0.000000 0.000000 0.000000 0.000000 0.000000 0.000000 1223.306885 1205.783569 1193.125732 1175.333130 1163.870972 1159.832275 1166.108521 1171.771484 1151.958862 1119.940186 1076.675415 1047.238525 1032.461426 1008.121216 975.772583 938.849060 914.632202 894.855774 864.631714 870.840088 882.782227 859.096802 832.666992 816.084045 809.934509 799.661865 783.636902 769.561951 754.022522 749.910461 745.716858 744.938843 737.439148 735.971375 728.351807 714.536438 677.825317 637.222046 615.081177 603.838501 589.438416 583.630981 583.356384 575.919434 572.149658 568.205811 558.135864 542.576904 538.910889 534.782654
0.000000 0.000000 0.000000 0.000000 0.000000 0.000000 0.000000 1192.976685 1181.112915 1163.723145 1147.234741 1129.991455 1120.749634 1120.138306 1107.265015 1093.492798 1077.086548 1036.085449 993.026428 969.241577 935.826477 896.940002 875.406433 862.308289 873.892944 873.672424 871.616638 858.799500 827.606934 799.367004 767.960938 761.391113 763.980774 755.062805 733.000732 725.766663 715.663818 704.586365 700.697754 691.523987 686.449463 677.368164 665.211426 633.746277 616.506592 600.939392 587.595093 569.567139 558.036865 553.185730 562.872864 559.334167 551.986511 548.652100 544.804810 539.569946 537.964111
0.000000 0.000000 0.000000 0.000000 0.000000 0.000000 0.000000 1168.933228 1157.126953 1137.227051 1115.540649 1094.676758 1078.890747 1077.458862 1062.180054 1040.937866 1023.181458 1004.846924 974.914734 928.502014 896.063110 865.999390 851.399475 831.745178 830.359131 830.041565 832.283325 814.261780 800.527588 781.928833 758.191711 736.670227 725.293762 723.207153 707.842651 696.314514 678.042786 670.839355 655.770386 632.643494 625.754639 611.972412 602.459473 596.410095 589.257385 580.278015 570.286987 561.474487 552.352783 546.128723 541.249817 546.992126 544.938049 534.896362 540.443237 539.289001 534.957153
0.000000 0.000000 0.000000 0.000000 0.000000 0.000000 0.000000 1154.544800 1137.128540 1106.880615 1086.375122 1058.306152 1042.187622 1028.469727 1022.724304 983.506409 960.669434 955.825623 951.462402 915.596741 872.605103 851.434692 824.356079 810.170959 797.337158 791.877197 800.349731 781.695740 767.682556 753.338135 725.120789 708.261230 693.494385 689.254822 678.882446 669.813416 653.165283 642.575867 637.092651 634.128723 641.063843 622.914673 609.742859 600.758850 587.560425 582.971619 577.776550 573.243408 571.821838 561.357971 536.370972 531.492065 523.929077 512.554504 507.316498 518.085815 510.979034
0.000000 0.000000 0.000000 0.000000 0.000000 0.000000 1169.140259 1142.511597 1117.090820 1091.656738 1079.421997 1048.123657 993.670837 981.536682 973.669678 954.883240 910.678772 897.620850 898.013184 917.627319 904.852905 877.484436 853.407654 818.777893 793.011047 773.804749 763.571045 756.674133 743.360535 723.564514 712.891907 693.235901 686.117126 675.108398 668.820435 659.657776 657.684021 663.379700 679.048340 674.415833 685.742554 661.876282 647.613770 646.125671 623.571716 604.340881 590.835571 581.682251 575.142883 570.000183 557.056335 544.603210 542.176025 534.612549 502.078461 496.840454 490.949005
0.000000 0.000000 0.000000 0.000000 0.000000 0.000000 1180.257813 1118.007202 1072.304443 1068.202515 1091.007813 1078.274292 1008.396240 972.163025 944.878357 932.490479 912.650635 889.598633 868.470642 861.958801 864.539124 854.590942 838.377075 833.603821 815.179688 794.074890 778.349182 762.989624 737.873962 714.000000 704.825012 704.166687 720.273926 725.000671 715.052612 702.074158 706.715698 710.902527 724.293274 711.069763 728.614258 715.485901 696.420654 662.396545 636.367493 616.640381 589.035767 572.293274 567.876221 566.940796 546.558594 534.167419 522.866821 525.814697 527.533325 516.669556 504.967743
