NEW_versions/Iao/Iao_Stream_geometry_0p5.ele
north: 2312604.859596
south: 2308404.859596
east: 756033.352194
west: 750483.352194
rows: 84
cols: 111
[rows 0 to 24 of 84, columns 0 to 56 of 111]
0.000000 0.000000 0.000000 0.000000 0.000000 0.000000 0.000000 0.000000 0.000000 0.000000 0.000000 0.000000 0.000000 0.000000 0.000000 0.000000 0.000000 0.000000 0.000000 0.000000 0.000000 0.000000 0.000000 0.000000 0.000000 0.000000 0.000000 0.000000 0.000000 0.000000 0.000000 0.000000 0.000000 0.000000 0.000000 0.000000 0.000000 0.000000 0.000000 0.000000 0.000000 0.000000 0.000000 0.000000 0.000000 0.000000 0.000000 0.000000 0.000000 0.000000 0.000000 0.000000 0.000000 0.000000 0.000000 0.000000 0.000000
0.000000 0.000000 0.000000 0.000000 0.000000 0.000000 0.000000 0.000000 0.000000 0.000000 0.000000 0.000000 0.000000 0.000000 0.000000 0.000000 0.000000 0.000000 0.000000 0.000000 0.000000 0.000000 0.000000 0.000000 0.000000 0.000000 0.000000 0.000000 0.000000 0.000000 0.000000 0.000000 0.000000 0.000000 0.000000 0.000000 0.000000 0.000000 0.000000 0.000000 0.000000 0.000000 0.000000 0.000000 0.000000 0.000000 0.000000 0.000000 0.000000 0.000000 0.000000 1591.919678 1575.182861 1571.206055 1578.544556 1546.341797 1537.222290
0.000000 0.000000 0.000000 0.000000 0.000000 0.000000 0.000000 0.000000 0.000000 0.000000 0.000000 0.000000 0.000000 0.000000 0.000000 0.000000 0.000000 0.000000 0.000000 0.000000 0.000000 0.000000 0.000000 0.000000 0.000000 0.000000 0.000000 0.000000 0.000000 0.000000 0.000000 0.000000 0.000000 0.000000 0.000000 0.000000 0.000000 0.000000 0.000000 0.000000 0.000000 0.000000 0.000000 0.000000 0.000000 0.000000 0.000000 1652.288696 1624.047119 1580.717896 1550.808716 1530.518921 1492.071899 1493.369141 1508.065552 1490.600586 1478.701416
0.000000 0.000000 0.000000 0.000000 0.000000 0.000000 0.000000 0.000000 0.000000 0.000000 0.000000 0.000000 0.000000 0.000000 0.000000 0.000000 0.000000 0.000000 0.000000 0.000000 0.000000 0.000000 0.000000 0.000000 0.000000 0.000000 0.000000 0.000000 0.000000 0.000000 0.000000 0.000000 0.000000 0.000000 0.000000 0.000000 0.000000 0.000000 0.000000 0.000000 0.000000 0.000000 0.000000 0.000000 0.000000 0.000000 1659.005737 1604.770630 1572.992676 1540.040527 1491.539185 1464.123413 1438.726929 1423.920776 1424.858398 1426.111816 1419.879639
0.000000 0.000000 0.000000 0.000000 0.000000 0.000000 0.000000 0.000000 0.000000 0.000000 0.000000 0.000000 0.000000 0.000000 0.000000 0.000000 0.000000 0.000000 0.000000 0.000000 0.000000 0.000000 0.000000 0.000000 0.000000 0.000000 0.000000 0.000000 0.000000 0.000000 0.000000 0.000000 0.000000 0.000000 0.000000 0.000000 0.000000 0.000000 0.000000 0.000000 0.000000 0.000000 0.000000 0.000000 0.000000 0.000000 1623.522461 1569.238647 1522.179199 1472.087158 1425.380859 1379.521240 1359.402100 1344.017090 1340.189819 1355.357300 1355.934082
0.000000 0.000000 0.000000 0.000000 0.000000 0.000000 0.000000 0.000000 0.000000 0.000000 0.000000 0.000000 0.000000 0.000000 0.000000 0.000000 0.000000 0.000000 0.000000 0.000000 0.000000 0.000000 0.000000 0.000000 0.000000 0.000000 0.000000 0.000000 0.000000 0.000000 0.000000 0.000000 0.000000 0.000000 0.000000 0.000000 0.000000 0.000000 0.000000 0.000000 0.000000 0.000000 0.000000 0.000000 0.000000 1624.088135 1582.491821 1538.857666 1484.675537 1424.799438 1361.570313 1315.679077 1279.619263 1281.174561 1281.069336 1270.877686 1268.314209
0.000000 0.000000 0.000000 0.000000 0.000000 0.000000 0.000000 0.000000 0.000000 0.000000 0.000000 0.000000 0.000000 0.000000 0.000000 0.000000 0.000000 0.000000 0.000000 0.000000 0.000000 0.000000 0.000000 0.000000 0.000000 0.000000 0.000000 0.000000 0.000000 0.000000 0.000000 0.000000 0.000000 0.000000 0.000000 0.000000 0.000000 0.000000 0.000000 0.000000 0.000000 0.000000 1651.417847 1617.654785 1595.500610 1563.366089 1520.360962 1479.276855 1433.441162 1371.358154 1296.543091 1230.616333 1201.297607 1193.732910 1192.960083 1186.068359 1182.606812
0.000000 0.000000 0.000000 0.000000 0.000000 0.000000 0.000000 0.000000 0.000000 0.000000 0.000000 0.000000 0.000000 0.000000 0.000000 0.000000 0.000000 0.000000 0.000000 0.000000 0.000000 0.000000 0.000000 0.000000 0.000000 0.000000 0.000000 0.000000 0.000000 0.000000 0.000000 0.000000 0.000000 0.000000 0.000000 0.000000 0.000000 0.000000 0.000000 0.000000 1662.122070 1638.673950 1582.224854 1544.468018 1521.435425 1485.052979 1411.828247 1416.160645 1362.277222 1301.821899 1225.881226 1165.651001 1132.251953 1120.572021 1108.835205 1102.051880 1098.672974
0.000000 0.000000 0.000000 0.000000 0.000000 0.000000 0.000000 0.000000 0.000000 0.000000 0.000000 0.000000 0.000000 0.000000 0.000000 0.000000 0.000000 0.000000 0.000000 0.000000 0.000000 0.000000 0.000000 0.000000 0.000000 0.000000 0.000000 0.000000 0.000000 0.000000 0.000000 0.000000 0.000000 0.000000 0.000000 0.000000 0.000000 0.000000 0.000000 1665.634644 1632.948120 1589.142090 1530.355957 1476.730103 1424.669189 1393.674927 1353.087891 1340.400513 1283.448975 1214.262451 1142.150269 1086.681274 1055.833374 1042.237671 1033.641846 1022.646179 1016.479980
0.000000 0.000000 0.000000 0.000000 0.000000 0.000000 0.000000 0.000000 0.000000 0.000000 0.000000 0.000000 0.000000 0.000000 0.000000 0.000000 0.000000 0.000000 0.000000 0.000000 0.000000 0.000000 0.000000 0.000000 0.000000 0.000000 0.000000 0.000000 0.000000 0.000000 0.000000 0.000000 0.000000 0.000000 1724.435913 1714.759277 1719.516479 1695.374023 1678.733398 1629.818604 1595.442505 1547.205322 1494.665527 1442.320679 1389.958496 1335.223877 1308.937134 1268.039307 1209.887451 1119.568481 1028.992920 989.118408 971.031250 963.689087 956.594543 949.982361 942.151917
0.000000 0.000000 0.000000 0.000000 0.000000 0.000000 0.000000 0.000000 0.000000 0.000000 0.000000 0.000000 0.000000 0.000000 0.000000 0.000000 0.000000 0.000000 0.000000 0.000000 0.000000 0.000000 0.000000 0.000000 0.000000 0.000000 0.000000 0.000000 0.000000 0.000000 0.000000 1734.147095 1720.132446 1694.627563 1672.416748 1648.964111 1655.231079 1643.391846 1662.583618 1604.322266 1555.896606 1512.696533 1457.904785 1402.958740 1346.155518 1284.774902 1237.706177 1215.232422 1097.350098 1013.645691 953.931702 904.995605 886.087891 889.082092 885.614990 874.439331 866.824585
0.000000 0.000000 0.000000 0.000000 0.000000 0.000000 0.000000 0.000000 0.000000 0.000000 0.000000 0.000000 0.000000 0.000000 0.000000 0.000000 0.000000 0.000000 0.000000 0.000000 0.000000 0.000000 0.000000 0.000000 0.000000 0.000000 0.000000 0.000000 0.000000 0.000000 1727.777954 1702.677246 1666.995483 1648.239014 1614.640015 1593.435059 1570.944702 1589.034912 1609.458252 1603.668579 1534.505493 1475.661499 1419.396729 1359.251587 1298.081543 1240.625000 1191.840820 1126.192871 1025.956543 954.702087 928.122498 904.331055 868.323792 837.650513 823.412781 799.806946 793.241699
0.000000 0.000000 0.000000 0.000000 0.000000 0.000000 0.000000 0.000000 0.000000 0.000000 0.000000 0.000000 0.000000 0.000000 0.000000 0.000000 0.000000 0.000000 0.000000 0.000000 0.000000 0.000000 0.000000 0.000000 0.000000 1710.445801 1705.943848 1705.449341 1705.717529 1711.579346 1692.667725 1663.766724 1624.055908 1593.530518 1564.893799 1525.698975 1511.336304 1526.107056 1561.849487 1579.963867 1521.725708 1468.760254 1402.333374 1330.804810 1256.167358 1187.239990 1111.813477 1035.437866 964.088135 924.963440 899.664917 899.921021 882.317810 853.175781 810.838562 744.035828 751.419739
0.000000 0.000000 0.000000 0.000000 0.000000 0.000000 0.000000 0.000000 0.000000 0.000000 0.000000 0.000000 0.000000 0.000000 1748.181763 1734.045166 1719.640259 1724.251099 1717.350464 1707.941040 1707.961548 1695.547729 1686.118042 1681.274048 1679.084839 1673.554810 1666.001343 1648.450684 1651.892822 1660.059937 1633.391846 1607.630371 1579.453613 1538.916138 1502.780029 1471.621338 1449.867920 1450.209595 1511.294067 1534.773682 1502.252930 1461.652466 1390.260010 1301.672852 1215.686035 1138.112671 1047.419067 992.699341 954.469238 919.219055 890.518799 857.091919 842.823853 855.924744 801.876892 736.651917 729.268005
0.000000 0.000000 0.000000 0.000000 0.000000 0.000000 0.000000 0.000000 0.000000 0.000000 0.000000 1762.781250 1750.330078 1726.933716 1695.421997 1675.790039 1671.932251 1671.234619 1661.551147 1649.956055 1653.752441 1644.011963 1632.063721 1616.567993 1622.440918 1609.176758 1601.856812 1601.840454 1583.131592 1572.422119 1566.428345 1532.014648 1504.941528 1459.833374 1412.237793 1391.311279 1384.223999 1384.496216 1438.391235 1482.949585 1458.990967 1431.233398 1371.331299 1285.547852 1192.259277 1110.858032 1026.931030 972.228027 917.858459 889.370178 866.191345 845.960083 807.704773 824.344238 778.411499 736.702820 717.605286
0.000000 0.000000 0.000000 0.000000 0.000000 0.000000 0.000000 0.000000 0.000000 0.000000 1748.724365 1724.371582 1700.191895 1679.954834 1638.979980 1613.513550 1611.525391 1609.117432 1609.154053 1595.671753 1592.513428 1586.055786 1569.015625 1558.603027 1555.222534 1550.337280 1542.881226 1526.803467 1503.721558 1475.174805 1446.749023 1428.312988 1406.797852 1375.635254 1319.739258 1309.881836 1310.662598 1330.891846 1367.340088 1406.763306 1413.295654 1374.816162 1327.868286 1263.581055 1189.063721 1103.629272 1032.206665 964.681335 916.607971 871.460144 838.694702 816.799866 795.507019 788.706055 756.814514 705.580933 705.470154
0.000000 0.000000 0.000000 0.000000 0.000000 0.000000 0.000000 1742.861694 1747.832275 1741.304810 1711.269043 1679.160400 1660.810547 1640.226929 1589.710449 1541.419434 1547.850098 1559.962769 1549.688110 1532.334717 1525.270264 1518.375366 1507.803589 1494.872314 1492.541748 1495.835083 1481.670776 1454.485718 1426.642700 1392.054321 1348.486816 1330.210205 1298.170654 1221.670044 1219.066162 1224.933105 1240.112671 1266.947021 1295.889893 1328.503540 1341.483154 1308.037720 1279.619141 1230.124756 1169.869995 1105.488647 1053.289063 1000.179138 955.973328 927.237061 877.772522 837.923828 802.131104 757.144897 737.902466 705.269958 688.032837
0.000000 0.000000 0.000000 0.000000 0.000000 0.000000 1723.305298 1722.594482 1711.129272 1702.466187 1663.366211 1620.604370 1611.303955 1589.415161 1539.897705 1477.847290 1452.117310 1444.964233 1404.018799 1425.891968 1442.368408 1436.605225 1427.701416 1424.432495 1428.935547 1431.395630 1411.202148 1383.816040 1320.484497 1277.853882 1241.233765 1122.898804 1103.924927 1125.888672 1135.654785 1144.913818 1169.016968 1193.899170 1221.295532 1241.639526 1259.408691 1241.707153 1216.844971 1187.720093 1140.675293 1094.256714 1054.588257 1016.426758 986.712219 951.451660 914.103210 873.752930 831.082703 782.227295 731.608154 689.258179 669.469482
0.000000 0.000000 0.000000 0.000000 0.000000 1695.776978 1691.296021 1675.022949 1658.214355 1654.331299 1626.701416 1588.943604 1563.471924 1531.061768 1482.783569 1425.861694 1376.220947 1329.720459 1328.859131 1346.441528 1361.780640 1368.613037 1363.109497 1357.196045 1366.076904 1376.640503 1364.391357 1316.301147 1257.438232 1194.609497 1132.019409 1054.175293 1007.186035 1025.686401 1052.160767 1076.921143 1095.506348 1114.026245 1143.855957 1166.909424 1153.799316 1161.799683 1142.024658 1114.972168 1072.793457 1035.646851 1001.241882 981.698120 964.965820 935.120789 906.423340 889.219055 852.142883 803.721802 751.387634 696.072876 670.295288
0.000000 0.000000 0.000000 0.000000 1678.790161 1682.892456 1647.661133 1609.850098 1596.146484 1602.206421 1590.769287 1549.422852 1519.887085 1483.270630 1432.472046 1368.988525 1320.602783 1286.065063 1274.123779 1285.604736 1302.862915 1311.251709 1307.028809 1292.599854 1270.533325 1286.632568 1261.119751 1220.189331 1160.323120 1122.543579 1068.270386 980.466980 942.080811 951.070679 980.428101 1012.108093 1027.268066 1027.698853 1054.260742 1078.844971 1048.356812 1040.382935 1043.164795 1026.548340 1003.104309 970.289001 928.056335 912.436096 925.360596 905.217346 867.732971 858.794739 834.196838 803.624023 751.216492 717.929688 681.627747
0.000000 0.000000 0.000000 1654.345825 1653.533691 1649.740479 1596.603394 1558.960815 1557.576782 1543.079468 1542.043579 1525.408203 1491.586426 1443.537109 1392.693359 1341.105835 1282.393921 1240.702881 1224.114746 1221.853271 1229.560303 1237.609253 1235.575928 1225.472168 1201.528442 1186.054565 1171.268066 1148.371460 1115.929199 1061.920532 1015.722595 959.183594 925.524353 891.375793 922.094421 958.995544 959.674133 936.278809 989.519104 1019.214844 1023.344788 953.828125 951.482239 979.847412 980.706055 924.628113 886.560730 864.616150 868.599609 868.870361 830.888916 813.063904 799.035645 769.540405 732.858643 724.734802 697.211243
0.000000 0.000000 1639.984253 1624.767944 1625.601074 1612.275757 1559.631836 1522.733887 1504.597900 1487.249756 1485.063965 1492.268433 1467.047729 1417.372070 1362.624878 1322.139893 1254.113159 1201.472412 1172.752686 1146.497314 1150.597656 1164.344482 1159.804199 1150.299683 1139.706665 1132.619995 1129.189209 1097.217773 1048.301147 1008.021301 976.928589 950.332947 920.396545 881.525635 873.473267 912.675293 909.033020 921.073364 969.121094 978.924316 934.975220 888.833435 899.496704 924.959167 965.713135 930.997742 884.519470 840.654846 823.689270 822.489868 807.387573 788.001770 767.452881 736.371277 708.411621 687.610596 692.793701
0.000000 0.000000 0.000000 1597.374146 1592.509399 1551.939697 1514.003540 1473.479248 1449.550903 1432.141602 1429.154907 1421.854004 1411.499878 1389.416382 1372.259644 1348.960205 1209.791748 1149.591675 1112.431396 1056.190186 1091.766113 1110.309448 1090.609619 1070.540283 1056.075928 1050.688477 1055.767334 1038.885620 988.568542 968.926514 928.105957 900.325256 894.910950 877.735229 820.836975 823.155518 860.767029 902.146729 945.289429 947.066467 902.309143 861.908142 864.585388 897.904846 950.863464 930.639099 887.745178 848.409302 816.106750 778.587402 761.257751 756.882324 739.562744 733.459290 709.832581 673.480042 652.681946
0.000000 0.000000 0.000000 1565.892578 1518.445801 1483.151489 1458.572998 1415.613892 1386.044312 1372.037720 1367.684937 1361.042236 1337.267456 1313.745728 1273.837158 1303.371216 1214.421265 1145.071655 1079.167236 1012.370911 1008.307495 1039.737793 1025.657959 975.818848 986.811462 1000.300842 1042.542603 1011.406738 956.905273 921.971985 893.007935 864.657166 845.545166 830.250305 789.387451 818.119568 845.917175 882.115723 916.520203 915.291565 880.689697 845.874817 829.225830 876.530212 935.637634 939.704956 894.936096 851.930786 808.965393 768.643005 719.882324 708.210022 711.057190 718.508057 700.632629 683.918884 642.188110
0.000000 0.000000 1551.086670 1511.961182 1445.824219 1341.425659 1302.853516 1278.974365 1282.927368 1301.577637 1298.382568 1246.638184 1212.308716 1214.681152 1201.336304 1192.116699 1182.704102 1145.885986 1074.841675 1008.074768 962.023804 959.250305 905.760193 898.063477 918.996155 962.131836 996.903687 1013.124939 975.075684 924.664795 875.391479 830.823914 807.042786 801.389832 773.170105 781.875061 817.047913 843.238281 873.733826 875.154907 849.066772 827.071106 810.740784 855.562256 925.252502 944.136780 903.555481 866.003967 821.990173 779.186951 733.772095 695.038879 674.035095 704.118408 692.288147 674.667664 659.073608
