NEW_versions/Iao/Iao_Stream_geometry_0p5.ele
north: 2312604.859596
south: 2308404.859596
east: 756033.352194
west: 750483.352194
rows: 84
cols: 111
[rows 50 to 74 of 84, columns 0 to 56 of 111]
0.000000 0.000000 0.000000 0.000000 0.000000 0.000000 1208.278198 1116.928101 1076.406372 1067.852051 1081.811401 1048.148804 1012.674683 981.528076 941.322571 924.587402 903.433960 893.125305 874.812073 856.161743 842.762207 829.481262 814.630005 801.941467 805.426270 798.524170 770.118408 739.946045 729.915955 721.958008 737.240845 751.362976 765.397583 774.235962 761.524414 744.190979 747.800720 743.862671 751.131958 751.272034 770.183350 739.462769 698.778076 656.021973 628.519531 603.491577 590.619507 565.979980 549.070435 537.189087 519.063599 518.023926 516.044922 506.863922 500.957153 494.765076 493.494598
0.000000 0.000000 0.000000 0.000000 0.000000 1267.600098 1215.580933 1132.258545 1084.960693 1067.501587 1037.106445 1018.573303 996.931702 969.391907 936.567261 913.351990 898.399902 881.763489 865.371887 851.944214 835.546570 825.078796 811.656067 797.853088 782.689087 772.633789 758.332397 741.664673 759.106506 770.397705 778.400696 796.527588 811.046143 810.421021 799.261658 788.339905 783.812317 773.632202 787.008240 785.888489 780.480591 743.485229 704.798157 669.329407 638.750244 613.231873 589.071228 564.453186 544.896912 528.105591 524.234680 528.069397 531.604370 532.002747 520.651917 525.125488 515.237183
0.000000 0.000000 1520.544678 1393.968628 1316.201538 1260.786255 1212.222412 1151.249146 1105.461060 1066.904053 1035.720337 1011.817078 985.886475 949.913208 928.543579 910.202209 905.319519 886.372620 874.982300 859.561646 836.299438 824.309875 813.222595 799.061279 782.599060 769.000732 758.411865 766.184509 784.662292 799.677490 821.385681 835.849121 822.933289 809.205200 817.373352 823.581421 819.856262 814.689880 819.710388 800.660339 761.228271 721.938232 687.817261 653.931030 615.271545 598.779297 584.148865 558.031494 539.299805 533.702698 528.263000 545.890320 566.455933 565.654785 558.189697 549.940125 528.563477
0.000000 0.000000 1449.949707 1389.918701 1317.236938 1262.594360 1210.086304 1161.469116 1128.019653 1087.223145 1051.632935 1022.896118 988.343445 952.109741 944.831726 954.649170 924.024536 916.884216 913.358154 892.359924 875.897339 869.555847 854.767273 822.606995 796.510315 783.583191 780.840759 804.271912 817.883362 826.131714 823.382568 812.282471 787.830566 769.999390 783.185913 787.603577 798.619934 797.056091 805.001587 779.346313 744.430298 706.023315 663.817200 629.854614 587.585693 575.196167 563.021301 551.787598 545.543701 544.590515 539.159424 553.579834 572.548401 590.786804 597.049500 580.673035 570.784912
0.000000 0.000000 1414.693726 1374.729370 1313.292114 1258.494019 1206.327393 1166.538452 1134.523560 1100.105347 1055.383789 1017.065918 976.265564 964.187622 998.978210 982.588806 970.610962 963.435669 957.988892 938.684875 924.846191 907.273926 878.227234 848.045715 819.507263 822.125793 837.326294 825.017395 805.654602 790.083801 787.461243 770.321228 751.642578 729.287964 733.907532 748.432068 757.186279 751.877869 760.126465 744.562622 734.921387 695.387390 650.225464 607.281189 600.546692 596.192688 582.840881 582.800659 570.511230 546.068115 561.071350 560.974121 578.757446 595.049805 611.765076 618.047302 637.279114
0.000000 0.000000 1453.269531 1410.429565 0.000000 0.000000 0.000000 0.000000 1119.064575 1087.460449 1054.183594 1024.239990 1027.112671 1037.500122 1030.561401 1020.256531 1020.188904 1015.905151 989.982849 943.389282 895.952515 854.336792 856.431396 842.788147 847.874695 852.662170 820.751465 794.962402 777.687256 762.056824 753.706665 732.736450 710.473450 695.912109 676.679016 673.125854 727.595337 704.008850 655.359985 651.806824 694.148254 631.760071 629.673340 618.477234 644.976135 630.660828 613.430542 599.285767 568.793091 555.240784 585.124756 577.257019 584.133057 596.021362 616.747742 633.581726 655.435730
0.000000 0.000000 0.000000 0.000000 0.000000 0.000000 0.000000 0.000000 0.000000 1104.905518 1096.976440 1086.654785 1086.460815 0.000000 1070.868896 1052.041870 1007.262207 984.182922 960.335876 912.382141 865.759399 825.013794 799.761047 790.867188 820.644958 817.908997 809.099609 781.090759 755.310120 739.454407 719.495422 696.864502 696.196289 695.528015 680.232239 669.572693 666.019531 662.466309 658.913147 648.253601 683.620178 633.846863 642.612854 669.196106 687.172607 670.965027 636.105286 595.934570 579.641052 564.866943 586.742554 599.824158 589.909363 597.621582 612.737732 636.029968 662.914795
0.000000 0.000000 0.000000 0.000000 0.000000 0.000000 0.000000 0.000000 0.000000 0.000000 0.000000 0.000000 0.000000 0.000000 0.000000 1046.557129 993.777039 951.205750 933.997192 898.070862 848.431702 811.934753 808.654968 781.973267 775.186401 779.740295 766.075562 759.126038 735.402039 730.099854 724.797607 734.380798 737.777649 736.650635 711.981079 698.139099 684.297058 672.227478 671.191833 644.700439 672.687195 635.933594 648.764954 690.943909 727.436218 687.113281 650.403015 637.802185 609.347473 569.643005 585.051331 615.183777 603.916260 604.015442 610.938110 628.716614 645.163513
0.000000 0.000000 0.000000 0.000000 0.000000 0.000000 0.000000 0.000000 0.000000 0.000000 0.000000 0.000000 0.000000 0.000000 0.000000 0.000000 1017.523010 980.197083 945.324097 903.707275 868.698608 859.690613 824.919739 788.760132 768.399536 762.790833 757.182190 749.922119 742.662109 751.207642 766.346558 776.415649 779.323120 766.644592 741.664612 719.321289 697.756897 673.263123 650.185425 641.147278 639.409363 637.671509 680.377441 705.649719 746.021118 702.324158 686.443237 658.302429 621.263123 589.016113 590.971191 607.475586 625.732178 623.268005 623.685059 636.968933 648.032471
0.000000 0.000000 0.000000 0.000000 0.000000 0.000000 0.000000 0.000000 0.000000 0.000000 0.000000 0.000000 0.000000 0.000000 0.000000 0.000000 1050.707397 1012.571411 980.391357 944.279358 921.294739 875.996826 839.264038 827.010132 805.542114 805.047180 792.627258 787.273987 764.166809 778.283875 805.515930 818.837708 813.213501 787.591431 748.754700 712.370728 705.181152 691.673584 660.578125 651.199585 647.397949 675.105530 710.647400 742.970947 764.351868 733.415039 701.457947 670.542664 640.389832 598.351318 599.564697 601.260925 616.309265 642.053406 646.790833 645.071716 656.990784
0.000000 0.000000 0.000000 0.000000 0.000000 0.000000 0.000000 0.000000 0.000000 0.000000 0.000000 0.000000 0.000000 0.000000 0.000000 0.000000 0.000000 0.000000 0.000000 0.000000 0.000000 913.259827 895.782227 866.683960 853.812927 833.106873 833.442017 822.465149 796.057617 791.830627 823.862488 857.677673 826.106995 776.998718 744.915649 731.628540 722.539734 690.217407 669.956665 679.335205 653.822876 680.489990 723.682312 763.657959 750.671570 716.086609 690.676147 649.302856 625.269531 598.755798 599.160217 610.122070 626.731262 656.474731 681.277954 673.364319 671.881409
0.000000 0.000000 0.000000 0.000000 0.000000 0.000000 0.000000 0.000000 0.000000 0.000000 0.000000 0.000000 0.000000 0.000000 0.000000 0.000000 0.000000 0.000000 0.000000 0.000000 0.000000 0.000000 0.000000 915.515808 885.153870 858.478210 873.573181 850.305847 834.218994 817.931335 855.771423 884.090271 835.022278 788.984619 754.945557 716.148010 691.363525 683.463806 676.710266 704.809509 658.870605 663.918396 704.494080 751.680420 730.185608 717.915466 668.105896 656.102905 623.930298 619.980713 614.848206 612.223206 629.639893 651.861023 682.194031 704.879456 701.753723
0.000000 0.000000 0.000000 0.000000 0.000000 0.000000 0.000000 0.000000 0.000000 0.000000 0.000000 0.000000 0.000000 0.000000 0.000000 0.000000 0.000000 0.000000 0.000000 0.000000 0.000000 0.000000 0.000000 0.000000 916.472351 912.571167 908.635864 890.814941 877.866272 854.045532 863.752380 895.454529 835.380798 786.254272 749.244873 731.403320 699.263245 707.162964 721.898010 703.250671 675.236023 668.966125 707.938416 751.358154 722.936951 684.765137 680.108826 692.111816 669.539551 660.393433 630.130920 623.466919 641.421509 648.484436 658.697815 687.420837 721.242737
0.000000 0.000000 0.000000 0.000000 0.000000 0.000000 0.000000 0.000000 0.000000 0.000000 0.000000 0.000000 0.000000 0.000000 0.000000 0.000000 0.000000 0.000000 0.000000 0.000000 0.000000 0.000000 0.000000 0.000000 0.000000 954.601318 956.092407 936.014038 897.118896 872.631897 865.242554 886.157898 833.836609 791.454956 760.304626 730.804321 722.146423 736.273071 748.838196 722.519348 681.505859 693.594421 746.680542 761.756653 725.467712 689.421448 697.936523 727.031738 702.686584 665.109619 638.089722 641.992004 664.502686 680.279968 668.272156 677.846497 717.645752
0.000000 0.000000 0.000000 0.000000 0.000000 0.000000 0.000000 0.000000 0.000000 0.000000 0.000000 0.000000 0.000000 0.000000 0.000000 0.000000 0.000000 0.000000 0.000000 0.000000 0.000000 0.000000 0.000000 0.000000 0.000000 0.000000 0.000000 977.689087 934.163147 898.770142 888.553772 905.090942 834.348206 786.624512 764.891479 743.239990 760.748413 770.909668 740.367004 698.847168 687.775757 721.978027 776.993469 743.998108 700.274414 694.077759 722.508423 751.020386 716.498657 679.702942 649.595337 646.873535 684.472473 713.653564 730.430237 723.370605 718.559326
0.000000 0.000000 0.000000 0.000000 0.000000 0.000000 0.000000 0.000000 0.000000 0.000000 0.000000 0.000000 0.000000 0.000000 0.000000 0.000000 0.000000 0.000000 0.000000 0.000000 0.000000 0.000000 0.000000 0.000000 0.000000 0.000000 0.000000 1017.773621 972.710388 928.869507 913.322266 923.481750 859.724365 807.492493 797.805603 783.826294 793.686890 777.507263 723.970398 709.918518 739.122070 765.315063 779.646118 738.897278 706.471069 712.667725 735.989685 771.846313 728.439575 699.470520 659.140015 656.516602 684.443176 712.879272 766.941528 764.901367 775.633057
0.000000 0.000000 0.000000 0.000000 0.000000 0.000000 0.000000 0.000000 0.000000 0.000000 0.000000 0.000000 0.000000 0.000000 0.000000 0.000000 0.000000 0.000000 0.000000 0.000000 0.000000 0.000000 0.000000 0.000000 0.000000 0.000000 0.000000 0.000000 996.653687 955.760925 956.028931 930.915771 886.707214 856.736084 830.984131 804.020752 789.661133 745.572449 738.022217 752.074036 778.636658 793.233643 767.518311 729.767090 719.486755 733.268311 749.330994 786.845093 754.342590 715.974731 665.672241 669.372681 689.680054 734.560181 785.153931 809.373718 847.065002
0.000000 0.000000 0.000000 0.000000 0.000000 0.000000 0.000000 0.000000 0.000000 0.000000 0.000000 0.000000 0.000000 0.000000 0.000000 0.000000 0.000000 0.000000 0.000000 0.000000 0.000000 0.000000 0.000000 0.000000 0.000000 0.000000 0.000000 0.000000 0.000000 1002.600647 973.505493 919.721191 873.231018 832.057007 808.078491 800.853821 795.278687 753.122742 760.673035 798.183960 821.011230 786.125732 753.043396 743.681458 731.639648 755.628662 772.275757 811.644653 770.960693 718.155518 683.514404 682.001343 694.600586 722.874756 757.748108 804.475708 840.462646
0.000000 0.000000 0.000000 0.000000 0.000000 0.000000 0.000000 0.000000 0.000000 0.000000 0.000000 0.000000 0.000000 0.000000 0.000000 0.000000 0.000000 0.000000 0.000000 0.000000 0.000000 0.000000 0.000000 0.000000 0.000000 0.000000 0.000000 0.000000 0.000000 1019.452026 962.234558 913.193787 868.783203 833.539368 844.195862 831.908081 785.046082 769.670471 804.806091 835.511353 823.639709 780.567932 761.193359 770.154968 750.362610 774.294556 806.812012 811.518555 769.748596 717.168091 693.753601 696.986755 716.201050 720.047607 737.471436 762.785889 804.356445
0.000000 0.000000 0.000000 0.000000 0.000000 0.000000 0.000000 0.000000 0.000000 0.000000 0.000000 0.000000 0.000000 0.000000 0.000000 0.000000 0.000000 0.000000 0.000000 0.000000 0.000000 0.000000 0.000000 0.000000 0.000000 0.000000 0.000000 0.000000 0.000000 1019.015259 953.905273 913.581543 877.949524 870.345215 874.093994 838.403503 805.735168 814.014099 844.149353 867.515686 824.410095 794.434509 794.077271 799.081421 783.251160 800.101013 825.796265 790.284912 754.145813 717.667114 708.993347 720.685303 750.585266 745.388306 754.369568 759.766785 779.708618
0.000000 0.000000 0.000000 0.000000 0.000000 0.000000 0.000000 0.000000 0.000000 0.000000 0.000000 0.000000 0.000000 0.000000 0.000000 0.000000 0.000000 0.000000 0.000000 0.000000 0.000000 0.000000 0.000000 0.000000 0.000000 0.000000 0.000000 0.000000 0.000000 1029.706665 980.300049 939.175110 901.875244 903.113525 905.288574 871.470520 868.018250 879.473206 890.704590 895.040527 862.816345 836.413147 833.670288 838.405212 827.437012 839.856262 823.631409 788.311584 767.826965 745.159058 722.415771 738.418701 770.117859 782.026733 795.932312 807.791504 801.869751
0.000000 0.000000 0.000000 0.000000 0.000000 0.000000 0.000000 0.000000 0.000000 0.000000 0.000000 0.000000 0.000000 0.000000 0.000000 0.000000 0.000000 0.000000 0.000000 0.000000 0.000000 0.000000 0.000000 0.000000 0.000000 0.000000 0.000000 0.000000 0.000000 0.000000 1007.882629 962.131958 943.990967 944.249207 954.267090 943.248047 933.272339 936.692322 941.652771 922.717163 898.708069 876.045898 873.424500 887.072937 888.114929 859.581665 800.248230 792.443787 776.548279 753.308594 741.945862 752.349915 790.339539 813.768311 837.250671 878.232727 860.810242
0.000000 0.000000 0.000000 0.000000 0.000000 0.000000 0.000000 0.000000 0.000000 0.000000 0.000000 0.000000 0.000000 0.000000 0.000000 0.000000 0.000000 0.000000 0.000000 0.000000 0.000000 0.000000 0.000000 0.000000 0.000000 0.000000 0.000000 0.000000 0.000000 0.000000 0.000000 993.806641 992.637207 983.727295 0.000000 0.000000 0.000000 0.000000 0.000000 959.310181 947.206726 932.122742 932.403503 929.455994 897.475403 851.743958 808.052612 815.857056 793.680664 764.630066 763.057922 777.486206 814.302979 849.605713 886.792236 915.149231 923.158936
0.000000 0.000000 0.000000 0.000000 0.000000 0.000000 0.000000 0.000000 0.000000 0.000000 0.000000 0.000000 0.000000 0.000000 0.000000 0.000000 0.000000 0.000000 0.000000 0.000000 0.000000 0.000000 0.000000 0.000000 0.000000 0.000000 0.000000 0.000000 0.000000 0.000000 0.000000 0.000000 0.000000 0.000000 0.000000 0.000000 0.000000 0.000000 0.000000 0.000000 0.000000 0.000000 957.001038 920.498047 891.840454 850.076355 830.426758 845.217285 817.742615 787.050537 779.834839 788.486206 819.187439 871.914917 919.274719 946.780029 976.730774
0.000000 0.000000 0.000000 0.000000 0.000000 0.000000 0.000000 0.000000 0.000000 0.000000 0.000000 0.000000 0.000000 0.000000 0.000000 0.000000 0.000000 0.000000 0.000000 0.000000 0.000000 0.000000 0.000000 0.000000 0.000000 0.000000 0.000000 0.000000 0.000000 0.000000 0.000000 0.000000 0.000000 0.000000 0.000000 0.000000 0.000000 0.000000 0.000000 0.000000 0.000000 0.000000 950.350342 918.229126 897.355896 871.093262 872.853638 878.695679 850.697449 808.173462 796.502014 801.590881 832.625305 885.353638 929.022339 968.528381 1027.521484
