WMS/Older_experiments/3p2roughnessDef.ele
north: 2318511.434868
south: 2312161.434868
east: 758896.410600
west: 751346.410600
rows: 127
cols: 151
[rows 81 to 107 of 127, columns 0 to 59 of 151]
0.000000 0.000000 0.000000 0.000000 0.000000 0.000000 0.000000 0.000000 0.000000 0.000000 0.000000 0.000000 0.000000 0.000000 0.000000 0.000000 0.000000 0.000000 0.000000 0.000000 1367.789917 1358.803711 1345.659424 1350.269043 1331.837280 1291.014771 1251.957275 1203.258911 1163.337646 1100.904297 1056.081665 1014.595093 971.331970 901.388062 853.006226 819.788147 797.122070 769.480957 719.724243 675.929871 632.130859 584.551086 573.969055 559.792908 546.426514 537.698364 524.898743 511.989380 463.351746 442.212402 418.072998 453.967133 467.797150 433.846802 455.728943 502.134064 543.549500 585.261597 598.407410 673.481323
0.000000 0.000000 0.000000 0.000000 0.000000 0.000000 0.000000 0.000000 0.000000 0.000000 0.000000 0.000000 0.000000 0.000000 0.000000 0.000000 0.000000 0.000000 0.000000 0.000000 1372.885254 1360.694336 1356.468872 1344.608643 1322.769897 1292.537354 1242.365112 1196.464844 1150.697754 1100.256714 1055.954468 1002.598511 934.714600 872.695618 833.871826 798.146851 772.185608 735.270020 695.425354 637.810974 584.433167 554.477783 562.954895 558.788391 549.276245 539.590271 539.305847 497.321991 436.013000 433.500977 456.647797 489.688538 450.151367 455.805878 486.541840 504.445953 553.557068 604.599854 654.611389 685.915771
0.000000 0.000000 0.000000 0.000000 0.000000 0.000000 0.000000 0.000000 0.000000 0.000000 0.000000 0.000000 0.000000 0.000000 0.000000 0.000000 0.000000 0.000000 0.000000 0.000000 1372.264526 1358.670532 1360.961548 1332.477295 1302.420166 1268.461182 1232.341797 1190.550781 1136.524414 1082.907471 1045.990723 977.871216 892.692688 827.482300 772.249329 778.654114 748.703918 712.196655 644.540466 575.453918 537.425903 503.593079 510.313507 527.238831 526.685852 517.590942 507.430420 477.680359 434.294403 465.310883 488.779816 480.595520 457.993500 488.759094 506.849792 513.033691 567.666199 636.999878 684.258972 723.970886
0.000000 0.000000 0.000000 0.000000 0.000000 0.000000 0.000000 0.000000 0.000000 0.000000 0.000000 0.000000 0.000000 0.000000 0.000000 0.000000 0.000000 0.000000 0.000000 0.000000 1376.162231 1349.780151 1324.198853 1309.239014 1282.215820 1248.633789 1207.398804 1171.518677 1115.398193 1069.749756 1009.086792 944.447754 851.233215 786.976440 713.489563 725.777405 692.022522 625.934143 550.721924 528.986084 505.815002 475.332764 468.056366 459.199982 450.595337 445.858032 444.481079 442.935425 462.506805 504.448914 506.393982 481.901001 448.457764 498.960815 505.526245 526.748291 583.176025 644.725952 682.155151 740.141968
0.000000 0.000000 0.000000 0.000000 0.000000 0.000000 0.000000 0.000000 0.000000 0.000000 0.000000 0.000000 0.000000 0.000000 0.000000 0.000000 0.000000 0.000000 0.000000 0.000000 1359.431885 1326.013184 1294.659058 1268.435425 1245.273804 1205.099365 1165.202881 1126.001953 1083.191406 1027.394287 974.822449 902.350769 829.864258 744.174561 657.216614 665.422913 624.728943 569.717529 541.837830 515.105591 486.519867 502.645325 497.959167 504.622070 515.848877 514.284180 490.465881 465.471680 506.437988 518.727783 521.585693 502.058838 463.898193 498.703430 528.850830 562.791992 601.492371 649.552612 707.493042 749.983154
0.000000 0.000000 0.000000 0.000000 0.000000 0.000000 0.000000 0.000000 0.000000 0.000000 0.000000 0.000000 0.000000 0.000000 0.000000 0.000000 0.000000 0.000000 0.000000 1370.718262 1332.993408 1293.300537 1254.086548 1217.223267 1181.903809 1126.052124 1088.267700 1057.669556 1020.051147 973.719910 930.836853 865.939453 788.057068 702.187073 617.628601 599.252441 587.732056 559.544861 531.747253 511.229431 504.521545 563.071167 579.266296 580.096741 547.641663 527.725952 499.151367 497.292847 527.458252 531.311279 531.751465 516.113647 469.069550 510.973969 558.239746 595.202148 637.054565 668.601440 721.956726 763.694885
0.000000 0.000000 0.000000 0.000000 0.000000 0.000000 0.000000 0.000000 0.000000 0.000000 0.000000 0.000000 0.000000 0.000000 0.000000 0.000000 0.000000 0.000000 1372.210205 1347.673096 1311.532837 1264.941895 1216.187622 1173.286377 1127.586914 1082.779541 1033.727539 977.877136 927.675110 896.350769 874.425537 808.507385 742.276978 658.919128 581.063782 557.270630 544.822388 530.501282 515.638977 520.846680 590.016235 623.710510 626.562256 586.103149 548.041382 525.084839 499.345123 523.129089 537.093384 540.964294 541.301331 530.343689 527.721008 537.658142 551.559326 616.174011 668.393616 715.985779 745.886536 780.491821
0.000000 0.000000 0.000000 0.000000 0.000000 0.000000 0.000000 0.000000 0.000000 0.000000 0.000000 0.000000 0.000000 0.000000 0.000000 0.000000 0.000000 0.000000 1343.470825 1302.328613 1266.139648 1231.558472 1167.150513 1112.885742 1047.347290 998.422974 939.290283 898.099060 832.187073 819.536865 772.317322 738.119629 693.597290 633.399231 594.695068 560.872253 551.315308 528.809631 496.632385 579.290100 622.764038 667.729309 650.372803 592.198669 547.498840 517.013794 511.555237 554.179565 566.631653 555.553223 555.423523 555.082397 578.260193 571.054321 560.230225 636.023865 688.837769 740.503723 762.240356 802.574036
0.000000 0.000000 0.000000 0.000000 0.000000 0.000000 0.000000 0.000000 0.000000 0.000000 0.000000 0.000000 0.000000 0.000000 0.000000 0.000000 0.000000 1369.070190 1317.890747 1274.028198 1224.516724 1186.468384 1135.461060 1070.126221 1007.651367 954.719177 887.199951 833.394409 792.293640 742.657654 693.550415 659.335388 623.857971 618.070557 585.031494 556.765625 541.176453 520.814514 571.155762 596.027039 645.729187 689.885437 656.811157 601.971069 555.434021 527.251648 506.213684 565.309082 600.896851 578.542847 580.082397 595.822388 597.582275 571.594055 589.974365 664.318481 715.494995 759.447693 794.553955 826.373596
0.000000 0.000000 0.000000 0.000000 0.000000 0.000000 0.000000 0.000000 0.000000 0.000000 0.000000 0.000000 1419.674927 1405.112427 1377.898315 1357.983276 1357.438721 1350.637207 1299.755005 1251.167358 1203.857056 1147.051392 1103.353394 1049.980835 1002.099609 959.244141 887.261658 824.159119 781.873352 752.899536 706.263428 657.073792 600.676147 583.595337 576.747803 563.355347 521.554199 559.515320 599.759094 598.080078 640.431519 693.625793 658.663818 613.930176 569.119385 537.727417 522.510437 563.795532 621.513855 616.129150 620.080872 633.488831 599.652893 558.741821 618.348083 699.961975 725.731445 774.854126 817.076843 858.862305
0.000000 0.000000 0.000000 0.000000 0.000000 0.000000 0.000000 0.000000 0.000000 0.000000 0.000000 1423.416504 1388.376221 1343.470215 1314.818237 1293.171387 1282.858154 1307.330811 1294.841919 1232.493408 1175.065308 1107.641846 1058.540161 1020.786560 1000.227844 967.245972 923.769775 868.225159 812.538513 784.214417 726.013977 678.276123 624.707153 592.611450 582.162231 523.037781 573.229736 594.207581 609.017334 624.721985 646.282227 696.792908 663.324463 622.874451 582.296204 529.507446 561.410095 582.209045 640.914551 664.546143 668.601807 665.333069 622.178040 582.134827 631.992798 711.065979 773.319641 792.345337 833.425537 892.595032
0.000000 0.000000 0.000000 0.000000 0.000000 0.000000 0.000000 0.000000 0.000000 0.000000 1411.456055 1382.511475 1345.044922 1297.003418 1249.221924 1217.700195 1212.162231 1222.887085 1261.033203 1220.931274 1148.153076 1074.858276 1017.712341 977.120056 993.991821 966.805969 917.563843 870.528625 841.128540 772.674744 707.690613 655.107422 609.850220 548.010681 526.005127 577.032288 592.721191 611.110046 640.576416 663.007324 689.632813 721.760803 698.075378 656.316589 588.097839 531.087524 588.019470 628.195435 672.276794 702.434265 699.867859 659.788940 618.988953 615.655884 670.869202 738.677429 799.729553 823.606567 864.845276 925.106567
0.000000 0.000000 0.000000 0.000000 0.000000 0.000000 0.000000 0.000000 0.000000 0.000000 1376.933838 1340.142090 1294.019165 1254.471558 1193.100342 1136.718750 1131.910645 1163.902222 1194.437744 1175.207764 1114.900635 1053.540527 990.942688 935.732239 962.540039 952.998474 908.464844 853.071594 804.986206 766.155579 691.914551 619.697571 563.545166 558.449219 583.632202 602.730835 595.012390 636.832397 677.114319 701.672607 729.364807 744.017151 720.332031 671.105225 627.636597 537.561096 565.831055 622.580383 669.843567 713.931702 690.600891 651.902954 609.186218 651.448486 709.393921 768.076599 812.446350 859.920593 904.975891 966.225647
0.000000 0.000000 0.000000 0.000000 0.000000 0.000000 0.000000 0.000000 0.000000 1384.748291 1347.311768 1303.781982 1259.328979 1205.752930 1144.703247 1096.053711 1059.279297 1100.739868 1150.781860 1124.432983 1089.108643 1032.625854 968.855835 910.987732 907.281738 919.644592 882.204224 837.286682 785.419556 727.375122 630.940125 560.570557 603.115540 605.651672 596.751404 616.179321 613.057434 614.690308 661.471252 691.109070 719.910400 741.407166 725.913757 691.381287 663.854553 613.354187 557.135132 598.110657 654.724304 709.476746 684.887573 644.250793 620.848083 678.788269 726.079590 791.412170 844.141052 897.822144 942.754272 1004.999023
0.000000 0.000000 0.000000 0.000000 0.000000 0.000000 0.000000 0.000000 1390.617676 1354.840454 1307.443604 1255.943359 1222.500488 1178.434570 1117.052856 1057.494995 1012.805847 1007.660706 1072.656860 1050.357178 1048.214966 1000.642578 949.644897 896.989807 857.364075 880.391663 849.739258 800.257751 733.803040 661.299377 601.710388 608.204407 618.911865 601.408203 611.095459 636.842957 635.542297 605.434326 653.376831 688.331970 723.434509 742.665649 751.246216 723.601563 685.436523 642.162781 588.362854 595.412109 653.428284 708.763794 671.162903 645.917480 649.297974 710.355225 757.468384 814.587524 875.765503 939.264160 983.707031 1038.919922
0.000000 0.000000 0.000000 0.000000 0.000000 0.000000 0.000000 1380.816284 1353.744263 1310.263062 1260.802612 1216.285156 1179.713257 1134.269165 1073.721680 1007.401550 949.520813 941.848145 962.223877 966.389343 980.010315 969.319946 936.333008 879.755127 837.949280 832.218689 807.693604 747.163940 674.893372 621.622681 596.046570 617.644714 621.779236 610.719971 622.808594 680.624756 655.710632 605.938843 643.806580 684.230835 727.726135 746.874695 755.805603 728.307373 672.687927 621.220581 616.769897 616.498779 670.602295 702.412109 652.681396 650.279053 693.555542 747.190186 791.597290 844.021179 904.923218 969.092590 1019.931335 1077.491699
0.000000 0.000000 0.000000 0.000000 0.000000 1381.929688 1371.825195 1344.595337 1307.775024 1274.840088 1223.812744 1180.140747 1133.774658 1079.961548 1022.557922 960.122742 928.161926 894.784119 871.994324 833.254089 784.834106 836.626099 847.098267 813.131042 788.555969 786.345764 745.495056 685.054260 629.446411 582.368530 608.052185 636.319214 629.278564 620.067932 630.014221 692.045105 694.470154 633.522644 627.763550 639.076782 694.872559 749.615601 765.565735 726.099426 665.936768 613.002869 620.007385 667.486511 703.041382 697.206665 680.569885 671.512390 725.219543 763.311646 811.601440 863.360840 932.503479 990.665527 1053.949951 1094.469971
0.000000 0.000000 0.000000 0.000000 1364.481812 1336.301025 1305.474976 1278.607910 1249.026978 1226.635742 1189.542603 1150.302612 1078.773071 1027.312012 962.473389 930.965820 884.505188 796.794006 757.334900 717.701233 721.709412 708.794678 707.153137 740.542725 715.193848 684.387207 687.791748 639.306702 597.690552 620.734436 645.843628 653.657715 626.657776 625.287170 652.193665 712.284363 741.341125 712.397400 689.473267 662.599731 704.735718 749.535767 765.813599 734.398682 681.981934 618.564209 617.353027 678.628906 724.023621 720.956360 698.756714 703.389221 728.627869 748.204224 815.638000 875.317383 951.108521 1014.566223 1079.636719 0.000000
0.000000 0.000000 0.000000 1385.576172 1326.885010 1259.041382 1221.935791 1213.752686 1207.142212 1173.885010 1120.928711 1069.623047 1028.623901 962.155029 895.976929 822.719299 766.344910 726.594543 717.093201 705.048340 697.478516 688.035095 682.831848 723.536621 656.562073 625.546021 615.142761 597.468750 623.241150 669.287537 691.079163 645.743469 635.772461 628.619324 647.093079 723.688171 757.098633 753.375854 739.864868 733.829712 751.153076 766.434326 774.342590 755.747070 702.500793 619.983887 653.055481 686.719360 724.368652 741.211121 718.436462 724.095459 726.228638 770.510620 837.389526 902.627441 970.516846 1036.231079 1101.103760 0.000000
0.000000 0.000000 1402.534668 1359.280273 1297.283081 1221.205688 1183.171143 1141.520874 1154.916870 1127.491455 1043.123535 983.222107 944.685669 885.641296 844.032898 785.601807 747.781616 753.314819 737.269165 714.180176 695.374695 684.338867 677.190735 671.652466 638.870239 621.299072 649.651306 654.132324 680.499512 708.362305 676.476746 649.882141 648.203552 638.214844 651.312012 700.667114 762.951416 762.462036 763.809875 759.775757 750.768799 764.288757 773.700684 770.397339 726.549255 660.541748 635.170288 707.667908 745.306702 746.957703 745.993103 732.876404 742.045532 794.179993 860.949402 929.551880 986.494202 1056.104858 1113.109253 0.000000
0.000000 1411.455811 1374.858032 1317.937012 1268.080566 1181.332031 1151.508545 1111.701782 1111.877930 1084.556152 1013.190369 975.580261 957.003601 936.172241 899.612671 772.984253 762.948730 757.048096 745.792603 720.200256 702.351990 680.738831 661.927063 671.132568 681.405090 682.475586 683.784241 704.333496 727.838013 709.874939 661.730286 657.692627 674.423096 642.011780 661.582520 713.090759 770.634277 769.904358 769.429626 770.629883 767.187134 755.396606 773.056091 774.168579 728.565674 676.658325 656.179016 715.222351 766.744873 753.903381 761.881348 749.685425 779.020874 827.848083 894.281128 950.923767 1006.869995 1079.836792 1133.831055 0.000000
0.000000 1405.342773 1353.030151 1302.928833 1240.209229 1178.905273 1127.072998 1098.946167 1090.441040 1043.892090 1004.612854 990.938721 978.931946 973.566711 959.055786 882.208984 767.191772 748.822205 722.926697 699.268005 695.468506 724.205200 733.846191 732.790894 745.856506 729.957275 738.784973 752.930481 736.730774 676.051941 666.471985 687.687805 702.456360 647.625610 667.855103 720.135254 773.217529 775.545776 778.158447 774.410950 774.371704 765.006714 773.211182 763.187866 695.347168 674.924377 674.519409 737.537720 780.769775 778.492737 753.605652 793.001709 801.226074 854.096863 923.025269 986.918945 1047.252930 1114.451050 1160.467285 0.000000
0.000000 1385.540283 1335.218384 1279.212280 1212.701416 1185.205566 1166.192993 1075.200562 1066.862671 997.465698 989.120728 998.837708 975.230652 949.200806 884.619324 780.471619 741.252502 719.477844 717.910400 744.286377 765.210083 789.215759 795.355408 815.760925 818.775818 787.888672 782.454163 756.312317 702.162720 690.343445 697.683167 743.110107 738.624634 670.701172 663.312317 710.915283 759.899841 776.046692 780.863403 779.703186 781.064209 770.517212 779.909424 753.672485 692.985901 714.948059 736.489929 764.254028 794.553467 786.786560 794.058105 787.451599 840.352844 899.147339 967.023254 1022.664795 1088.894531 1146.376587 0.000000 0.000000
1397.624634 1348.342041 1281.877686 1235.434326 1203.706665 1192.784546 1137.937622 1097.709717 1067.711792 1054.940430 1029.615723 1006.730469 963.120911 949.191772 860.560059 771.507935 743.471130 769.138062 777.711548 782.184021 812.909607 837.882019 862.950562 892.480530 885.892639 842.022217 787.498352 715.081238 724.207825 739.314514 759.197815 798.838562 738.738525 706.129700 704.692627 670.991455 747.665527 772.143005 779.659546 783.492371 790.191284 778.994324 780.701965 775.589050 755.290833 770.759888 779.622803 788.320801 800.810852 800.995178 813.027344 845.974670 898.988892 958.677185 1027.004395 1077.178467 1126.023682 1179.562134 0.000000 0.000000
1378.989380 1311.409546 1252.864380 1237.364258 1211.482788 1160.802002 1123.626465 1097.910522 1067.222900 1029.906982 993.738342 974.380188 949.113098 895.700745 794.966614 760.854736 770.480652 772.428833 796.130676 789.785339 866.253418 902.325256 931.031189 921.901306 870.917786 814.274658 748.231812 742.168518 775.359924 807.413391 852.251770 758.780334 756.837280 745.563171 741.874756 691.042786 712.299683 773.971680 781.518738 790.499817 793.436890 783.333374 782.426819 785.918579 789.379028 800.032166 806.750122 801.009033 803.530884 850.955994 881.334900 908.070007 961.754150 1029.395630 1088.481812 1123.272339 1162.283325 1202.786377 0.000000 0.000000
1380.563232 1309.985840 1247.096924 1236.075073 1223.738037 1187.340698 1127.704590 1061.715820 1020.076477 1009.245117 991.306763 973.637207 943.901306 890.602417 821.897461 772.330566 793.533813 793.945435 831.490601 887.157898 900.821472 944.635071 943.327209 930.617859 819.824280 765.589233 754.989319 842.359680 849.696472 849.036255 806.049194 801.252502 791.327454 776.971680 750.520996 722.203369 716.989380 755.925232 781.281555 793.299438 794.525513 785.857239 784.307434 795.214294 797.929443 803.757019 805.396545 836.478882 883.911804 913.484253 923.922791 978.543457 1028.045044 1088.389282 1128.539917 1168.642700 1204.742554 0.000000 0.000000 0.000000
1398.829834 1354.216797 1274.832520 1241.517944 1202.068115 1181.155884 1148.373047 1075.661133 1046.264771 1027.239746 1007.967896 984.215393 953.738647 901.741272 833.072327 798.445801 813.235718 806.709473 895.953125 932.320374 948.520935 969.047852 965.582031 935.040222 847.074097 846.306763 797.416016 878.805237 867.388550 851.172607 865.900879 882.031189 865.747009 843.355469 804.794983 782.576111 778.573425 798.469666 792.884827 800.477783 797.345703 816.580383 837.014221 850.397400 853.651489 862.417847 877.163696 909.176270 952.995544 978.445007 1018.885071 1049.108521 1090.058228 1129.421631 1176.250244 1213.927368 0.000000 0.000000 0.000000 0.000000
