WMS/Older_experiments/3p2roughnessDef.ele
north: 2318511.434868
south: 2312161.434868
east: 758896.410600
west: 751346.410600
rows: 127
cols: 151
[rows 27 to 53 of 127, columns 60 to 119 of 151]
730.276855 668.718079 622.608521 579.484192 549.533569 526.899231 506.856445 468.503906 400.871552 354.133942 334.022705 306.347870 291.950378 286.807770 282.465851 274.921234 238.134720 197.863754 187.504990 194.355606 197.035889 203.432205 242.041687 268.030975 316.962982 344.862122 423.771088 462.717285 491.719177 522.885071 550.373169 550.669434 547.783081 533.320984 518.979126 503.676147 506.158722 501.810303 496.905823 469.688049 468.459930 459.142273 447.776733 429.912354 401.234039 363.061432 318.420929 262.412415 259.404633 278.842987 296.471008 310.150604 304.400635 289.005402 0.000000 0.000000 0.000000 0.000000 0.000000 0.000000
723.377075 650.696777 604.196289 562.653442 513.763611 489.727539 450.714752 420.837250 399.917297 356.062866 288.370850 270.069061 268.151398 263.448425 235.784698 205.923080 194.025558 193.781631 199.634186 202.008224 204.457535 230.135849 268.863037 280.036285 303.741730 366.051727 434.982697 469.637939 512.704163 542.945435 573.661316 568.143066 548.185486 537.104858 532.362488 527.021484 517.963135 502.794403 486.493439 462.163788 451.117401 443.205292 407.175812 392.890808 366.577240 337.564636 300.767151 321.522156 331.126526 0.000000 0.000000 0.000000 0.000000 0.000000 0.000000 0.000000 0.000000 0.000000 0.000000 0.000000
708.406921 640.037292 592.928406 541.300415 454.687714 414.303497 451.824646 393.429230 348.941223 319.715637 288.011383 262.371490 238.985031 225.196167 212.648193 197.396317 193.671234 206.216064 205.292999 211.899628 216.899567 248.933273 295.438599 304.309875 336.203766 373.590088 438.758514 462.837128 516.455872 562.199219 575.789917 572.717590 557.270264 548.796692 534.047852 524.763123 505.410675 491.769257 468.219727 423.284241 403.087769 398.764832 383.534576 354.869293 329.571777 317.545135 350.070557 0.000000 0.000000 0.000000 0.000000 0.000000 0.000000 0.000000 0.000000 0.000000 0.000000 0.000000 0.000000 0.000000
672.040161 629.254150 597.861084 529.902893 465.156616 379.960571 353.209412 336.216064 310.757477 279.259949 263.039001 248.252289 231.872940 220.097076 205.529663 197.160507 207.954147 220.002197 214.995621 222.845398 243.363159 270.160004 287.897278 308.546112 348.642731 410.381775 453.138611 485.531219 519.405212 569.816101 583.382324 571.693054 554.335938 545.256653 539.078125 531.099548 523.031616 497.444000 466.202118 432.738373 402.807373 376.904114 367.887177 356.306885 369.934296 372.569489 0.000000 0.000000 0.000000 0.000000 0.000000 0.000000 0.000000 0.000000 0.000000 0.000000 0.000000 0.000000 0.000000 0.000000
650.599976 625.101868 554.031677 472.351715 380.883392 376.021973 319.541870 280.371643 280.581848 267.499847 244.636032 232.498871 225.642654 211.446838 198.428680 213.594543 223.272568 230.596359 223.303009 237.878372 263.547363 293.942810 307.662384 335.073151 350.129303 440.110535 467.788300 495.769073 541.730591 584.704590 591.915039 576.576111 567.594604 549.616516 539.205139 526.033936 512.277649 491.678833 444.688934 408.366608 387.818939 396.006561 396.041992 387.348572 0.000000 0.000000 0.000000 0.000000 0.000000 0.000000 0.000000 0.000000 0.000000 0.000000 0.000000 0.000000 0.000000 0.000000 0.000000 0.000000
622.126404 607.188232 566.020508 484.393219 417.356049 340.045074 292.967987 264.464783 265.777222 239.696945 222.797791 219.003174 208.112793 202.034714 219.408737 234.160965 233.594315 250.888000 236.509003 239.106125 266.579742 305.108704 340.743195 366.508148 362.322754 439.086639 483.011292 520.276001 551.418152 596.429932 590.613525 569.245361 551.175903 530.927490 514.705933 505.366211 499.211670 463.282135 425.601868 406.723511 415.334351 431.476074 0.000000 0.000000 0.000000 0.000000 0.000000 0.000000 0.000000 0.000000 0.000000 0.000000 0.000000 0.000000 0.000000 0.000000 0.000000 0.000000 0.000000 0.000000
620.863403 580.518372 533.572205 475.011627 443.256470 370.030640 304.829773 263.523438 252.450104 228.411667 211.277924 206.005737 209.283875 239.129868 253.950180 262.908905 253.044907 261.468842 251.804077 253.690475 272.502930 319.690125 359.819672 404.222351 394.646240 430.146484 509.384491 538.429993 574.618286 599.552673 587.736023 573.478394 545.145935 523.246399 521.331482 517.739990 508.080902 475.474030 444.249969 442.911316 451.405304 0.000000 0.000000 0.000000 0.000000 0.000000 0.000000 0.000000 0.000000 0.000000 0.000000 0.000000 0.000000 0.000000 0.000000 0.000000 0.000000 0.000000 0.000000 0.000000
597.747681 555.057434 490.976044 421.886200 394.632050 358.410797 315.097076 269.394470 242.516632 225.422775 213.241119 232.521835 253.567490 276.989227 285.998138 293.251617 283.305420 285.954254 279.488312 270.019470 303.165680 365.252380 404.913940 453.638885 436.608551 391.897491 487.820190 558.601746 591.984070 605.457764 581.414368 560.425171 547.665283 553.832336 524.197998 505.694824 488.110046 484.225067 476.677002 470.102386 0.000000 0.000000 0.000000 0.000000 0.000000 0.000000 0.000000 0.000000 0.000000 0.000000 0.000000 0.000000 0.000000 0.000000 0.000000 0.000000 0.000000 0.000000 0.000000 0.000000
564.446777 528.621521 463.874664 414.375427 347.863068 314.298157 273.435791 260.135620 241.307617 219.783981 232.844452 264.428009 287.208252 305.928131 347.312775 355.937927 342.532990 334.324677 328.228546 341.769470 366.880310 410.155518 443.591583 484.093628 495.629547 433.898712 478.587830 554.956482 612.665466 603.129395 583.571350 579.349548 578.123535 567.593750 521.753906 515.098877 505.687531 493.397034 487.697662 482.666962 0.000000 0.000000 0.000000 0.000000 0.000000 0.000000 0.000000 0.000000 0.000000 0.000000 0.000000 0.000000 0.000000 0.000000 0.000000 0.000000 0.000000 0.000000 0.000000 0.000000
513.537598 477.099243 418.091980 371.934845 319.517578 286.097198 267.250427 250.968658 232.386749 218.924957 268.077423 286.927368 309.293610 378.322479 403.574799 399.737549 401.721802 397.685028 403.718475 414.955688 425.992432 454.517853 482.399323 512.071045 541.164551 514.782227 508.292908 555.550781 604.726807 601.697266 600.624756 602.121582 592.530090 569.276917 538.776184 535.923340 510.670441 508.009033 500.613617 0.000000 0.000000 0.000000 0.000000 0.000000 0.000000 0.000000 0.000000 0.000000 0.000000 0.000000 0.000000 0.000000 0.000000 0.000000 0.000000 0.000000 0.000000 0.000000 0.000000 0.000000
441.477203 409.271179 372.448700 333.940704 295.708252 278.445129 265.705658 246.691162 228.374817 225.965393 291.224945 322.535004 379.384552 415.981201 440.826263 447.983337 455.123627 471.618439 480.256042 475.659882 471.738098 507.065094 526.556396 558.711487 576.463135 554.145508 536.434387 579.401428 612.753052 618.409180 615.386780 611.769165 591.214905 574.456116 559.248230 540.092407 528.636047 0.000000 0.000000 0.000000 0.000000 0.000000 0.000000 0.000000 0.000000 0.000000 0.000000 0.000000 0.000000 0.000000 0.000000 0.000000 0.000000 0.000000 0.000000 0.000000 0.000000 0.000000 0.000000 0.000000
390.725739 358.534149 338.928131 330.794678 301.147552 279.744659 255.129059 234.610580 231.510284 247.129425 322.677216 364.382202 421.031464 444.322388 475.833252 493.040741 507.338379 525.939514 535.944824 523.387939 538.798767 561.476013 572.630676 584.735413 609.345581 580.194336 568.701721 613.124939 635.265625 634.322876 625.221191 607.113892 595.064148 577.122559 0.000000 0.000000 0.000000 0.000000 0.000000 0.000000 0.000000 0.000000 0.000000 0.000000 0.000000 0.000000 0.000000 0.000000 0.000000 0.000000 0.000000 0.000000 0.000000 0.000000 0.000000 0.000000 0.000000 0.000000 0.000000 0.000000
347.859924 336.452850 308.159454 302.921783 299.715393 273.457184 246.132721 230.628220 236.155930 285.389618 346.921753 391.716949 437.714050 470.373566 505.334839 530.789246 545.259094 569.751648 572.734619 558.852295 583.373840 607.584778 604.884216 613.238708 628.904175 596.702148 610.218384 644.534546 650.199646 640.356262 621.227539 614.152832 0.000000 0.000000 0.000000 0.000000 0.000000 0.000000 0.000000 0.000000 0.000000 0.000000 0.000000 0.000000 0.000000 0.000000 0.000000 0.000000 0.000000 0.000000 0.000000 0.000000 0.000000 0.000000 0.000000 0.000000 0.000000 0.000000 0.000000 0.000000
304.265076 311.247742 291.371063 281.814148 278.471893 264.933350 242.342361 233.839981 262.434662 288.959412 317.778259 345.857056 421.888275 480.450836 528.342712 566.242676 581.579285 606.357361 619.435791 603.780640 620.998413 635.334717 630.394836 634.345337 614.656799 605.008423 640.334412 666.711731 653.752136 639.333557 626.189941 0.000000 0.000000 0.000000 0.000000 0.000000 0.000000 0.000000 0.000000 0.000000 0.000000 0.000000 0.000000 0.000000 0.000000 0.000000 0.000000 0.000000 0.000000 0.000000 0.000000 0.000000 0.000000 0.000000 0.000000 0.000000 0.000000 0.000000 0.000000 0.000000
272.583893 267.783508 259.516083 258.652649 252.947739 250.583969 242.621689 237.204758 279.797028 286.736450 308.789734 331.529449 401.007904 475.051117 527.057922 580.852112 621.868164 640.992554 650.813965 635.127258 654.240967 667.369263 659.277832 656.925720 634.608643 626.738892 662.030762 666.688660 645.800537 638.815308 0.000000 0.000000 0.000000 0.000000 0.000000 0.000000 0.000000 0.000000 0.000000 0.000000 0.000000 0.000000 0.000000 0.000000 0.000000 0.000000 0.000000 0.000000 0.000000 0.000000 0.000000 0.000000 0.000000 0.000000 0.000000 0.000000 0.000000 0.000000 0.000000 0.000000
300.841431 294.311768 293.762085 283.788147 297.663605 273.790771 244.801392 238.388931 296.076111 320.084747 349.558136 392.644562 429.596924 484.358063 529.828186 580.070374 626.105347 665.479065 678.784912 675.693420 688.555237 678.408386 666.297058 680.317139 655.549377 656.679138 675.596008 659.625244 0.000000 0.000000 0.000000 0.000000 0.000000 0.000000 0.000000 0.000000 0.000000 0.000000 0.000000 0.000000 0.000000 0.000000 0.000000 0.000000 0.000000 0.000000 0.000000 0.000000 0.000000 0.000000 0.000000 0.000000 0.000000 0.000000 0.000000 0.000000 0.000000 0.000000 0.000000 0.000000
363.617004 360.378601 356.852417 345.915588 319.808716 286.693359 242.984833 250.126266 295.332977 346.940247 368.800781 408.402557 460.663239 508.084839 545.484375 589.552917 635.847290 678.239929 707.876038 712.799133 704.437561 697.245422 681.135620 689.543274 676.133606 693.224060 692.357300 0.000000 0.000000 0.000000 0.000000 0.000000 0.000000 0.000000 0.000000 0.000000 0.000000 0.000000 0.000000 0.000000 0.000000 0.000000 0.000000 0.000000 0.000000 0.000000 0.000000 0.000000 0.000000 0.000000 0.000000 0.000000 0.000000 0.000000 0.000000 0.000000 0.000000 0.000000 0.000000 0.000000
432.306244 426.076172 406.871307 370.931091 339.688965 293.514404 253.134354 255.571793 286.514984 328.779694 373.196381 427.303894 479.136627 526.244202 563.298157 607.856445 653.877319 695.252808 728.538940 729.486816 716.819397 718.710754 695.655457 694.211975 699.979309 711.146484 0.000000 0.000000 0.000000 0.000000 0.000000 0.000000 0.000000 0.000000 0.000000 0.000000 0.000000 0.000000 0.000000 0.000000 0.000000 0.000000 0.000000 0.000000 0.000000 0.000000 0.000000 0.000000 0.000000 0.000000 0.000000 0.000000 0.000000 0.000000 0.000000 0.000000 0.000000 0.000000 0.000000 0.000000
488.228333 484.379425 446.113647 374.940399 337.788330 293.596680 256.358673 256.323425 276.198608 305.839661 323.894104 391.710297 468.522583 527.260925 579.078918 624.913513 668.424622 714.383179 746.833801 737.581970 743.111023 731.344910 707.269592 706.360535 727.359131 731.433960 0.000000 0.000000 0.000000 0.000000 0.000000 0.000000 0.000000 0.000000 0.000000 0.000000 0.000000 0.000000 0.000000 0.000000 0.000000 0.000000 0.000000 0.000000 0.000000 0.000000 0.000000 0.000000 0.000000 0.000000 0.000000 0.000000 0.000000 0.000000 0.000000 0.000000 0.000000 0.000000 0.000000 0.000000
535.588013 515.050659 443.086731 373.925690 324.764099 285.195129 252.752060 263.303772 287.921875 289.300964 310.267578 348.993134 453.816223 525.276001 582.798584 634.158691 681.263733 726.509644 754.699890 755.376404 755.976074 733.248901 718.973999 727.799194 748.442566 0.000000 0.000000 0.000000 0.000000 0.000000 0.000000 0.000000 0.000000 0.000000 0.000000 0.000000 0.000000 0.000000 0.000000 0.000000 0.000000 0.000000 0.000000 0.000000 0.000000 0.000000 0.000000 0.000000 0.000000 0.000000 0.000000 0.000000 0.000000 0.000000 0.000000 0.000000 0.000000 0.000000 0.000000 0.000000
561.798279 523.036804 454.710693 396.330505 332.011230 299.374451 262.245209 268.840729 292.869232 321.559601 307.298309 359.761322 447.357574 529.721130 583.231079 635.741821 682.961792 736.682129 763.152039 772.793152 751.319885 737.511719 726.195007 740.321289 0.000000 0.000000 0.000000 0.000000 0.000000 0.000000 0.000000 0.000000 0.000000 0.000000 0.000000 0.000000 0.000000 0.000000 0.000000 0.000000 0.000000 0.000000 0.000000 0.000000 0.000000 0.000000 0.000000 0.000000 0.000000 0.000000 0.000000 0.000000 0.000000 0.000000 0.000000 0.000000 0.000000 0.000000 0.000000 0.000000
556.438538 513.705811 469.168213 412.679352 340.562531 310.079712 277.248474 271.177917 290.354614 334.815826 352.417877 372.130066 450.489410 538.417358 592.973755 647.949341 692.336548 738.382874 766.300781 775.017944 751.735474 751.529541 733.389771 758.604431 0.000000 0.000000 0.000000 0.000000 0.000000 0.000000 0.000000 0.000000 0.000000 0.000000 0.000000 0.000000 0.000000 0.000000 0.000000 0.000000 0.000000 0.000000 0.000000 0.000000 0.000000 0.000000 0.000000 0.000000 0.000000 0.000000 0.000000 0.000000 0.000000 0.000000 0.000000 0.000000 0.000000 0.000000 0.000000 0.000000
547.171570 492.431274 450.933685 407.022552 351.485809 323.542694 287.287903 260.335541 302.128571 357.259857 369.835175 391.520599 440.914124 560.676453 603.457825 652.946106 701.366272 741.082092 776.477722 783.834900 760.673096 767.727905 747.498230 771.310852 0.000000 0.000000 0.000000 0.000000 0.000000 0.000000 0.000000 0.000000 0.000000 0.000000 0.000000 0.000000 0.000000 0.000000 0.000000 0.000000 0.000000 0.000000 0.000000 0.000000 0.000000 0.000000 0.000000 0.000000 0.000000 0.000000 0.000000 0.000000 0.000000 0.000000 0.000000 0.000000 0.000000 0.000000 0.000000 0.000000
535.933411 481.039398 443.081940 392.570557 349.659851 325.229614 310.217834 275.922455 260.790253 370.265472 408.261719 416.364288 483.850891 572.885437 611.695374 659.577148 700.653381 746.295288 785.955688 792.176758 785.842041 787.349915 769.520874 0.000000 0.000000 0.000000 0.000000 0.000000 0.000000 0.000000 0.000000 0.000000 0.000000 0.000000 0.000000 0.000000 0.000000 0.000000 0.000000 0.000000 0.000000 0.000000 0.000000 0.000000 0.000000 0.000000 0.000000 0.000000 0.000000 0.000000 0.000000 0.000000 0.000000 0.000000 0.000000 0.000000 0.000000 0.000000 0.000000 0.000000
535.517151 491.864471 454.429077 414.514709 382.306946 351.266174 318.753021 290.047821 265.313293 330.401245 400.377167 458.497498 502.277191 572.381226 611.057312 663.003845 703.389771 749.716492 793.925354 805.235657 811.346313 797.919800 801.508362 0.000000 0.000000 0.000000 0.000000 0.000000 0.000000 0.000000 0.000000 0.000000 0.000000 0.000000 0.000000 0.000000 0.000000 0.000000 0.000000 0.000000 0.000000 0.000000 0.000000 0.000000 0.000000 0.000000 0.000000 0.000000 0.000000 0.000000 0.000000 0.000000 0.000000 0.000000 0.000000 0.000000 0.000000 0.000000 0.000000 0.000000
497.663239 481.365906 431.936462 390.049133 338.367004 311.135925 288.188477 277.829102 270.132568 299.911316 344.089813 431.194458 496.497070 544.590698 604.565369 656.457581 697.351746 748.812317 807.032959 818.624817 821.268982 816.608459 833.824280 0.000000 0.000000 0.000000 0.000000 0.000000 0.000000 0.000000 0.000000 0.000000 0.000000 0.000000 0.000000 0.000000 0.000000 0.000000 0.000000 0.000000 0.000000 0.000000 0.000000 0.000000 0.000000 0.000000 0.000000 0.000000 0.000000 0.000000 0.000000 0.000000 0.000000 0.000000 0.000000 0.000000 0.000000 0.000000 0.000000 0.000000
441.788422 430.142792 392.300934 340.310852 290.621918 285.820404 292.099030 291.505341 301.743774 291.785126 318.957336 386.036469 483.474762 538.979370 601.261780 656.499023 700.697510 759.807312 810.439392 829.909241 835.977478 833.077087 0.000000 0.000000 0.000000 0.000000 0.000000 0.000000 0.000000 0.000000 0.000000 0.000000 0.000000 0.000000 0.000000 0.000000 0.000000 0.000000 0.000000 0.000000 0.000000 0.000000 0.000000 0.000000 0.000000 0.000000 0.000000 0.000000 0.000000 0.000000 0.000000 0.000000 0.000000 0.000000 0.000000 0.000000 0.000000 0.000000 0.000000 0.000000
