WMS/Older_experiments/3p2roughnessDef.ele
north: 2318511.434868
south: 2312161.434868
east: 758896.410600
west: 751346.410600
rows: 127
cols: 151
[rows 0 to 26 of 127, columns 60 to 119 of 151]
0.000000 0.000000 0.000000 0.000000 0.000000 0.000000 0.000000 0.000000 0.000000 0.000000 0.000000 0.000000 0.000000 0.000000 0.000000 0.000000 0.000000 0.000000 0.000000 0.000000 0.000000 0.000000 0.000000 0.000000 0.000000 0.000000 0.000000 0.000000 0.000000 0.000000 0.000000 0.000000 0.000000 0.000000 0.000000 0.000000 0.000000 0.000000 0.000000 0.000000 0.000000 0.000000 0.000000 0.000000 0.000000 0.000000 0.000000 0.000000 0.000000 0.000000 0.000000 0.000000 0.000000 0.000000 0.000000 0.000000 0.000000 0.000000 0.000000 0.000000
0.000000 0.000000 0.000000 0.000000 0.000000 0.000000 0.000000 0.000000 0.000000 0.000000 0.000000 0.000000 0.000000 0.000000 0.000000 0.000000 0.000000 0.000000 0.000000 0.000000 0.000000 0.000000 0.000000 0.000000 0.000000 0.000000 0.000000 0.000000 0.000000 0.000000 0.000000 0.000000 0.000000 0.000000 493.234894 482.082397 468.820068 460.910095 0.000000 452.578430 441.604889 0.000000 0.000000 0.000000 0.000000 0.000000 0.000000 0.000000 0.000000 0.000000 0.000000 0.000000 0.000000 0.000000 0.000000 0.000000 0.000000 0.000000 0.000000 0.000000
0.000000 0.000000 0.000000 0.000000 0.000000 0.000000 0.000000 0.000000 0.000000 0.000000 0.000000 0.000000 0.000000 0.000000 0.000000 0.000000 0.000000 0.000000 0.000000 0.000000 0.000000 0.000000 0.000000 0.000000 0.000000 0.000000 0.000000 0.000000 506.185089 489.134918 480.429443 477.676514 484.773560 486.386749 464.423523 450.880493 444.833527 443.936829 457.018402 450.445801 435.891479 425.040436 412.826080 403.138885 387.590088 0.000000 0.000000 0.000000 0.000000 0.000000 0.000000 0.000000 0.000000 0.000000 0.000000 0.000000 0.000000 0.000000 0.000000 0.000000
0.000000 0.000000 0.000000 0.000000 0.000000 0.000000 0.000000 0.000000 0.000000 0.000000 0.000000 0.000000 0.000000 0.000000 0.000000 0.000000 0.000000 629.142822 616.139832 591.507629 568.530273 561.968567 558.595703 546.803650 533.570007 509.483704 502.970520 501.974976 477.752960 439.501953 426.075562 430.190704 433.707672 447.446320 436.995361 424.115234 421.257446 400.787262 400.811768 421.409698 424.309479 429.749237 415.010193 380.820679 368.574371 373.433411 377.540100 359.569214 0.000000 0.000000 0.000000 0.000000 0.000000 0.000000 0.000000 0.000000 0.000000 0.000000 0.000000 0.000000
0.000000 0.000000 0.000000 0.000000 0.000000 0.000000 0.000000 0.000000 0.000000 0.000000 0.000000 0.000000 0.000000 0.000000 0.000000 0.000000 0.000000 618.573730 588.439087 582.254700 547.622314 546.831848 545.911743 538.537720 517.478333 480.122101 442.781555 455.207214 417.918427 375.922577 364.099426 377.119385 374.145721 380.010071 387.177948 383.136688 385.379395 369.713501 344.415894 371.140839 385.031464 399.711975 399.821503 373.402527 347.269043 353.831726 348.699341 326.752197 330.987793 0.000000 0.000000 0.000000 0.000000 0.000000 0.000000 0.000000 0.000000 0.000000 0.000000 0.000000
0.000000 0.000000 0.000000 0.000000 0.000000 0.000000 766.380920 747.382935 734.936096 725.431274 712.339844 0.000000 0.000000 0.000000 0.000000 0.000000 644.171387 606.398865 568.317688 556.234863 543.471497 523.439636 530.300415 531.909790 513.776245 467.186737 409.057281 395.299530 394.631714 342.996460 320.154724 327.956787 319.112976 309.357483 303.191040 300.568787 311.222656 320.369751 280.654938 287.135468 313.724976 349.808014 357.091888 334.717651 328.047150 323.169647 327.178406 303.111298 298.676788 315.357208 315.958435 304.519531 304.270630 302.561279 300.348297 286.787720 0.000000 0.000000 0.000000 0.000000
0.000000 0.000000 0.000000 0.000000 0.000000 773.911438 761.161804 737.037537 717.394531 714.400330 701.535217 690.779053 0.000000 0.000000 0.000000 669.592590 632.303101 592.321960 573.228943 551.289917 534.581604 517.549744 512.608398 514.226135 490.884735 438.590210 381.614929 351.508392 352.131531 344.821442 292.683197 288.898102 282.277039 274.348419 267.744171 264.393158 263.311432 285.641449 253.545868 255.569824 265.931671 266.973480 296.920746 269.940216 273.600494 270.032990 308.737549 287.821198 262.383575 273.099579 278.983337 251.062119 232.365143 255.455276 239.868851 245.420868 250.299484 252.981949 248.060654 243.128952
0.000000 0.000000 0.000000 0.000000 0.000000 763.886963 749.987488 725.042236 710.750244 697.605530 688.607544 678.869751 665.139526 0.000000 0.000000 663.484924 608.392395 568.718323 550.398071 545.480347 525.958008 510.332520 495.251007 463.909027 431.482910 411.598572 377.702484 338.036011 304.013855 301.050690 272.553802 236.613876 246.487854 238.207733 234.768692 227.270599 231.065231 245.597092 224.774155 222.054153 228.354996 233.025909 261.386322 227.616882 201.464218 230.746201 253.085556 242.335739 222.414368 225.370987 215.693375 209.759048 179.862823 201.156601 193.039093 197.460770 200.382751 211.170609 213.037277 222.223206
0.000000 0.000000 0.000000 0.000000 760.571899 751.255493 732.340820 715.817810 697.135315 686.849365 674.491760 658.403870 659.741089 667.772095 670.192566 628.520569 576.160461 542.816589 524.483093 523.555908 505.236572 491.525299 482.798828 449.306244 401.653473 354.497864 351.652344 334.834473 283.924011 240.696625 240.591415 218.875107 223.164581 201.880386 201.095139 198.656006 202.634521 213.214600 197.480667 192.203125 198.317108 203.015747 230.845657 212.915192 175.323807 199.563675 205.405075 190.750748 169.423920 201.714996 176.311600 188.303146 162.977631 169.301712 170.641541 172.058182 164.851700 161.947678 183.776993 190.844513
0.000000 0.000000 0.000000 740.731445 748.844910 738.964661 723.417480 706.444092 675.998962 665.295776 651.948547 645.069458 645.827576 659.228210 629.383484 588.691528 551.227295 528.306091 510.438507 501.006866 478.638672 453.002289 425.411713 424.325287 400.606384 352.825256 301.161926 266.222229 258.280304 228.429688 210.207642 202.476807 198.515472 182.695999 186.483124 172.304260 178.852554 188.932404 179.701172 173.124161 175.357025 181.684677 196.878250 191.839157 161.515808 168.282288 171.463303 165.160202 146.210037 174.722061 155.512024 159.384445 148.526672 149.804199 156.074677 157.026825 150.001053 133.290955 154.708496 157.603622
685.905884 692.568665 713.908936 723.765503 733.602295 723.782593 709.361877 689.467712 670.805542 643.912903 627.471436 609.709778 630.547119 624.926941 589.088440 560.096375 528.158020 499.693939 484.135468 479.320435 472.345764 443.378204 401.161194 376.023132 373.956329 323.789948 284.535187 228.627243 220.081955 222.463181 195.438004 182.272598 173.944458 173.902710 169.316345 160.714890 168.088638 172.546234 168.413071 156.418915 159.937759 164.184479 169.673965 163.920059 150.380859 146.198425 147.467316 140.797668 135.020447 150.581482 142.868439 141.963882 138.147095 140.380066 146.795074 146.449493 139.133438 124.821487 133.896729 133.737030
663.206238 666.975281 685.104614 713.092224 714.882324 713.607788 704.938293 687.295715 663.745789 639.251160 603.803650 593.024414 621.387146 589.608276 543.772156 514.901917 502.429474 467.669556 434.014099 442.138245 433.490662 430.902466 403.366882 356.426483 310.883881 302.338654 263.361298 235.280869 205.088135 195.796631 194.663116 173.989594 172.330307 167.180801 157.481628 155.038071 157.132965 157.889786 154.617432 146.494629 151.560654 148.575638 148.735962 140.922394 133.551758 130.756729 128.544937 125.127548 124.547958 127.163963 126.866234 129.761505 128.039169 128.396927 135.698441 133.453384 130.088455 118.345795 118.012360 117.751534
645.095581 646.008240 667.188538 689.680847 689.326416 681.692261 664.995911 652.819580 637.251892 615.971252 579.055847 573.328308 578.757446 561.156555 524.298584 480.482208 463.723785 441.910431 397.373199 384.838837 378.821014 370.299805 368.766968 338.461060 271.621002 243.978622 249.692352 215.674698 206.361206 187.471466 173.878616 175.292847 166.859360 152.936249 144.370834 144.269638 139.443161 137.803070 138.225876 136.252533 139.490784 133.799362 131.874817 123.248573 119.107033 115.575272 113.133232 114.218185 115.365906 113.570671 116.922096 117.706001 117.549217 115.635559 120.812958 125.833946 122.243385 114.014122 103.197586 98.385681
640.127502 636.738770 633.523865 650.286255 651.492981 659.931946 647.486633 621.099609 606.632568 596.998230 572.665527 545.018799 537.804138 515.059448 496.851990 469.819000 432.492096 394.212494 360.322327 311.076080 317.653290 306.162994 312.637634 286.012787 277.769409 213.964554 209.330719 205.860336 189.193130 182.282654 172.472031 166.033890 151.148575 139.002945 131.873093 131.634415 127.693710 130.307495 129.069809 127.862999 123.387390 119.579987 118.996002 117.712433 112.607193 105.151520 104.946686 97.453247 103.611145 108.630310 109.774796 111.036057 112.371689 95.090385 84.757202 99.006401 110.209442 105.683617 94.190430 88.384613
626.254578 620.265869 616.059082 613.625793 622.490356 626.778564 613.946838 599.578979 586.269958 581.047974 561.129395 531.525696 500.958679 473.140259 448.925842 421.463165 409.157410 367.601166 319.444916 284.932190 248.326736 271.087250 261.009186 249.091492 223.626144 205.372467 178.197311 183.058945 176.192719 173.827942 167.389526 153.728577 138.868256 140.905548 144.462509 155.189957 147.198181 137.867661 121.218697 119.242371 118.983658 118.456230 119.458794 116.400780 111.080238 116.972542 114.172180 109.727348 103.618607 95.405243 97.187958 102.061020 92.664429 94.230362 96.367165 84.066856 87.267799 90.883461 84.025253 70.515381
623.854431 612.405273 601.635071 594.933533 601.216064 601.299500 593.194153 584.948303 571.726685 565.085144 550.310059 519.836670 483.102570 451.360779 393.928406 352.766968 331.223816 336.823608 306.391754 249.958054 229.852798 219.459457 224.847794 216.734863 190.490707 171.520370 155.604675 154.482529 145.070877 152.760681 156.037766 148.230988 136.960388 155.371841 192.185928 193.383926 193.849380 196.755463 164.447693 140.529358 137.549500 132.763580 126.504082 122.963692 130.780716 132.613876 133.109833 129.532593 125.735954 117.275093 110.493286 110.950661 110.366112 106.370232 100.158333 95.901321 86.402214 82.479424 78.946510 73.115746
605.626648 594.608154 588.051636 585.015259 564.620911 575.491455 587.145203 583.608826 577.672791 557.388977 528.422852 490.936096 441.820496 392.548096 346.817078 314.744843 255.031677 244.683350 254.313538 251.126358 214.687332 203.447998 197.944122 192.472061 179.016052 162.104111 155.080048 154.118408 159.040436 152.162033 140.099548 140.241272 146.600922 207.456711 249.318359 230.463165 241.392380 220.944839 182.819519 164.790192 151.754700 152.807709 134.963120 136.213608 145.552887 154.191528 153.944977 151.845062 145.944824 134.576874 123.764473 127.210709 127.240692 118.735786 111.910370 106.033470 100.115112 99.246353 95.529106 90.257301
614.044250 613.017456 619.266663 612.333008 591.775024 557.940918 560.194214 555.814148 524.533936 505.365204 474.682434 429.267181 375.327087 325.882111 294.058502 278.674011 268.243134 222.002350 215.533295 232.169998 218.523285 198.927780 189.081467 183.494202 170.925659 152.440170 163.811905 170.070511 166.606750 161.624023 156.166748 171.575256 218.438629 253.715408 287.726624 272.980499 280.220734 240.428284 200.740829 190.986710 166.135254 153.327713 150.826874 150.817017 161.927841 180.594971 179.802185 190.476624 181.601700 148.898514 135.574692 147.740250 158.364441 155.027237 144.420319 121.658417 113.260307 117.497604 115.357437 109.902550
624.793640 638.782227 626.048462 612.093384 601.422424 577.462646 536.762329 506.051208 477.515900 447.136047 432.751434 389.023651 325.346252 250.139725 243.042831 226.719101 217.620300 209.856369 201.569565 200.392319 206.705093 184.454086 174.736145 170.145584 158.013611 169.509583 186.157089 178.134155 181.745682 183.664322 185.799683 219.550339 254.643768 287.533356 314.332184 317.714600 300.201721 253.409851 224.069092 199.326065 183.470291 162.896347 162.737808 163.001480 181.020767 208.151474 213.851654 227.666046 195.773560 154.995728 158.769058 177.377533 196.610092 195.326538 163.231506 133.472046 134.321930 143.664063 131.907242 112.997932
646.715698 653.233398 637.432983 633.960327 621.743530 598.884949 574.483459 537.697083 471.583344 435.064148 416.083801 376.876770 337.495239 275.570984 222.849091 199.823456 201.514450 195.029984 188.853516 189.284027 179.456192 179.372971 177.763046 163.588287 163.431763 178.841339 202.210983 197.283646 188.904968 219.594528 226.197174 249.294128 293.691559 322.578522 348.327942 351.954163 302.575562 270.710480 255.956772 221.247147 213.448105 179.382462 181.862213 180.891937 197.101074 232.858185 249.141373 254.247742 203.778458 176.719025 193.151047 208.126343 223.305984 200.964859 174.456406 162.038208 153.319748 135.118546 121.627960 117.087776
657.534180 657.348450 652.188599 653.329224 642.628540 615.044617 597.201782 562.650085 501.842468 441.754181 432.155182 397.633057 377.808258 332.763550 278.667145 268.871124 268.441895 237.223511 212.209946 199.827454 198.997635 192.896942 174.529587 162.908829 176.161316 203.894516 211.213638 238.600922 227.594498 249.895248 267.143982 300.590302 323.489105 353.450714 371.364288 371.716553 335.874939 303.955109 277.622284 274.410461 232.734283 203.630096 196.871078 211.478943 230.223129 253.303833 284.730377 261.663361 207.066422 210.609207 231.968948 244.505341 237.834671 216.664276 193.711044 168.258270 140.101669 134.062500 131.153564 128.667572
658.498413 654.319397 652.102661 648.625671 638.799011 611.843872 569.693481 554.393433 514.282410 495.211029 464.272888 440.803375 424.081787 391.929260 354.302429 320.398224 284.385712 249.326202 232.704941 209.930298 198.104065 185.754532 176.180725 173.519073 210.558151 239.525696 236.395096 267.643402 264.422302 290.167664 317.038483 338.053741 349.431854 371.834717 403.118896 397.467896 361.128326 322.105255 312.486542 277.956818 243.023148 226.135635 225.162186 252.124512 273.327881 297.649689 309.339966 266.837036 262.061768 257.134308 270.039063 262.899719 244.300385 225.180161 190.074463 156.254700 141.001617 140.209335 138.558548 139.552307
668.939697 657.019958 650.174500 636.538940 612.161438 599.662170 572.020630 540.598145 520.819458 530.458618 514.893494 487.839630 459.148804 403.851379 345.892883 307.907593 276.957916 257.477997 241.649307 220.053696 195.761551 184.036926 169.663666 192.270248 245.668442 272.573212 276.397430 302.733490 327.985901 342.613556 364.641846 372.489899 375.141083 396.480499 433.264435 422.311371 387.854614 360.936401 311.658844 278.779999 286.743561 269.670074 289.830292 295.141479 311.858521 339.370789 318.333496 293.052582 307.687805 291.512726 261.059235 227.767746 213.029846 188.157776 168.553818 152.258575 149.749985 152.682449 152.538940 151.077713
652.670471 636.695068 631.341614 624.161377 601.081726 561.468140 562.612183 547.296875 542.782593 552.276733 533.170898 504.313629 468.422852 420.524628 374.633270 332.970825 308.658813 290.774536 257.566376 215.882080 187.272247 174.689240 180.790329 217.885849 266.780029 310.848755 315.727386 351.854156 372.988403 376.268433 398.378052 409.755463 411.557495 439.601471 462.889618 447.278137 387.747162 353.680603 320.806122 354.185303 340.783356 336.941650 306.089050 329.238617 346.365417 367.930298 343.065277 333.732880 306.906433 277.339417 234.435654 203.785904 186.920944 174.655716 168.428848 162.139587 161.519974 170.189560 175.435623 163.066895
664.370728 647.553467 635.976135 620.448364 606.036987 602.243530 595.152466 575.115784 545.643860 513.377075 498.537933 479.513977 459.885864 424.944458 387.838226 335.870941 292.536621 266.549103 243.789948 206.695724 186.811783 175.684326 187.866592 227.416214 296.950714 355.221954 381.129181 386.387756 411.198914 404.062042 422.298248 452.759125 459.574829 473.208252 485.571747 457.200928 403.414307 394.618622 386.741516 379.415314 360.904144 360.223175 348.121857 360.323792 384.492004 388.518738 368.146973 341.635712 321.782196 295.942261 236.122467 195.565796 192.185440 189.954803 183.829117 180.079117 177.928513 185.847717 198.772598 179.647720
703.760681 676.880615 651.136230 639.293457 633.273621 616.029053 573.382324 537.033264 505.403564 474.290192 441.650330 426.907440 406.889374 389.277191 356.823700 322.562622 293.182312 249.489334 222.845337 197.994003 179.003525 182.208420 208.965591 250.660492 310.134766 354.902435 411.821045 415.899139 431.599945 436.852905 456.865875 489.208008 496.628632 508.285858 498.302612 477.886322 467.759247 451.793243 427.999298 407.244934 393.573151 382.342468 397.291687 402.378876 411.011108 396.267548 367.730957 351.732452 316.850067 269.762421 222.925720 206.404083 218.565262 214.390335 212.320160 213.696014 205.396103 204.318573 208.269684 202.788818
737.006958 691.296448 647.104675 618.476196 597.058289 572.322449 526.646851 487.365692 452.008301 433.823944 401.535187 368.764221 342.127747 329.499969 332.080902 295.493164 266.161041 238.730316 203.617874 183.684830 186.164978 188.067398 212.873169 260.055542 318.881775 362.723938 409.728149 454.242432 471.313202 488.788422 513.579773 525.205261 526.325562 525.021240 506.690857 501.299408 489.201782 479.016754 475.364746 455.392242 442.281525 429.529175 433.701141 430.318909 410.522003 387.299774 357.389618 316.872955 274.435028 238.927002 237.699524 255.342636 268.917297 255.222153 249.141220 252.321732 241.414108 236.817734 240.223465 236.304840
