WMS/Older_experiments/3p2roughnessDef.ele
north: 2318511.434868
south: 2312161.434868
east: 758896.410600
west: 751346.410600
rows: 127
cols: 151
[rows 54 to 80 of 127, columns 0 to 59 of 151]
0.000000 0.000000 0.000000 0.000000 0.000000 0.000000 0.000000 0.000000 0.000000 0.000000 0.000000 0.000000 0.000000 0.000000 0.000000 0.000000 0.000000 0.000000 0.000000 0.000000 0.000000 0.000000 0.000000 0.000000 0.000000 0.000000 0.000000 0.000000 0.000000 0.000000 0.000000 1173.916260 1156.872192 1075.001953 1033.530273 998.851196 969.639160 933.572266 892.034058 842.403931 854.654175 828.958069 805.192810 776.451355 776.075684 752.633728 740.396362 732.660767 723.023499 724.993591 715.700317 698.971375 695.971558 722.763306 695.122314 633.143188 581.848267 527.240173 490.584534 431.386810
0.000000 0.000000 0.000000 0.000000 0.000000 0.000000 0.000000 0.000000 0.000000 0.000000 0.000000 0.000000 0.000000 0.000000 0.000000 0.000000 0.000000 0.000000 0.000000 0.000000 0.000000 0.000000 0.000000 0.000000 0.000000 0.000000 0.000000 0.000000 0.000000 0.000000 0.000000 0.000000 1159.063843 1082.253296 1043.602905 1005.528137 976.519836 942.975647 891.235046 877.337280 892.193237 889.900146 868.942078 848.494873 834.374146 819.448730 821.614563 799.307129 794.219238 801.655518 794.528198 776.527649 755.173950 707.451111 642.691528 587.633362 521.442139 475.436462 430.246063 382.759766
0.000000 0.000000 0.000000 0.000000 0.000000 0.000000 0.000000 0.000000 0.000000 0.000000 0.000000 0.000000 0.000000 0.000000 0.000000 0.000000 0.000000 0.000000 0.000000 0.000000 0.000000 0.000000 0.000000 0.000000 0.000000 0.000000 0.000000 0.000000 0.000000 0.000000 0.000000 1186.526855 1122.756836 1082.155273 1026.304443 988.061157 964.442383 930.282410 884.456421 908.012451 946.727112 948.149902 923.826599 913.925842 898.536377 882.844421 876.893738 865.359985 854.927002 853.077454 814.829895 765.306274 722.722107 670.993408 609.562195 547.039185 488.483307 427.401276 374.027771 345.168518
0.000000 0.000000 0.000000 0.000000 0.000000 0.000000 0.000000 0.000000 0.000000 0.000000 0.000000 0.000000 0.000000 0.000000 0.000000 0.000000 0.000000 0.000000 0.000000 0.000000 0.000000 0.000000 0.000000 0.000000 0.000000 0.000000 0.000000 0.000000 0.000000 0.000000 0.000000 1187.063599 1136.057495 1075.556763 1031.891113 1003.094788 968.486511 917.639221 907.587646 955.356323 990.631653 995.455750 976.876343 960.537781 953.040833 929.708862 916.047668 912.623718 890.735596 847.689941 794.224426 741.000305 684.672791 647.910217 590.189636 534.852783 465.724426 392.281921 365.947052 333.051086
0.000000 0.000000 0.000000 0.000000 0.000000 0.000000 0.000000 0.000000 0.000000 0.000000 0.000000 0.000000 0.000000 0.000000 0.000000 0.000000 0.000000 0.000000 0.000000 0.000000 0.000000 0.000000 0.000000 0.000000 0.000000 0.000000 0.000000 0.000000 0.000000 0.000000 0.000000 1204.767578 1136.023438 1062.873657 1031.099854 995.308838 950.885681 916.938904 946.197266 988.940125 1013.672729 1036.117432 1023.290833 1007.860413 991.774658 974.041138 948.579651 916.031311 873.542542 831.492432 777.575073 727.194153 666.898315 620.937012 565.082886 516.578979 459.099976 377.624268 353.166077 315.419464
0.000000 0.000000 0.000000 0.000000 0.000000 0.000000 0.000000 0.000000 0.000000 0.000000 0.000000 0.000000 0.000000 0.000000 0.000000 0.000000 0.000000 0.000000 0.000000 0.000000 0.000000 0.000000 0.000000 0.000000 0.000000 0.000000 0.000000 0.000000 0.000000 0.000000 0.000000 1203.619507 1141.853516 1079.468140 1037.286865 999.155273 978.140625 941.315430 965.217041 1005.755676 1044.436157 1061.181519 1047.816284 1033.338501 1013.398132 971.331299 928.436890 893.561951 847.168518 801.278198 754.678040 709.717957 671.148132 614.979126 545.576172 494.733948 436.264862 376.086060 330.752899 313.001038
0.000000 0.000000 0.000000 0.000000 0.000000 0.000000 0.000000 0.000000 0.000000 0.000000 0.000000 0.000000 0.000000 0.000000 0.000000 0.000000 0.000000 0.000000 0.000000 0.000000 0.000000 0.000000 0.000000 0.000000 0.000000 0.000000 0.000000 0.000000 0.000000 0.000000 1201.427856 1158.672241 1131.990356 1090.218750 1044.566528 1010.851440 978.357788 938.416931 988.233887 1028.549561 1084.405151 1078.811401 1071.309082 1063.765381 1022.095276 973.444397 927.762756 896.308594 850.217590 794.676819 752.781616 727.170349 681.960571 617.947388 554.968750 485.912537 434.399353 391.141785 336.311890 314.997986
0.000000 0.000000 0.000000 0.000000 0.000000 0.000000 0.000000 0.000000 0.000000 0.000000 0.000000 0.000000 0.000000 0.000000 0.000000 0.000000 0.000000 0.000000 0.000000 0.000000 0.000000 0.000000 0.000000 0.000000 0.000000 0.000000 0.000000 0.000000 0.000000 1240.538452 1175.137207 1155.526367 1138.845581 1094.213379 1041.743286 1015.085938 998.203735 968.703735 978.320496 1020.999390 1083.193604 1091.644531 1084.583862 1068.909790 1023.812988 978.519958 932.043335 888.535339 839.919373 803.339478 774.087219 723.934387 668.497681 606.784729 528.154602 470.730255 435.970428 383.487305 341.316254 316.554230
0.000000 0.000000 0.000000 0.000000 0.000000 0.000000 0.000000 0.000000 0.000000 0.000000 0.000000 0.000000 0.000000 0.000000 0.000000 0.000000 0.000000 0.000000 0.000000 0.000000 0.000000 0.000000 0.000000 0.000000 0.000000 0.000000 0.000000 0.000000 0.000000 1232.840210 1178.848999 1159.312256 1156.022339 1115.613525 1069.995605 1048.890137 1022.853760 1005.159729 970.492493 1010.876770 1074.513916 1097.994995 1085.839478 1060.157715 1010.220764 964.606262 913.736816 881.318176 833.755615 787.834351 749.173279 712.814331 636.606140 599.780762 548.669006 475.417725 438.710510 391.824188 353.570343 321.043854
0.000000 0.000000 0.000000 0.000000 0.000000 0.000000 0.000000 0.000000 0.000000 0.000000 0.000000 0.000000 0.000000 0.000000 0.000000 0.000000 0.000000 0.000000 0.000000 0.000000 0.000000 0.000000 0.000000 0.000000 0.000000 0.000000 0.000000 0.000000 0.000000 1251.077759 1200.481445 1171.504639 1171.171509 1138.446533 1093.857544 1066.500854 1037.218994 1028.603149 1000.821350 1021.386475 1070.340088 1101.614136 1080.964111 1049.633179 1000.036316 965.454224 925.792664 897.551270 848.615540 797.984741 752.138672 690.283997 632.774414 583.138611 541.864624 474.617981 418.787567 380.976318 343.033752 324.098785
0.000000 0.000000 0.000000 0.000000 0.000000 0.000000 0.000000 0.000000 0.000000 0.000000 0.000000 0.000000 0.000000 0.000000 0.000000 0.000000 0.000000 0.000000 0.000000 0.000000 0.000000 0.000000 0.000000 0.000000 0.000000 0.000000 0.000000 0.000000 0.000000 1270.198364 1228.198364 1192.800659 1175.852173 1158.934814 1132.137573 1090.797607 1073.293457 1048.030762 1001.936035 1026.397949 1082.053833 1106.072144 1082.279175 1043.631348 1004.018066 966.578125 927.576965 881.111755 841.971313 793.446106 724.321777 673.357788 643.071228 599.731384 553.903198 477.071716 422.970276 374.118439 335.269806 331.375793
0.000000 0.000000 0.000000 0.000000 0.000000 0.000000 0.000000 0.000000 0.000000 0.000000 0.000000 0.000000 0.000000 0.000000 0.000000 0.000000 0.000000 0.000000 0.000000 0.000000 0.000000 0.000000 0.000000 0.000000 0.000000 0.000000 0.000000 0.000000 1286.429443 1283.594727 1265.433105 1215.710083 1190.476318 1172.275024 1148.752075 1113.840088 1091.234253 1050.037476 1009.682678 1048.799561 1097.797607 1093.368408 1049.165405 1031.442139 998.883484 958.632935 914.438965 866.891907 815.232849 764.705811 697.188660 653.198792 633.273438 590.540710 541.976746 467.349976 406.218292 352.119049 330.969086 364.543732
0.000000 0.000000 0.000000 0.000000 0.000000 0.000000 0.000000 0.000000 0.000000 0.000000 0.000000 0.000000 0.000000 0.000000 0.000000 0.000000 0.000000 0.000000 0.000000 0.000000 0.000000 0.000000 0.000000 0.000000 0.000000 0.000000 0.000000 0.000000 1292.847412 1286.396606 1275.803223 1218.604004 1194.574341 1171.945801 1138.526001 1106.267578 1059.713867 1013.466919 1036.025879 1065.042603 1111.551514 1097.425781 1051.316772 1015.276062 975.313721 927.872498 888.089478 848.869812 804.690308 756.952271 709.482971 673.691223 645.125977 596.419189 553.646667 472.811005 407.958466 335.507477 346.763641 390.125244
0.000000 0.000000 0.000000 0.000000 0.000000 0.000000 0.000000 0.000000 0.000000 0.000000 0.000000 0.000000 0.000000 0.000000 0.000000 0.000000 0.000000 0.000000 0.000000 0.000000 0.000000 0.000000 0.000000 0.000000 0.000000 0.000000 0.000000 1307.884033 1297.529297 1291.968872 1263.221191 1208.500488 1182.127808 1147.721802 1100.794189 1078.154175 1045.555420 1027.080078 1060.821655 1094.757202 1126.181519 1097.086548 1051.445557 1006.917542 955.404358 913.387695 857.516846 819.179504 770.901672 722.492859 685.618530 645.159363 605.612183 551.622070 506.915192 462.963074 403.845337 343.113220 379.867950 405.796570
0.000000 0.000000 0.000000 0.000000 0.000000 0.000000 0.000000 0.000000 0.000000 0.000000 0.000000 0.000000 0.000000 0.000000 0.000000 0.000000 0.000000 0.000000 0.000000 0.000000 0.000000 0.000000 1370.678101 1344.463501 0.000000 0.000000 1305.788818 1306.669189 1291.322754 1266.734375 1229.441284 1203.944580 1185.638672 1135.381714 1107.098022 1070.388794 1035.000610 1048.955444 1087.498901 1118.332764 1123.128662 1083.902100 1034.910278 986.156128 934.165466 882.188904 824.545959 775.020447 743.061279 712.570068 678.040283 626.105835 613.912964 572.551208 514.069153 460.410706 410.867401 338.289917 384.589508 407.393372
0.000000 0.000000 0.000000 0.000000 0.000000 0.000000 0.000000 0.000000 0.000000 0.000000 0.000000 0.000000 0.000000 0.000000 0.000000 0.000000 0.000000 0.000000 0.000000 0.000000 0.000000 0.000000 1359.281372 1329.226440 1314.217163 1300.819702 1293.983887 1283.907593 1236.031738 1204.900146 1184.041626 1171.124268 1164.651367 1153.142456 1131.416870 1090.893921 1055.959106 1060.165649 1097.866089 1125.598389 1104.214355 1066.655884 1016.377991 967.072693 919.198425 867.475647 810.614258 765.848328 739.509033 706.066101 666.046326 603.419250 582.136841 561.509216 510.568024 483.405487 422.922943 361.163452 343.306702 407.932800
0.000000 0.000000 0.000000 0.000000 0.000000 0.000000 0.000000 0.000000 0.000000 0.000000 0.000000 0.000000 0.000000 0.000000 0.000000 0.000000 0.000000 0.000000 0.000000 0.000000 0.000000 0.000000 1334.089111 1325.112915 1314.559448 1283.594482 1276.740112 1269.200317 1226.469482 1196.171875 1172.438965 1148.296265 1131.017212 1143.525024 1136.361694 1096.527832 1049.721313 1083.504761 1118.844849 1114.300537 1066.367554 1031.511353 995.069153 944.905334 898.830322 850.719238 813.127625 776.836609 746.555115 711.690918 665.053406 609.224182 565.674438 549.802429 517.471313 475.361816 426.011780 371.157867 347.480011 405.597900
0.000000 0.000000 0.000000 0.000000 0.000000 0.000000 0.000000 0.000000 0.000000 0.000000 0.000000 0.000000 0.000000 0.000000 0.000000 0.000000 0.000000 0.000000 0.000000 0.000000 0.000000 0.000000 0.000000 1331.146118 1283.505127 1268.439941 1261.234375 1252.899780 1227.881958 1206.454956 1187.658081 1163.293823 1118.447632 1110.724609 1089.492554 1062.063110 1076.858032 1111.707153 1115.634155 1079.847900 1038.140869 1002.190918 964.383179 923.555664 880.046753 841.160156 817.147522 778.709961 749.159058 718.120117 673.498718 616.702942 577.788147 543.713318 486.343719 469.303009 419.502655 368.756561 366.265106 405.529663
0.000000 0.000000 0.000000 0.000000 0.000000 0.000000 0.000000 0.000000 0.000000 0.000000 0.000000 0.000000 0.000000 0.000000 0.000000 0.000000 0.000000 0.000000 0.000000 0.000000 0.000000 0.000000 1334.448608 1311.941650 1271.322144 1233.745483 1216.740967 1233.255493 1205.680176 1175.080933 1147.708130 1134.842041 1117.488525 1123.559326 1106.025269 1093.566162 1114.113037 1110.204224 1072.252686 1037.779785 1008.058716 968.966187 918.163635 895.901672 862.583740 838.611145 812.685181 760.014343 733.782104 708.113342 666.595215 614.322510 569.976563 521.950867 482.612793 439.295105 391.368591 368.870056 367.321899 422.372314
0.000000 0.000000 0.000000 0.000000 0.000000 0.000000 0.000000 0.000000 0.000000 0.000000 0.000000 0.000000 0.000000 0.000000 0.000000 0.000000 0.000000 0.000000 0.000000 0.000000 0.000000 0.000000 1319.396729 1294.519531 1272.040649 1233.013184 1201.887207 1199.508179 1191.960938 1171.826050 1146.704956 1140.050659 1141.607788 1149.223999 1141.114624 1132.270386 1104.827393 1067.602539 1022.970581 985.021851 953.701355 922.545837 882.794189 862.433105 820.723999 801.746521 771.821472 741.921509 692.384216 669.747437 628.346497 577.636658 534.632141 482.323547 440.489777 405.329773 416.467102 365.545715 385.217224 437.784576
0.000000 0.000000 0.000000 0.000000 0.000000 0.000000 0.000000 0.000000 0.000000 0.000000 0.000000 0.000000 0.000000 0.000000 0.000000 0.000000 0.000000 0.000000 0.000000 0.000000 1337.847046 1329.119507 1310.529907 1291.633667 1264.420898 1228.090576 1201.971558 1171.782959 1154.043335 1147.886963 1143.867432 1172.116699 1170.826416 1167.508667 1140.059692 1107.475708 1066.255127 1022.057861 974.548401 928.769897 902.471191 875.788635 835.916687 815.610840 783.681091 751.356934 709.847534 696.093140 653.177734 606.825073 553.434021 528.396973 490.046844 447.353790 422.197174 436.902802 400.856384 371.654236 423.529419 464.758911
0.000000 0.000000 0.000000 0.000000 0.000000 0.000000 0.000000 0.000000 0.000000 0.000000 0.000000 0.000000 0.000000 0.000000 0.000000 0.000000 0.000000 0.000000 0.000000 0.000000 1328.463989 1322.344849 1313.064209 1280.826294 1249.421143 1212.462402 1205.378540 1208.522095 1174.661255 1176.361816 1191.882813 1194.455933 1179.878662 1150.312744 1111.507935 1076.894165 1038.438477 984.140686 938.083435 890.059570 854.520752 815.437988 780.535583 752.494019 739.201111 713.380493 674.175354 633.668457 585.813538 537.782654 502.274689 484.711670 463.536774 442.068939 452.928741 416.327576 379.348236 410.320007 468.946289 493.382294
0.000000 0.000000 0.000000 0.000000 0.000000 0.000000 0.000000 0.000000 0.000000 0.000000 0.000000 0.000000 0.000000 0.000000 0.000000 0.000000 0.000000 0.000000 0.000000 0.000000 1338.949707 1324.658936 1322.653076 1287.992920 1248.594727 1226.757202 1224.097900 1219.672119 1186.169434 1205.654541 1209.175171 1185.781982 1159.048584 1126.596924 1091.834595 1039.765015 996.807617 948.105225 897.723022 840.988831 794.546814 757.628296 728.458435 691.141785 672.438171 656.575745 618.755920 570.181396 552.403137 521.236633 482.971497 458.698883 449.699615 462.902100 404.593689 378.658569 406.829956 441.209412 494.281647 529.965942
0.000000 0.000000 0.000000 0.000000 0.000000 0.000000 0.000000 0.000000 0.000000 0.000000 0.000000 0.000000 0.000000 0.000000 0.000000 0.000000 0.000000 0.000000 0.000000 0.000000 1344.641846 1334.276367 1330.161377 1290.134277 1242.035889 1247.723267 1250.115112 1232.760864 1213.053345 1213.421509 1177.333496 1135.811035 1115.691772 1091.887939 1046.153442 999.347717 959.171082 907.978088 849.402039 794.556702 751.736816 699.551880 649.089722 602.240723 598.927734 575.257263 570.065369 523.830261 494.560028 474.121918 457.343689 482.547485 481.804626 445.382233 387.835480 411.297821 454.756012 478.179810 513.106995 574.564636
0.000000 0.000000 0.000000 0.000000 0.000000 0.000000 0.000000 0.000000 0.000000 0.000000 0.000000 0.000000 0.000000 0.000000 0.000000 0.000000 0.000000 0.000000 0.000000 0.000000 1351.104614 1344.431030 1337.501343 1307.771973 1284.003418 1271.861206 1256.815186 1246.835693 1220.270386 1177.763672 1138.192261 1095.327759 1064.464355 1047.751099 997.784607 960.374817 902.531433 859.160950 805.971375 754.318970 715.131287 669.374634 602.365417 563.698120 535.732239 530.489258 519.820679 507.049805 507.190308 503.524475 495.279358 482.041443 467.960175 428.447601 391.433899 442.292236 483.545685 516.320007 559.689087 625.501038
0.000000 0.000000 0.000000 0.000000 0.000000 0.000000 0.000000 0.000000 0.000000 0.000000 0.000000 0.000000 0.000000 0.000000 0.000000 0.000000 0.000000 0.000000 0.000000 0.000000 1354.319824 1352.540039 1339.514160 1328.656616 1304.145630 1280.185059 1264.290527 1249.458984 1199.338501 1146.511353 1102.749756 1057.043335 1034.768677 1009.941223 958.703430 910.061829 859.053284 806.907288 774.999756 714.115845 669.047668 629.138306 586.327759 593.291748 584.759277 567.055176 566.698975 569.411438 531.381287 497.959625 458.449097 419.848267 399.743713 392.223236 407.967468 468.957214 498.527740 525.875610 593.884338 653.097412
0.000000 0.000000 0.000000 0.000000 0.000000 0.000000 0.000000 0.000000 0.000000 0.000000 0.000000 0.000000 0.000000 0.000000 0.000000 0.000000 0.000000 0.000000 0.000000 0.000000 1361.143921 1355.728394 1337.726807 1343.825806 1323.451416 1293.869019 1274.242188 1227.715454 1178.949463 1119.620361 1069.482056 1033.832520 1002.138489 958.788513 895.888062 847.754272 845.770447 800.483826 746.161316 683.347046 643.970764 610.088562 593.940674 583.798584 559.762329 541.232910 530.105652 524.068909 516.224731 469.084625 420.212402 412.271545 428.199646 420.393097 414.065979 489.894043 537.736450 547.584717 585.445557 665.538269
