WMS/Older_experiments/4p2_experimenting_w_grid.ele
north: 2312574.859596
south: 2308404.859596
east: 756011.588766
west: 750401.588766
rows: 417
cols: 561
[rows 250 to 274 of 417, columns 336 to 391 of 561]
515.546875 508.824615 501.379395 493.406281 487.331024 481.758057 476.308563 472.142365 471.550201 469.348297 466.636627 462.981262 458.743958 452.521790 447.405731 450.131531 455.969543 458.524689 458.085602 455.988556 453.786957 453.344025 452.675049 452.303711 452.371277 452.299347 451.499695 449.182098 445.131683 439.950134 434.330048 430.514801 426.897217 427.802734 432.552704 439.578766 444.056946 446.374847 446.514923 445.343842 443.566345 441.212280 437.341400 434.436127 430.988770 427.138611 423.644012 420.768463 421.728485 426.358978 431.525391 438.094666 442.192780 444.432831 446.004211 446.689575
514.748901 507.476379 499.612518 493.191772 486.747070 482.903290 480.818268 477.705963 477.373444 475.155823 471.606079 466.618622 460.825745 454.135437 451.141571 453.409363 459.067657 460.958466 460.035889 457.987213 456.111725 454.917847 455.219940 455.542389 455.592773 455.315186 454.011963 450.898407 445.791809 439.870178 433.330322 430.094940 428.937195 432.010590 438.306610 443.298676 446.511932 447.630585 447.442871 446.624542 444.919647 441.846924 436.870728 432.872101 429.134552 425.278931 421.596191 418.491577 420.041962 423.866638 430.876526 437.024658 443.398468 446.449036 448.287170 449.067505
515.897888 508.305450 501.942383 496.287964 491.368713 489.482544 486.912109 485.111023 482.752075 479.462860 474.644043 468.628113 462.143341 457.228943 456.763611 457.177917 462.474609 463.567352 462.437286 460.566925 458.977417 457.873413 457.304749 457.832886 458.047852 457.408997 455.489716 451.680450 445.566406 439.028656 433.450073 431.649323 431.884491 434.757599 441.530487 445.922089 448.020111 448.312622 448.084595 447.393463 445.273499 441.338043 436.802246 430.476074 426.626953 421.536774 418.967926 418.776367 421.596436 425.336121 430.980865 437.135498 443.807770 447.442108 450.446472 451.450378
518.255005 512.366638 506.280518 502.600708 499.348785 495.859528 492.644592 489.353180 485.719360 481.241241 475.587677 469.258270 462.681335 458.254028 461.870514 464.549194 466.266388 466.364990 465.085022 463.364624 461.741272 460.478607 459.794830 459.504364 459.229523 458.309937 455.940216 451.889587 446.482147 440.381989 434.803223 432.706879 433.608948 435.162659 443.372314 447.285065 448.822144 448.768646 448.501923 447.440002 444.565948 439.924255 434.717590 427.851837 422.180054 418.781525 419.794983 421.302826 424.284271 427.296234 430.687347 438.254822 444.361633 449.339783 451.702850 453.808838
521.969604 517.726257 513.814331 510.238312 506.332397 500.581787 495.879974 491.023071 485.954132 480.514343 474.663147 468.711273 463.476379 460.462189 463.234711 469.014221 470.000092 469.272675 467.866028 466.182343 464.356293 462.843872 461.857635 461.190735 459.973663 458.503601 455.950439 451.635712 446.676727 441.353729 437.344147 435.693604 435.216736 437.088013 444.484467 448.255127 449.655701 449.486847 449.028534 447.345459 443.730164 438.465485 432.562012 423.936981 420.026459 420.537659 421.939178 423.861023 426.706879 429.102081 432.152313 440.008698 444.957153 451.818756 454.165771 455.316376
526.968811 523.720642 519.952820 515.749756 510.987183 502.709961 496.403870 490.086029 484.017853 478.142181 472.496582 467.129242 463.283325 462.532013 469.595734 473.124634 473.430786 472.309418 470.852905 469.193573 467.246979 465.476288 464.075470 462.896851 460.276581 458.312317 455.891602 452.403931 448.124512 443.637207 440.403076 437.798126 436.229065 435.154968 445.389252 449.193695 450.667938 450.567688 449.848816 447.550110 443.297424 437.539764 431.306244 424.220032 419.398224 421.391174 424.219299 426.677979 429.392151 431.539917 437.286926 442.322723 449.069977 455.221161 457.219971 457.932678
532.580750 529.066406 524.487122 519.162292 513.046997 505.100464 494.500153 487.334717 481.205017 473.681030 468.928436 466.026703 466.231812 470.776428 473.757904 476.437195 476.295197 475.207825 473.808899 472.158966 470.218445 468.307312 466.511261 464.807678 462.443573 459.595184 457.164154 454.237793 450.492981 446.208344 442.110992 439.261047 437.495880 436.296722 446.141693 450.239624 451.687195 451.537231 450.501068 447.787170 443.164398 437.186188 430.583221 423.301788 421.352966 423.757782 427.555847 430.878357 434.173737 436.012268 439.946594 447.348450 454.393585 458.473785 460.768646 461.039368
537.580872 533.012878 527.269714 520.823914 513.779907 504.852325 493.966766 487.117798 480.999725 473.755737 469.273895 468.754517 472.729004 475.329132 477.566559 478.769714 478.525360 477.498322 476.134644 474.549194 472.776642 470.823242 468.756989 466.717316 464.761780 461.666321 458.964325 455.559753 451.991150 447.871338 443.030365 439.537933 437.653961 438.362885 445.773651 451.174530 452.384125 451.976105 450.403168 447.261688 442.499268 436.678741 430.400665 425.845612 423.934235 427.283203 431.293884 435.141357 439.262878 443.174744 447.250275 454.837799 460.179596 463.473267 464.558990 464.422455
541.220703 535.518066 528.902405 521.809814 514.634338 506.820892 496.717987 490.633728 485.479889 480.336273 476.849884 475.341980 477.323700 479.296814 480.525269 480.808075 480.028076 478.885681 477.498016 475.992493 474.400146 472.451782 470.312012 468.278839 466.391510 463.846100 460.768616 457.276276 453.180603 448.908020 444.524231 440.137085 437.026886 440.050537 447.108459 452.016510 452.649750 451.664276 449.413513 445.815887 441.003448 435.624420 430.680145 426.221130 425.779999 430.318848 434.718384 440.173248 445.078247 449.736603 454.453918 460.743713 465.589233 467.963867 468.211456 467.858246
542.936768 536.991394 530.153320 523.360596 516.323853 510.188049 502.590149 495.317017 489.784607 485.036835 481.977295 480.361511 481.594543 482.641907 482.840485 482.276398 480.689331 479.360931 478.013275 476.660553 475.157990 473.241669 471.075928 469.041656 467.271698 465.141571 461.910248 458.492950 454.427094 449.838348 445.234833 440.600739 438.917725 443.087189 449.158630 452.305206 452.284943 450.384033 447.387054 443.385010 438.637848 433.572998 429.194611 426.470703 430.027222 434.473602 438.812897 444.805237 450.054291 455.247131 459.979523 465.790436 469.781281 471.625641 471.729889 471.340302
543.840088 537.400818 530.826538 524.491028 518.508972 512.579407 506.562988 497.967987 492.734558 488.688446 484.677612 484.546936 485.844543 485.846741 484.990204 483.512024 481.477509 479.621033 478.322052 477.048431 475.439240 473.410797 471.197968 469.044769 467.233490 465.516693 462.200806 459.063934 455.221375 450.895691 446.516815 442.028412 444.816986 447.970123 451.309052 452.650635 450.963318 448.068176 444.393280 440.203278 435.908081 431.775665 427.515961 428.579620 434.530823 439.038666 443.939087 448.974030 454.281342 459.611237 464.645142 469.278961 472.755402 474.545197 474.920227 474.874359
543.296570 536.970825 530.504578 524.586365 519.200806 513.505676 507.429932 499.376434 493.688446 490.460785 489.343292 490.137329 490.097961 489.038849 487.169525 484.870178 482.659424 480.081177 478.662323 477.170837 475.293457 473.005646 470.602356 468.316711 466.354065 464.534637 461.891357 458.575348 455.107178 451.357880 447.660065 445.995850 445.514435 450.859436 452.907990 452.583405 448.647949 444.867401 440.439453 436.511841 431.834351 428.428680 429.521851 434.052643 439.648499 444.436279 448.928070 452.703217 457.652222 463.373199 467.855591 471.680878 474.738098 476.934265 478.019714 478.645966
541.210327 534.970032 529.559814 523.713928 519.431580 513.331970 506.707458 500.266022 497.224976 496.510803 496.348511 495.561554 494.099670 491.806061 488.979553 486.022186 483.342133 480.321075 478.442596 476.542938 474.322571 471.709625 468.954865 466.420135 464.232361 462.198181 459.719818 456.531769 453.694946 450.800507 448.377533 446.448730 447.850708 452.417908 453.895325 451.678253 446.720581 441.237793 436.468781 433.544922 432.407623 431.839264 434.810120 438.557312 445.261658 449.720428 454.410583 458.133911 462.532837 467.553253 470.986115 473.992218 476.807037 479.478516 481.383148 482.549561
538.303955 532.723572 527.745544 523.662842 520.376282 515.622131 510.291412 506.333099 503.266388 502.684814 501.425690 499.579163 496.789673 493.352875 489.748444 486.276642 483.160126 479.738525 477.137939 474.718903 471.964142 468.903015 465.814697 463.025818 460.700439 458.678375 456.611481 453.588409 451.008972 449.321503 447.269775 446.482880 452.545288 454.744446 454.017273 450.295502 445.191864 438.765656 434.473724 433.081085 435.410278 435.915100 441.004974 445.896973 452.023712 456.440277 460.869720 465.576172 469.026459 472.369781 474.651062 476.720825 479.226196 482.279602 484.841949 486.278259
538.391418 533.474854 529.256409 525.790344 522.358521 519.118164 516.856323 513.119873 509.261383 506.881897 504.429810 501.323792 497.476074 493.230286 489.002350 485.045776 481.494995 478.485657 474.516632 471.771057 468.703247 465.354675 460.097717 456.920349 455.426697 454.015839 451.522308 448.618011 447.261200 446.834290 447.945435 453.977081 456.683533 456.488312 453.810486 449.484802 444.088531 437.997253 435.486969 437.592438 440.089905 442.970032 448.024231 452.756927 458.900238 463.689117 468.002350 472.888763 475.691620 477.623779 478.908691 480.220673 482.293030 485.103668 487.722961 489.504211
541.999512 537.982544 534.270996 530.838989 527.321106 523.463562 519.554810 517.310425 512.136353 508.487213 504.867401 500.737549 496.090576 491.301575 486.687592 482.456482 478.643677 475.120789 471.330566 467.532837 464.236694 461.180481 457.188873 454.976746 452.463593 451.950928 451.080994 450.123505 450.000214 452.378845 456.986084 458.980988 459.206696 456.901184 452.862671 447.914703 443.422943 438.751801 438.678253 443.072632 445.807648 450.040466 455.366730 460.204437 465.118774 469.945374 474.451141 479.443726 481.677155 482.794250 483.298889 483.928650 485.380188 487.727356 490.320648 492.170868
545.129822 541.706604 538.276306 534.780579 530.985901 526.869812 522.576233 518.261230 513.937683 507.539520 503.044434 498.299133 493.273346 488.251770 483.432678 478.607269 474.688934 471.230988 468.356812 465.035950 464.565369 460.884399 457.588287 455.751404 455.707886 455.262878 456.096039 456.767822 458.036438 459.851868 461.756836 462.271637 460.438599 456.558075 451.935242 447.085297 442.950989 440.321503 444.745331 447.444397 453.620941 457.717560 462.344360 466.308990 469.553589 473.997314 479.482849 484.214172 486.484894 487.221191 487.143280 486.955200 487.724670 489.388489 491.863922 494.656189
546.372314 543.059326 539.665771 536.097351 532.131531 527.671448 522.850525 517.884033 513.033020 504.788788 499.874115 494.855743 489.726288 484.619171 479.879272 475.927612 472.422974 468.661499 467.028687 466.590118 465.424316 462.668121 459.376709 458.456116 459.145020 459.698914 460.836304 461.797089 463.151154 464.458618 464.968475 463.669250 460.435577 455.962585 451.225281 446.723083 443.060974 442.797791 446.703125 453.401794 460.927673 464.621368 468.925262 471.681458 474.391663 478.370636 483.084869 487.148102 490.624329 491.132080 490.415863 488.859161 487.284149 492.882599 495.901672 498.426544
545.195007 541.719421 538.227844 534.653381 530.734314 526.208740 521.126526 515.780640 510.511810 504.136414 496.143768 491.030334 485.917358 481.214783 476.538879 473.018616 469.751740 469.182831 470.684418 469.216644 466.879242 463.928131 461.031189 460.752319 462.433746 463.904053 465.150177 466.086060 466.856354 467.235962 466.378510 463.881622 459.910919 455.204285 450.624237 446.520416 444.343201 446.564514 452.662354 459.738403 467.207550 471.099976 474.807861 477.555237 479.427307 482.351288 485.810181 490.107605 494.298889 494.856262 493.001404 491.557861 490.983124 495.795349 499.275818 502.214630
542.517090 538.808533 535.301086 531.775940 527.903931 523.483765 518.442139 513.000183 507.467651 501.630219 493.922729 487.583282 482.142822 477.420044 474.729919 474.475830 473.290100 473.556915 472.919922 471.332062 467.712646 464.160034 461.810486 462.522186 465.658875 467.700775 468.944275 469.455383 469.618683 468.644958 466.735962 463.444275 459.016876 454.219330 449.526489 445.544617 445.592712 449.716309 455.453461 466.726532 472.414185 477.726257 479.333313 482.676514 484.348663 485.084381 487.730469 492.276428 497.610779 498.594360 496.727264 496.692749 496.894958 502.364685 505.877960 505.755585
540.656128 535.248718 531.689758 528.223267 524.424255 520.156067 515.261963 509.867126 504.156647 498.375641 490.095276 485.230896 479.813904 477.662018 476.638184 477.902161 477.278778 476.384827 474.982971 472.630615 467.993225 464.725433 462.807343 464.578674 469.030243 471.189728 472.129547 472.134003 471.576080 469.952881 466.322205 462.424103 457.416016 452.400360 447.593048 446.108154 448.131531 454.054138 461.239502 473.118774 478.980988 481.835632 482.619232 486.952698 488.794861 488.899445 490.653381 494.348145 498.609467 502.454224 501.180725 502.176758 504.944489 508.735992 511.347290 510.895050
537.963379 531.653198 527.826172 524.155518 520.409851 516.333313 511.668182 506.397583 500.582306 494.554932 488.941223 483.353088 480.116852 481.620056 481.720367 481.513641 480.578613 478.877319 477.037476 473.885468 469.138794 467.012482 466.397369 468.918732 472.503601 474.346863 474.756378 474.249634 473.051086 470.697784 466.038239 461.698853 456.768677 451.934906 448.963226 447.112427 450.456848 456.972107 465.503204 478.023438 484.789337 487.209595 485.617523 487.114014 493.027740 493.786407 495.439697 499.426208 502.231079 506.397003 506.585785 506.306885 508.902832 512.690063 517.008301 516.716614
533.995300 527.855103 523.616455 519.895752 516.171936 512.237244 507.815033 502.787445 497.046631 491.002228 485.836945 482.101318 481.380280 483.338379 486.189850 485.753845 484.845428 482.874420 479.685425 476.571655 472.992157 470.922791 470.373383 473.407074 475.936279 477.337952 477.269684 476.459137 474.898865 472.225372 466.336884 461.535248 456.654175 452.868439 449.304077 448.885101 452.176453 459.208252 469.037598 480.004669 489.883057 492.216888 491.335083 489.880157 495.401794 499.751801 502.251526 504.934082 507.686066 509.410339 511.921753 512.383118 513.525757 519.212036 523.160950 525.189331
529.025391 523.461487 518.822571 515.492737 512.001831 508.172089 503.855438 499.062073 493.651001 490.268463 485.239899 485.283844 487.341705 488.764984 488.964874 490.087250 489.700836 486.767792 483.061981 479.216583 476.020538 473.772186 473.517578 476.978912 479.265411 480.387695 480.171021 479.282837 477.520203 474.361725 469.033142 461.910095 457.079437 453.184723 450.682007 450.101257 453.082001 461.635010 472.683228 483.733856 494.798309 497.596558 496.756470 495.350433 497.115173 503.787415 508.094696 511.610565 514.140808 514.834595 517.052246 518.784058 518.495667 526.339905 531.464417 534.183533
522.879517 517.609924 513.129883 510.344055 507.400360 503.899017 499.957794 495.544464 491.676788 488.506866 488.929230 491.192993 494.356842 495.609558 494.974457 494.621185 493.356110 490.168091 485.770294 481.722351 478.441895 476.386627 477.746887 480.146332 482.353912 483.545197 483.542847 482.664368 480.621887 477.017944 471.790955 463.242188 457.651611 454.022339 452.865631 451.799866 455.972534 465.618225 476.844818 487.896179 498.101105 503.372375 504.018158 503.141022 503.525848 505.992767 511.758636 517.606873 520.351868 520.933472 523.184143 525.227478 525.900269 526.386780 536.635376 539.645935
