WMS/Older_experiments/4p2_experimenting_w_grid.ele
north: 2312574.859596
south: 2308404.859596
east: 756011.588766
west: 750401.588766
rows: 417
cols: 561
[rows 275 to 299 of 417, columns 56 to 111 of 561]
1082.682617 1075.999023 1070.916382 1064.572388 1061.411499 1055.995728 1051.391479 1047.488770 1034.920410 1041.097168 1038.188354 1033.967407 1034.898560 1037.000977 1039.525146 1041.621704 1043.312500 1044.857300 1046.117798 1046.187622 1044.826904 1042.554688 1043.028564 1040.719238 1037.636597 1036.567505 1034.528564 1032.150879 1031.257813 1030.150757 1028.890137 1027.466553 1026.003052 1026.831543 1026.528564 1025.249390 1023.028992 1020.318909 1017.670349 1015.347046 1012.959412 1007.840149 1002.223572 994.961182 986.580688 977.609741 968.397583 958.774597 948.860657 938.497803 929.681274 918.395203 910.205383 898.854614 889.234375 877.793640
1086.500244 1079.776611 1075.690186 1071.939209 1068.969727 1064.348389 1061.972046 1061.201782 1058.118164 1054.767944 1051.410889 1047.805786 1048.676147 1050.936890 1052.445435 1053.505249 1054.366089 1055.090454 1055.369385 1054.503418 1052.457886 1050.176025 1047.505127 1046.586060 1046.116943 1045.407471 1043.777954 1043.050903 1042.011353 1040.457520 1038.315552 1035.936401 1032.667358 1030.318726 1027.660522 1024.267456 1020.342346 1016.349854 1012.449097 1008.927246 1005.727661 1002.151428 995.616272 988.887512 980.534607 971.287109 961.004456 951.988098 942.186951 932.698608 923.092651 910.601990 903.578674 895.348022 883.514282 873.994812
1091.553345 1086.299805 1082.850220 1081.180298 1079.204712 1076.264771 1074.164551 1069.935303 1067.753906 1065.567017 1062.114624 1060.904663 1062.511963 1064.564941 1065.390015 1065.654053 1065.716187 1065.467041 1064.553955 1062.476807 1059.647339 1057.345581 1055.818115 1053.818115 1052.551025 1054.452026 1055.423950 1055.240723 1053.022217 1049.682373 1045.520752 1040.967529 1034.611572 1028.983398 1023.870911 1018.662842 1013.646301 1008.927917 1004.443115 1000.364136 996.791260 993.581848 988.180847 982.256592 974.248474 964.224182 954.193848 944.340637 934.827759 925.607605 916.665344 907.608093 896.556213 888.503174 879.966003 868.789185
1097.661743 1094.289185 1091.446045 1090.128418 1088.800781 1086.707153 1083.629272 1079.012573 1076.890259 1074.925659 1073.768066 1073.922607 1075.645020 1077.656128 1077.930908 1077.251709 1076.047852 1074.192627 1071.573120 1067.988159 1064.492065 1062.540039 1062.266968 1062.031982 1060.036499 1063.904907 1067.266602 1065.325562 1060.836426 1054.985596 1048.445923 1041.532715 1033.207153 1023.906799 1016.631348 1010.909485 1005.678467 1000.997986 996.541626 992.347412 988.554810 985.368347 980.473328 975.325562 967.988525 958.951904 948.889832 939.015625 928.999451 919.274475 909.890503 901.044617 889.305542 881.489197 873.825562 865.751526
1103.817139 1101.842407 1099.915039 1098.756592 1097.234619 1095.185547 1092.115723 1088.325806 1086.755371 1086.736816 1086.503296 1087.125732 1088.443115 1088.606079 1086.884399 1084.211670 1081.083740 0.000000 0.000000 0.000000 0.000000 0.000000 0.000000 1068.635620 1070.724365 1071.941528 1072.399170 1069.715454 1062.968628 1053.394165 1045.398315 1036.706787 1028.585693 1017.033569 1008.872559 1002.939819 997.519714 992.974060 988.949036 984.893555 980.960327 977.485596 973.684387 968.106567 961.655457 953.442932 944.104065 934.210876 923.993225 914.109680 904.502625 895.633423 883.545532 874.531677 866.965149 859.753784
1109.124512 1108.494751 1107.599609 1106.822266 1104.622070 1102.286987 1099.998413 1097.924927 1097.808838 1096.814575 1096.089600 1095.792480 1095.426270 0.000000 0.000000 0.000000 0.000000 0.000000 0.000000 0.000000 0.000000 0.000000 0.000000 0.000000 1078.214355 1079.484497 1076.440674 1068.773926 1056.819092 1052.145142 1043.730469 1034.094360 1024.825439 1013.341370 1001.614563 994.096008 988.863892 984.798950 981.391052 977.599731 973.595520 969.799133 966.444214 961.047058 955.625549 948.465271 939.905457 930.007996 920.157837 910.377563 900.746277 891.388916 880.637695 869.469482 860.952515 852.253662
1112.939941 1113.690308 1114.334106 1114.734619 1114.222046 1111.675537 1109.199463 1106.725098 1104.105469 0.000000 0.000000 0.000000 0.000000 0.000000 0.000000 0.000000 0.000000 0.000000 0.000000 0.000000 0.000000 0.000000 0.000000 0.000000 0.000000 1080.364014 1073.299194 1063.788086 1057.329590 1051.105957 1040.292236 1029.883667 1020.231628 1008.999939 996.656982 987.245972 980.612000 977.372498 974.003906 970.293457 966.376099 962.458618 959.067322 954.506165 950.118347 944.187195 936.409485 927.394531 917.808167 907.967407 898.241943 888.182922 878.069580 864.501831 856.386047 846.493958
1114.939453 1116.979858 1119.504517 1121.661499 1122.025146 1118.616211 1114.159180 0.000000 0.000000 0.000000 0.000000 0.000000 0.000000 0.000000 0.000000 0.000000 0.000000 0.000000 0.000000 0.000000 0.000000 0.000000 0.000000 0.000000 0.000000 1083.671875 1077.912231 1070.187866 1062.494019 1052.334473 1038.031494 1026.214233 1015.773804 1006.305359 993.003784 985.115479 974.431946 970.248535 966.534607 962.931152 959.123474 954.937927 951.431824 948.299744 944.835876 940.106506 933.151794 924.489685 914.979553 905.091248 895.426025 885.714966 875.662415 862.111816 852.760681 842.936279
0.000000 0.000000 0.000000 0.000000 0.000000 0.000000 0.000000 0.000000 0.000000 0.000000 0.000000 0.000000 0.000000 0.000000 0.000000 0.000000 0.000000 0.000000 0.000000 0.000000 0.000000 0.000000 0.000000 0.000000 0.000000 0.000000 0.000000 1076.132446 1065.914795 1052.086914 1036.511597 1023.912415 1014.439636 1004.808350 993.122986 982.436829 972.293091 966.343323 960.772949 955.057251 951.747803 948.281921 944.774963 942.604553 939.458435 935.613159 929.451355 921.219177 911.878052 902.248962 892.848816 883.484924 873.962036 861.918335 850.820801 840.991211
0.000000 0.000000 0.000000 0.000000 0.000000 0.000000 0.000000 0.000000 0.000000 0.000000 0.000000 0.000000 0.000000 0.000000 0.000000 0.000000 0.000000 0.000000 0.000000 0.000000 0.000000 0.000000 0.000000 0.000000 0.000000 0.000000 0.000000 1075.015869 1064.422607 1049.183960 1034.651978 1023.149719 1013.994324 1004.247742 995.619019 984.667358 973.769043 966.793579 960.026550 952.406189 945.808533 941.141052 938.710327 934.807007 934.144836 930.951599 925.492554 918.021545 909.117859 899.723022 890.469543 881.383789 872.328125 863.142700 850.026855 841.100342
0.000000 0.000000 0.000000 0.000000 0.000000 0.000000 0.000000 0.000000 0.000000 0.000000 0.000000 0.000000 0.000000 0.000000 0.000000 0.000000 0.000000 0.000000 0.000000 0.000000 0.000000 0.000000 0.000000 0.000000 0.000000 0.000000 0.000000 0.000000 1061.559814 1048.395752 1036.699463 1023.532837 1013.002014 1004.729309 998.610046 988.130859 979.395020 970.949524 964.248108 955.591675 948.655090 943.487976 939.661804 935.194946 930.218140 926.107666 921.353943 914.681030 906.451172 897.351990 888.023193 878.854492 870.909851 862.300415 850.085571 840.427307
0.000000 0.000000 0.000000 0.000000 0.000000 0.000000 0.000000 0.000000 0.000000 0.000000 0.000000 0.000000 0.000000 0.000000 0.000000 0.000000 0.000000 0.000000 0.000000 0.000000 0.000000 0.000000 0.000000 0.000000 0.000000 0.000000 0.000000 0.000000 1059.951904 1049.551514 1038.090088 1025.853760 1014.891479 1006.590454 1001.713318 992.673218 985.498352 977.293640 969.554810 961.911743 954.352356 949.496155 943.830322 938.190674 932.083191 923.846130 919.761719 913.536865 905.964966 897.096375 887.093140 876.917358 869.327393 860.189453 850.946594 842.232239
0.000000 0.000000 0.000000 0.000000 0.000000 0.000000 0.000000 0.000000 0.000000 0.000000 0.000000 0.000000 0.000000 0.000000 0.000000 0.000000 0.000000 0.000000 0.000000 0.000000 0.000000 0.000000 0.000000 0.000000 0.000000 0.000000 0.000000 0.000000 1056.837769 1051.881226 1041.465454 1030.863770 1021.693909 1012.066772 1004.925659 1001.331299 990.997437 983.762817 975.619690 967.650269 961.285278 954.762207 947.211975 940.799255 934.493103 924.597961 917.731689 911.758484 905.778992 897.131287 887.760376 878.244690 870.699280 863.412170 856.819275 847.934143
0.000000 0.000000 0.000000 0.000000 0.000000 0.000000 0.000000 0.000000 0.000000 0.000000 0.000000 0.000000 0.000000 0.000000 0.000000 0.000000 0.000000 0.000000 0.000000 0.000000 0.000000 0.000000 0.000000 0.000000 0.000000 0.000000 0.000000 0.000000 0.000000 1052.334839 1046.676025 1038.193726 1028.471802 1020.210876 1011.929321 1004.719788 997.234680 989.922791 982.419373 973.788818 966.775879 960.300598 953.699890 946.160645 936.942139 930.052917 922.833984 914.051392 908.082581 900.405029 891.610474 883.078003 875.127441 867.717346 861.582886 856.228760
0.000000 0.000000 0.000000 0.000000 0.000000 0.000000 0.000000 0.000000 0.000000 0.000000 0.000000 0.000000 0.000000 0.000000 0.000000 0.000000 0.000000 0.000000 0.000000 0.000000 0.000000 0.000000 0.000000 0.000000 0.000000 0.000000 0.000000 0.000000 0.000000 0.000000 1050.696045 1045.952393 1037.906494 1028.567749 1019.000671 1011.176392 1000.615295 994.644714 989.050476 981.560181 973.942383 965.873657 959.105164 953.089661 946.471924 940.591614 929.530273 920.250610 912.821350 905.106384 898.178284 890.403748 881.793884 873.362122 869.581909 865.539368
0.000000 0.000000 0.000000 0.000000 0.000000 0.000000 0.000000 0.000000 0.000000 0.000000 0.000000 0.000000 0.000000 0.000000 0.000000 0.000000 0.000000 0.000000 0.000000 0.000000 0.000000 0.000000 0.000000 0.000000 0.000000 0.000000 0.000000 0.000000 0.000000 0.000000 0.000000 1051.397095 1046.018555 1036.827759 1026.831055 1018.664246 1009.399658 999.849121 994.802612 988.954407 982.236877 975.272034 968.966431 964.387085 957.798584 949.010437 936.383911 927.304199 919.447693 911.119507 904.237915 897.767212 888.423340 882.052979 879.062866 875.696228
0.000000 0.000000 0.000000 0.000000 0.000000 0.000000 0.000000 0.000000 0.000000 0.000000 0.000000 0.000000 0.000000 0.000000 0.000000 0.000000 0.000000 0.000000 0.000000 0.000000 0.000000 0.000000 0.000000 0.000000 0.000000 0.000000 0.000000 0.000000 0.000000 0.000000 0.000000 0.000000 1051.505981 1045.110596 1035.728027 1026.372559 1018.133240 1007.645813 1000.550720 995.304504 990.421021 984.486389 979.097778 973.684387 967.037903 959.080627 949.074280 935.200012 926.221924 918.804199 913.143677 905.416504 897.562622 893.702271 891.494568 887.715637
0.000000 0.000000 0.000000 0.000000 0.000000 0.000000 0.000000 0.000000 0.000000 0.000000 0.000000 0.000000 0.000000 0.000000 0.000000 0.000000 0.000000 0.000000 0.000000 0.000000 0.000000 0.000000 0.000000 0.000000 0.000000 0.000000 0.000000 0.000000 0.000000 0.000000 0.000000 0.000000 1053.788330 1050.646851 1044.051025 1035.959961 1027.776978 1017.370605 1008.619812 1001.056824 996.479736 991.959656 986.415771 980.878601 974.366882 966.567871 957.540466 944.689026 936.186646 928.260071 922.094116 915.707642 908.402283 905.950623 902.926147 899.712891
0.000000 0.000000 0.000000 0.000000 0.000000 0.000000 0.000000 0.000000 0.000000 0.000000 0.000000 0.000000 0.000000 0.000000 0.000000 0.000000 0.000000 0.000000 0.000000 0.000000 0.000000 0.000000 0.000000 0.000000 0.000000 0.000000 0.000000 0.000000 0.000000 0.000000 0.000000 0.000000 0.000000 1053.824829 1049.649048 1043.130981 1035.890869 1027.109863 1016.522339 1008.544006 1001.356018 996.282898 991.258545 985.236206 979.124573 972.241272 964.743713 952.883850 944.925293 937.054871 931.530273 925.803284 920.372620 917.187134 913.411621 908.723083
0.000000 0.000000 0.000000 0.000000 0.000000 0.000000 0.000000 0.000000 0.000000 0.000000 0.000000 0.000000 0.000000 0.000000 0.000000 0.000000 0.000000 0.000000 0.000000 0.000000 0.000000 0.000000 0.000000 0.000000 0.000000 0.000000 0.000000 0.000000 0.000000 0.000000 0.000000 0.000000 0.000000 0.000000 1051.478516 1046.082764 1039.928955 1033.211914 1022.166626 1014.020203 1006.027954 999.200623 993.097717 987.128174 981.394470 975.428833 968.963318 960.786621 951.594543 945.251648 940.167847 935.591248 931.916016 927.499512 922.334351 915.839844
0.000000 0.000000 0.000000 0.000000 0.000000 0.000000 0.000000 0.000000 0.000000 0.000000 0.000000 0.000000 0.000000 0.000000 0.000000 0.000000 0.000000 0.000000 0.000000 0.000000 0.000000 0.000000 0.000000 0.000000 0.000000 0.000000 0.000000 0.000000 0.000000 0.000000 0.000000 0.000000 0.000000 0.000000 0.000000 0.000000 0.000000 0.000000 0.000000 0.000000 0.000000 0.000000 0.000000 986.512390 981.207947 976.113098 970.055542 964.010071 957.064514 953.106323 949.326538 945.417908 940.941101 935.811340 929.475403 921.688904
0.000000 0.000000 0.000000 0.000000 0.000000 0.000000 0.000000 0.000000 0.000000 0.000000 0.000000 0.000000 0.000000 0.000000 0.000000 0.000000 0.000000 0.000000 0.000000 0.000000 0.000000 0.000000 0.000000 0.000000 0.000000 0.000000 0.000000 0.000000 0.000000 0.000000 0.000000 0.000000 0.000000 0.000000 0.000000 0.000000 0.000000 0.000000 0.000000 0.000000 0.000000 0.000000 0.000000 0.000000 0.000000 0.000000 0.000000 0.000000 958.137207 956.193115 954.087585 950.970764 947.028381 941.770874 935.296265 926.894958
0.000000 0.000000 0.000000 0.000000 0.000000 0.000000 0.000000 0.000000 0.000000 0.000000 0.000000 0.000000 0.000000 0.000000 0.000000 0.000000 0.000000 0.000000 0.000000 0.000000 0.000000 0.000000 0.000000 0.000000 0.000000 0.000000 0.000000 0.000000 0.000000 0.000000 0.000000 0.000000 0.000000 0.000000 0.000000 0.000000 0.000000 0.000000 0.000000 0.000000 0.000000 0.000000 0.000000 0.000000 0.000000 0.000000 0.000000 0.000000 0.000000 0.000000 0.000000 0.000000 948.552185 943.698914 937.724854 931.304749
0.000000 0.000000 0.000000 0.000000 0.000000 0.000000 0.000000 0.000000 0.000000 0.000000 0.000000 0.000000 0.000000 0.000000 0.000000 0.000000 0.000000 0.000000 0.000000 0.000000 0.000000 0.000000 0.000000 0.000000 0.000000 0.000000 0.000000 0.000000 0.000000 0.000000 0.000000 0.000000 0.000000 0.000000 0.000000 0.000000 0.000000 0.000000 0.000000 0.000000 0.000000 0.000000 0.000000 0.000000 0.000000 0.000000 0.000000 0.000000 0.000000 0.000000 0.000000 0.000000 0.000000 0.000000 940.725769 934.992676
0.000000 0.000000 0.000000 0.000000 0.000000 0.000000 0.000000 0.000000 0.000000 0.000000 0.000000 0.000000 0.000000 0.000000 0.000000 0.000000 0.000000 0.000000 0.000000 0.000000 0.000000 0.000000 0.000000 0.000000 0.000000 0.000000 0.000000 0.000000 0.000000 0.000000 0.000000 0.000000 0.000000 0.000000 0.000000 0.000000 0.000000 0.000000 0.000000 0.000000 0.000000 0.000000 0.000000 0.000000 0.000000 0.000000 0.000000 0.000000 0.000000 0.000000 0.000000 0.000000 0.000000 0.000000 0.000000 0.000000
