WMS/Older_experiments/4p2_experimenting_w_grid.ele
north: 2312574.859596
south: 2308404.859596
east: 756011.588766
west: 750401.588766
rows: 417
cols: 561
[rows 100 to 124 of 417, columns 168 to 223 of 561]
934.568420 929.976990 925.049622 917.690369 908.132385 897.713806 885.671143 881.288879 881.651550 883.587524 889.909241 900.631165 910.136230 918.696960 926.633789 937.410400 944.117004 949.738281 953.513855 954.840454 954.264709 951.616699 947.809692 943.114258 936.666138 931.947632 931.733765 930.087097 941.835327 952.571045 961.395996 971.602722 982.102905 992.277588 1001.584900 1000.003479 999.394226 1003.581177 1009.248657 1014.208618 1020.022217 1021.438721 1015.995728 998.705322 973.915344 948.889526 932.998474 929.832581 928.886353 929.516235 927.970093 930.384644 933.161743 933.209045 944.646851 953.560303
934.538330 928.094543 923.028076 916.313171 907.625549 899.527954 886.082336 879.058228 875.280212 875.863037 882.078247 891.949951 900.569763 908.570618 916.321716 925.682495 935.167358 942.057495 946.673706 947.692993 945.439331 941.917603 939.317200 930.546021 922.850952 922.068298 922.100952 921.566467 931.939575 946.391235 958.051758 965.894592 975.835266 985.477295 991.178162 990.375610 990.863647 995.221924 1001.234680 1007.670593 1009.859131 1007.223877 997.261047 980.997986 949.597473 933.399475 922.767578 918.982605 916.162720 913.653320 915.591431 918.457214 922.729248 922.535767 928.840271 938.263794
935.475098 927.700745 921.048157 914.855896 907.383545 899.804016 888.581116 882.595337 877.328430 874.750305 878.068970 885.005798 891.651917 898.422302 905.529236 913.147766 925.620483 934.317627 940.374512 941.685486 937.695496 934.585999 930.446472 923.543213 920.862305 915.301208 914.311523 912.761353 924.241821 942.306213 954.141846 963.785095 971.610107 980.598450 985.875305 985.209656 986.386902 991.480591 995.463257 997.222839 994.441406 984.520630 973.682190 954.962769 936.416199 921.188721 909.716919 903.432190 899.678589 899.893005 902.401428 909.859802 913.972900 916.593140 919.506897 926.716248
934.833069 927.924500 921.815857 915.744568 909.088623 900.952942 889.880127 883.565674 879.129150 876.762573 876.384766 878.831421 882.763550 887.626648 893.411621 900.338623 913.336609 924.619690 932.907837 935.529724 932.262695 925.578247 920.607361 914.365540 913.037964 910.447266 911.558167 911.816101 923.997559 940.765625 952.213013 961.348511 969.983337 976.801331 981.137329 981.638794 981.950989 986.146484 987.344727 983.870667 977.819336 961.644226 948.031555 934.974976 927.289856 911.261719 900.409790 893.917908 889.387756 888.282166 893.251953 901.717285 906.314392 908.389343 911.151917 917.077332
933.224060 927.147766 921.401367 915.502747 909.071167 901.730957 893.375122 882.420349 878.376770 874.679810 872.494202 872.092346 873.143921 875.444153 879.057922 884.456543 896.366089 910.496704 921.718323 926.923828 924.584229 917.906921 910.360657 904.453308 903.180847 902.704285 910.838257 919.374207 929.847839 940.761597 951.094360 959.693481 967.771484 974.978821 977.607727 976.382751 977.308716 978.776123 978.052185 969.655884 959.830444 949.620605 937.194946 925.360413 918.998352 905.700867 894.649353 889.604126 885.255737 882.703613 886.132507 895.027344 898.995178 901.240845 903.154602 909.345215
930.137390 924.890869 919.650940 914.304993 908.121582 901.104126 893.628723 881.873291 876.757263 872.018066 867.627258 864.377869 862.349426 861.500427 862.114563 864.697205 871.323364 889.663940 902.452820 910.032959 910.265259 905.104675 899.016235 891.986572 891.325378 896.957275 908.473145 919.204895 929.385742 939.351685 948.738220 957.119446 965.080688 971.469788 974.387817 972.760498 974.595093 973.955688 968.873047 960.089661 949.154846 939.198059 928.025513 917.905579 911.462830 901.266174 890.232727 883.572510 880.563293 880.827454 883.877686 889.213135 892.920837 894.654785 897.098083 902.103638
924.932556 920.493408 915.703186 910.726746 905.623413 900.044495 892.632446 880.932251 874.869629 868.092590 861.800110 855.759705 850.566895 846.415955 842.346680 840.852234 844.614441 860.153198 877.461182 886.195740 889.718933 888.652771 883.524841 880.448792 884.545898 894.126770 903.159363 916.643860 926.087585 935.316895 944.365112 953.014648 961.335327 967.738403 971.269958 970.678772 971.284912 967.634094 960.374084 949.541687 940.844666 930.054016 919.120239 911.805420 906.564453 897.877808 886.461914 880.227295 874.756226 876.349243 879.591125 883.728882 886.693848 888.233093 889.745850 894.522644
917.537415 914.045959 910.189636 905.853516 901.188171 896.921082 891.586426 884.186340 870.844971 863.081848 854.769104 846.730835 838.572266 829.005920 823.203918 821.613770 824.138977 834.300842 844.112305 852.228394 860.934082 869.761719 873.234192 874.479919 878.809448 889.426453 899.179871 912.371094 921.277100 930.054077 938.949524 947.930542 956.813904 963.637939 967.541809 969.160645 968.822571 961.167297 951.992859 942.283875 932.997803 923.864014 915.126831 906.421753 900.262817 894.143555 883.504883 876.652161 870.551025 871.344055 874.415161 877.385315 879.680420 881.175842 883.023132 886.972229
907.811646 905.384277 903.509644 899.732727 895.482056 891.434326 888.246765 882.706543 867.461487 856.105103 846.441284 837.860107 828.143311 817.314880 815.120361 818.121399 821.709900 826.903198 835.728882 841.118042 848.958435 859.312378 865.931213 869.953430 875.334656 885.261169 895.464966 907.351929 915.906860 924.189941 932.986206 942.346619 951.222107 957.528503 961.360107 962.115784 962.790283 956.237122 945.063965 934.322815 925.893433 917.561890 909.369568 901.876404 894.100586 888.597412 878.657776 870.204895 866.399475 864.467957 867.136841 869.719360 871.191895 873.983215 877.052917 882.124390
899.274475 897.815552 895.471924 891.962708 888.129761 884.842224 883.053772 879.103943 866.967224 845.142456 836.663574 828.628784 821.963379 816.362183 815.369324 816.775085 819.244019 822.389038 829.363953 833.748047 846.407288 854.583862 859.730042 865.366516 874.497742 883.473755 892.141846 899.899475 910.712830 918.640930 927.248962 936.475159 944.209473 949.249573 951.321594 953.879578 955.346191 948.695190 939.705200 928.573120 919.257813 911.366943 903.653870 896.182922 888.703918 882.228088 876.254028 862.001404 860.318359 855.488770 857.184875 861.978516 864.100647 867.428162 872.374878 878.593567
889.233215 888.381775 886.100220 882.591614 879.021729 875.959595 875.928650 872.624512 861.922729 834.063782 821.404175 817.680908 814.118103 811.380798 810.823730 812.788330 816.209473 818.243042 824.717590 832.038025 843.977417 851.768188 857.751526 865.312744 873.433167 881.464233 888.836426 895.669312 905.878052 913.804871 922.344421 930.873169 936.848999 936.929260 940.378967 946.306519 947.828186 944.264160 932.962158 923.880920 913.846741 905.198181 897.969666 890.692810 883.840027 877.049561 871.279846 855.396790 850.269104 843.782166 849.061340 854.881592 858.231995 862.283508 868.437988 875.206299
878.795959 877.819092 874.172241 871.050537 867.483887 864.132568 866.733276 862.641785 852.079590 827.696533 812.369080 806.586121 804.026550 799.720459 800.763550 804.828979 810.565002 819.185547 825.450256 834.854248 842.329407 849.545715 855.647644 863.093750 870.737732 878.250671 884.956848 891.220703 901.521301 909.838562 918.413513 926.277832 931.071106 930.127808 934.045776 939.460815 940.902588 937.356812 926.639465 918.342529 910.054138 902.000916 892.530701 885.460876 878.616882 872.446716 866.899109 859.666382 849.449707 845.873718 846.029724 848.488464 852.023315 856.851501 863.634033 871.046570
868.686707 867.318909 863.857178 861.631104 858.219666 853.122192 854.149841 850.785095 837.056946 821.152771 803.923340 799.484802 794.940063 793.376526 796.453613 804.794678 813.270142 819.958069 825.524292 833.782349 840.116333 846.521240 852.946411 859.046692 867.004822 874.145569 880.845886 887.235901 894.850830 906.712769 914.849365 922.216675 926.986145 929.497925 929.868286 933.934021 934.301819 930.701111 920.947571 912.710510 905.032776 897.433289 889.774536 881.131531 874.675293 868.667480 863.583679 855.905640 842.153931 840.990234 840.328857 841.136108 844.433044 850.600464 857.791077 865.760559
860.233765 857.216980 854.601746 852.281799 849.380127 844.583801 843.549744 839.567444 824.839600 811.996338 800.811584 794.609131 791.676331 791.682251 798.060974 806.897217 814.301025 820.168945 824.608826 829.594299 836.666992 842.622375 849.037903 855.171143 862.602661 869.753418 876.973206 884.086548 891.834167 903.546448 910.870239 917.563354 922.564941 925.351318 924.806458 927.757935 927.396545 923.891357 917.028381 906.769836 899.740601 892.792480 885.385742 878.551758 870.939209 865.713135 860.248230 852.123474 834.491638 833.162231 831.451660 830.972351 835.470276 843.308350 851.608826 860.477051
851.799377 848.244995 845.955200 843.485107 840.169373 836.074585 833.599731 831.364258 822.798584 805.266846 795.524414 790.731201 788.949158 792.883606 797.538940 805.651550 812.263184 817.383850 821.253418 825.507813 831.708435 837.700745 844.656982 851.964722 859.609558 866.597961 873.197327 880.737610 888.589844 896.922913 905.536987 911.231079 915.927246 918.720032 918.996277 919.950684 919.816467 916.294495 909.999146 900.098328 893.838928 887.765076 881.750549 875.693604 869.449829 862.410522 857.388123 848.768127 832.370178 821.272217 816.664246 820.905701 827.896240 836.970886 846.227051 855.151611
841.894348 836.833069 834.108887 831.883667 829.302612 825.388184 824.248474 825.773987 819.240295 803.406006 787.575134 787.055298 785.247559 790.404968 796.821533 801.938965 806.269653 811.129944 815.731812 820.519897 827.775391 834.441101 842.984497 850.295105 856.226379 861.984253 867.954346 875.797607 883.562744 890.706360 898.990417 903.661011 907.433899 908.453064 910.254761 912.020081 911.855652 908.194275 902.015198 894.190063 887.218506 882.333252 877.642090 872.546936 867.117554 861.025330 854.611389 845.923157 831.871826 812.985535 804.000427 814.655701 824.333557 832.703125 840.681702 850.270508
831.682129 820.804443 815.357483 814.056824 814.527588 815.219238 816.756287 820.417969 815.447327 801.311523 783.794373 775.509644 773.666138 787.159851 792.050842 796.432495 797.082764 801.040222 808.873413 814.794617 822.933289 833.005493 840.094299 846.130554 850.872559 855.428101 860.599121 868.702271 876.549377 883.390198 891.321350 895.146912 897.050842 899.599182 902.795349 904.760071 903.836060 899.979370 893.249268 886.651184 879.788574 875.693054 871.978821 867.998291 863.426025 858.003784 852.849365 842.708313 830.000671 813.494019 800.215088 811.782837 820.053406 828.322754 836.243042 845.980042
819.904907 811.012695 807.688416 804.041016 805.456909 806.932556 808.594116 814.458130 810.615295 797.114319 780.805054 777.086121 776.043152 779.455750 783.667542 787.604431 790.644958 791.428772 801.583069 810.369141 818.258240 828.326172 834.406738 839.295532 843.140991 846.988403 851.707825 859.923401 867.943115 875.110291 881.684570 886.317627 887.884705 891.345642 895.577271 897.501648 896.221191 892.026855 884.946350 877.926697 871.858215 868.140625 864.837036 861.724487 857.998474 853.793823 848.655884 840.339233 825.221619 809.632141 801.232788 808.788086 816.411621 824.326233 832.141663 841.718018
814.941528 810.583923 806.940369 804.952576 802.205261 803.386536 804.989868 808.286499 804.623962 792.580200 777.790222 772.271118 769.853210 773.643555 775.773010 778.584595 780.463196 785.802490 796.091431 804.402710 812.050293 820.484070 825.626404 830.406799 833.969116 837.499573 842.517639 849.725159 858.612122 866.195068 871.975952 877.561768 879.938477 884.001343 888.751282 890.479736 888.768616 884.170288 877.623413 869.741150 864.647339 860.364136 857.265198 854.486450 851.161682 847.892212 843.097351 834.981873 821.446777 806.140076 796.689270 804.822388 812.952820 820.547241 828.672363 837.621460
816.366455 811.075378 807.594238 804.993103 801.603577 800.008179 800.641418 801.671631 798.891785 780.064575 777.040466 772.407349 766.364258 767.715027 768.177612 768.349976 771.633545 779.352905 791.795349 799.010010 804.229980 810.305908 816.101990 821.048462 825.467834 829.608826 834.806274 841.568542 849.887817 856.845093 862.935974 868.691650 872.947021 877.479797 881.713257 883.024292 880.992249 876.225220 869.761047 862.331909 856.698364 852.643433 849.618469 846.848572 844.858643 841.649536 837.029724 828.915710 812.267212 802.840698 793.360474 801.695923 809.344055 817.328064 825.625122 834.618713
818.926453 815.202026 812.422729 807.912048 804.393127 800.194458 798.088379 796.891174 793.449463 787.079407 782.829285 775.532898 765.478271 763.615112 761.280273 763.529297 769.060425 776.095398 785.773865 794.014404 799.188843 798.226440 806.162659 811.816162 817.227356 822.709290 828.341614 835.385071 842.288330 848.411377 853.755554 860.089783 864.733154 869.796997 874.389343 875.340210 873.093994 868.334412 862.202454 855.663696 850.027161 845.408020 842.139465 839.997375 838.453125 835.527405 831.170227 823.334595 811.363159 796.698608 789.982422 797.629089 805.583923 813.968018 822.611084 831.634949
823.967285 821.131714 817.618896 812.516663 808.596191 804.585449 800.294373 795.353394 792.872986 789.338989 784.107910 777.910095 770.696838 761.751038 757.732910 759.926147 765.097961 771.124451 780.511902 787.093018 791.183044 792.811218 796.003296 801.629517 809.321594 816.007324 822.638550 828.765808 834.356079 839.572327 844.541565 849.592102 856.308960 862.899841 866.667419 867.227112 864.889648 860.462219 854.807556 847.949585 844.388855 838.894775 835.328003 833.547119 832.428223 829.641907 825.632751 818.371887 806.725464 790.544983 785.982849 794.783081 801.455566 810.214966 819.898743 829.434509
829.775391 825.854309 822.106628 816.138733 811.611023 806.944519 802.398926 798.160156 794.162537 790.013245 785.150330 779.454773 773.112793 762.896790 757.272095 755.381775 757.019409 764.767700 774.483154 780.186890 782.928833 783.653137 790.312561 792.291748 799.924988 808.335388 814.936890 820.586121 825.476074 829.727722 834.011963 840.255371 849.200928 855.369507 858.734497 858.800537 856.541443 852.640869 847.540100 841.312866 837.948303 834.327087 829.346008 828.149963 826.303528 823.473083 819.900208 813.888489 803.987732 785.789001 781.602783 789.885620 799.117554 807.820190 817.368225 828.014282
833.039001 828.715332 824.372986 819.660217 812.689148 807.863403 803.261047 798.925476 794.774475 790.528259 785.884888 780.698181 774.974487 765.427917 755.794861 749.462341 750.384583 760.572754 767.498779 772.445496 774.617798 775.054565 778.550110 787.855469 792.360901 799.902710 806.016602 811.206482 815.684570 819.617676 824.203308 830.988647 840.519409 848.741333 851.344238 850.078003 847.954224 844.588196 840.023865 834.352234 830.745117 828.860535 824.023010 822.353638 820.032532 817.155273 813.964233 808.949585 799.327515 776.632141 776.062805 784.096924 796.726929 806.089050 814.654114 825.437622
834.577271 829.697205 824.662842 819.420532 812.038879 807.311279 802.984192 798.921082 794.897278 790.733521 786.363281 781.584656 776.338684 770.280029 760.273926 749.187378 746.241333 754.722717 759.949463 764.019165 766.108521 767.324707 770.454712 781.005005 787.801514 790.927307 796.423523 800.935181 805.649719 810.099854 815.212280 822.508789 832.180237 842.472839 844.574402 842.599121 839.708618 836.495789 832.347473 827.174500 823.967590 823.389832 818.980408 816.551941 813.590393 810.473206 807.455750 802.787292 793.426880 776.657410 773.359009 782.599915 794.386108 802.936096 812.765564 823.336914
