WMS/Older_experiments/4p2_experimenting_w_grid.ele
north: 2312574.859596
south: 2308404.859596
east: 756011.588766
west: 750401.588766
rows: 417
cols: 561
[rows 125 to 149 of 417, columns 0 to 55 of 561]
0.000000 0.000000 0.000000 0.000000 0.000000 0.000000 0.000000 0.000000 0.000000 0.000000 0.000000 0.000000 0.000000 0.000000 1555.577881 1550.676392 1543.948364 1535.677368 1524.587646 1510.814697 1498.896729 1488.908203 1480.510742 1472.363159 1463.298706 1452.862427 1440.888550 1431.825073 1417.588379 1406.282959 1393.753296 1380.428589 1366.338013 1351.617676 1336.668213 1321.782837 1307.573975 1293.761963 1276.482788 1267.199097 1259.547729 1251.575562 1244.443726 1238.048828 1231.465698 1225.322998 1217.393921 1208.926514 1206.175659 1205.298584 1203.262085 1200.853027 1199.022095 1198.656860 1199.030029 1201.190918
0.000000 0.000000 0.000000 0.000000 0.000000 0.000000 0.000000 0.000000 0.000000 0.000000 0.000000 0.000000 0.000000 1560.074097 1555.924072 1549.340576 1541.443604 1532.349243 1520.673584 1504.834961 1493.568359 1483.754761 1475.344849 1467.631958 1457.342041 1445.115479 1430.711060 1422.271484 1410.620361 1399.772949 1387.548584 1374.881104 1361.553101 1347.567871 1333.309814 1319.208862 1305.468140 1292.373657 1274.954102 1266.776855 1258.772583 1251.413940 1243.457275 1236.659058 1230.547974 1223.792969 1216.778076 1209.458496 1199.462646 1196.419189 1193.714355 1190.326904 1187.470825 1189.178223 1190.200684 1192.611328
0.000000 0.000000 0.000000 0.000000 0.000000 0.000000 0.000000 0.000000 0.000000 0.000000 0.000000 0.000000 0.000000 1559.291748 1554.181763 1546.540405 1538.186157 1528.958862 1517.409180 1500.161011 1489.885254 1480.859619 1472.445313 1464.246948 1453.418213 1439.256104 1421.501953 1414.090698 1407.687988 1393.069824 1381.837158 1369.980957 1357.371582 1344.017212 1330.292236 1316.640991 1303.328735 1290.656128 1274.397217 1265.081909 1257.552002 1250.332031 1243.893677 1235.007935 1227.212402 1220.331299 1212.988281 1205.202393 1195.155518 1188.140381 1182.376831 1179.656738 1177.367920 1175.476929 1175.984009 1180.449585
0.000000 0.000000 0.000000 0.000000 0.000000 0.000000 0.000000 0.000000 0.000000 0.000000 0.000000 0.000000 0.000000 1558.295532 1553.174072 1545.155396 1536.369629 1527.290161 1516.964478 1502.312012 1488.387939 1479.496094 1470.905884 1462.124023 1450.707275 1435.436401 1417.390015 1411.286865 1403.524414 1389.186279 1377.633179 1366.302734 1353.999756 1340.962280 1327.551025 1314.169189 1301.113525 1288.698486 1276.302246 1263.852661 1256.370850 1249.425293 1242.013916 1233.729248 1223.782471 1215.514893 1207.207886 1198.517334 1187.640991 1180.102417 1174.965942 1173.286621 1171.993530 1169.659424 1165.692505 1165.196289
0.000000 0.000000 0.000000 0.000000 0.000000 0.000000 0.000000 0.000000 0.000000 0.000000 0.000000 0.000000 0.000000 1558.084473 1553.666870 1546.141113 1536.996460 1527.754272 1517.672119 1505.561401 1489.268799 1479.182861 1469.949707 1460.801270 1449.312012 1435.348511 1416.255981 1411.218384 1402.339966 1390.117554 1376.298706 1364.260986 1351.528442 1338.380493 1325.038452 1311.770752 1298.817871 1286.478271 1274.995972 1261.223267 1253.436523 1246.344971 1238.735107 1230.274780 1220.838135 1209.719482 1200.941284 1192.160034 1185.934204 1178.209351 1172.247437 1169.271606 1165.389771 1160.877075 1155.371338 1148.127075
0.000000 0.000000 0.000000 0.000000 0.000000 0.000000 0.000000 0.000000 0.000000 0.000000 0.000000 0.000000 0.000000 1559.396973 1555.151733 1548.677856 1539.178467 1529.788208 1519.670532 1508.857788 1492.083130 1480.977051 1470.526978 1460.958862 1449.207764 1433.868896 1414.558960 1410.280640 1403.294678 1392.751343 1377.152100 1363.317749 1349.677368 1336.137329 1322.670166 1309.384277 1296.423828 1284.019043 1272.303345 1259.546509 1249.188965 1241.874023 1234.164307 1225.907349 1217.258301 1207.761108 1198.200562 1190.656982 1184.302979 1175.918823 1170.164551 1164.702271 1159.101196 1152.536133 1144.269409 1132.709229
0.000000 0.000000 0.000000 0.000000 0.000000 0.000000 0.000000 0.000000 0.000000 0.000000 0.000000 0.000000 0.000000 1561.991089 1558.292480 1551.183105 1543.135010 1532.922729 1522.100708 1511.099976 1496.486572 1482.705322 1472.398560 1461.977539 1450.159302 1436.461792 1417.001831 1411.376099 1405.937744 1396.435181 1376.950928 1362.256714 1347.959839 1334.023315 1320.346558 1306.956055 1293.917725 1281.375244 1269.553101 1256.615723 1245.068115 1237.002930 1229.497192 1221.729248 1213.720337 1205.649414 1197.779175 1189.859863 1183.179565 1173.796021 1167.289917 1160.551636 1153.359253 1145.133057 1135.020996 1121.452881
0.000000 0.000000 0.000000 0.000000 0.000000 0.000000 0.000000 0.000000 0.000000 0.000000 0.000000 0.000000 0.000000 1564.551758 1561.111572 1554.582642 1545.543335 1535.546753 1524.576538 1514.019165 1502.374878 1485.995605 1473.998291 1463.031494 1452.224243 1438.712891 1422.578979 1414.076416 1405.507202 1395.396118 1377.735474 1360.579468 1346.086304 1331.918091 1318.051270 1304.504761 1291.303833 1278.553101 1266.507935 1255.243408 1241.157959 1232.875977 1225.392578 1218.064697 1210.764160 1203.435547 1196.190552 1189.178345 1181.929565 1173.596924 1164.871826 1157.331543 1149.171265 1139.953125 1128.921997 1115.167236
0.000000 0.000000 0.000000 0.000000 0.000000 0.000000 0.000000 0.000000 0.000000 0.000000 0.000000 0.000000 1568.490845 1566.609985 1563.590454 1557.947754 1549.748413 1539.223389 1528.260254 1517.589844 1506.887817 1489.765625 1478.077637 1466.048340 1455.315674 1441.989746 1423.556519 1410.409058 1402.866333 1392.641724 1376.984009 1358.559448 1344.140503 1329.898071 1315.854736 1302.135132 1288.632568 1275.520386 1263.130249 1251.781494 1238.796265 1229.060181 1221.716309 1214.806641 1208.099487 1201.423462 1194.721680 1187.991943 1181.223755 1173.905151 1163.136841 1155.187378 1146.575073 1136.935425 1125.674072 1112.291260
0.000000 0.000000 0.000000 0.000000 0.000000 0.000000 0.000000 0.000000 0.000000 0.000000 1578.794556 1574.735352 1570.396973 1568.451904 1565.984009 1561.468140 1554.370239 1544.443970 1531.964600 1521.529785 1511.983154 1495.582886 1482.143311 1470.122314 1458.779541 1445.778198 1428.813354 1407.187744 1397.628906 1389.425171 1376.931274 1356.613037 1342.391968 1328.041016 1313.964111 1300.007935 1285.961792 1272.213989 1259.331787 1247.721924 1236.258667 1225.132324 1218.189697 1212.019043 1205.836914 1199.635254 1193.323730 1186.853516 1180.178467 1173.249268 1162.836426 1154.130859 1145.473145 1135.826538 1124.747559 1111.872192
0.000000 0.000000 0.000000 0.000000 0.000000 0.000000 0.000000 0.000000 0.000000 0.000000 1580.762085 1576.157104 1571.599243 1570.157227 1568.536011 1565.089844 1558.959961 1549.770508 1538.741943 1526.937622 1515.100220 1505.576904 1487.615601 1473.820557 1461.431641 1449.951904 1434.858643 1417.104736 1396.703857 1387.614014 1374.600952 1356.083984 1341.101318 1326.852783 1312.812744 1298.432495 1283.457764 1268.406860 1254.812622 1242.915527 1232.755005 1221.150146 1215.266968 1209.826050 1204.139648 1198.257935 1192.176758 1185.881348 1179.336304 1172.505615 1162.984009 1154.129272 1145.773071 1136.450684 1125.847656 1113.719360
0.000000 0.000000 0.000000 0.000000 0.000000 0.000000 0.000000 0.000000 0.000000 1586.513794 1581.825806 1576.904907 1572.524414 1571.868652 1571.217163 1568.666138 1563.166260 1554.412842 1543.830200 1532.050293 1520.327759 1508.439209 1492.749146 1479.471924 1465.221924 1453.063232 1439.053467 1421.917847 1397.923706 1383.069214 1372.090332 1360.187622 1341.127319 1327.042847 1312.911621 1298.287476 1281.171265 1263.831543 1249.843140 1237.536621 1227.367432 1217.724854 1213.141357 1208.444946 1203.175415 1197.404419 1191.375854 1185.166382 1178.777832 1172.181274 1165.300537 1154.578125 1146.576416 1138.679321 1128.792236 1117.646973
0.000000 0.000000 0.000000 0.000000 0.000000 0.000000 0.000000 0.000000 1590.613892 1587.838989 1582.793823 1577.748169 1574.451782 1573.317505 1573.233765 1571.376953 1566.389893 1558.032104 1547.974365 1536.924927 1524.777466 1512.346924 1496.486206 1484.127563 1470.180542 1455.563477 1441.343872 1423.948730 1404.391602 1384.054321 1370.627563 1361.219604 1343.309937 1329.738647 1315.656738 1300.472534 1281.320190 1259.726196 1245.079102 1233.266724 1221.976563 1214.985474 1211.803833 1208.178833 1203.108032 1197.137939 1190.937988 1184.720703 1178.532715 1172.323608 1165.981445 1156.599487 1148.842407 1140.994995 1133.402588 1123.273315
0.000000 0.000000 0.000000 0.000000 0.000000 0.000000 0.000000 0.000000 0.000000 1587.863037 1583.564941 1578.861816 1575.540527 1574.082031 1574.155762 1572.891479 1568.380249 1560.317261 1550.669189 1540.237549 1528.933960 1516.564697 1504.080688 1486.185303 1473.043213 1457.052368 1442.355591 1424.835205 1402.642090 1385.538452 1375.751587 1364.759766 1347.515137 1335.201050 1321.832275 1305.964355 1287.030029 1261.124756 1244.596436 1231.695190 1217.269775 1211.095337 1212.057617 1209.213379 1203.922607 1197.327515 1190.673462 1184.357178 1178.459473 1172.840698 1167.283447 1160.050293 1152.376465 1145.004883 1137.342773 1130.134521
0.000000 0.000000 0.000000 0.000000 0.000000 0.000000 0.000000 0.000000 0.000000 0.000000 0.000000 0.000000 0.000000 0.000000 0.000000 1573.462769 1569.610962 1561.929688 1552.334839 1542.257568 1531.368652 1519.578735 1507.172607 1488.325684 1474.399292 1460.025635 1444.160400 1426.630493 1403.761841 1388.621338 1378.058960 1367.814331 1357.782715 1341.862183 1329.232422 1313.064087 1295.098755 1272.390259 1250.728394 1233.767700 1217.708496 1212.367798 1214.401489 1211.208984 1205.201904 1197.588989 1190.157959 1183.685059 1178.275391 1173.559448 1169.097656 1164.525757 1156.967773 1150.644287 1143.116821 1135.351929
0.000000 0.000000 0.000000 0.000000 0.000000 0.000000 0.000000 0.000000 0.000000 0.000000 0.000000 0.000000 0.000000 0.000000 0.000000 1573.134399 1569.876831 1562.768188 1553.214722 1543.083618 1532.480469 1520.885132 1508.584229 1493.469727 1476.039917 1461.532227 1446.796631 1430.147705 1412.274658 1393.300415 1377.482788 1369.709839 1360.918213 1347.799316 1336.596313 1322.455811 1304.681030 1284.047852 1259.894043 1242.015259 1228.313477 1223.838379 1218.439087 1213.888672 1206.503906 1197.359741 1188.725342 1182.112305 1177.581421 1174.259521 1171.297363 1168.160889 1162.491455 1157.340088 1150.838013 1142.817993
0.000000 0.000000 0.000000 0.000000 0.000000 0.000000 0.000000 0.000000 0.000000 0.000000 0.000000 0.000000 0.000000 0.000000 0.000000 1572.062500 1569.354248 1562.880005 1553.572144 1543.269165 1532.626343 1521.319214 1509.454346 1495.837891 1478.108398 1463.733398 1448.448120 1434.615356 1417.425781 1398.911255 1378.443115 1368.098267 1362.217896 1352.214600 1342.634644 1330.141357 1311.869873 1293.915894 1272.344116 1257.219482 1243.895020 1232.503662 1224.445923 1217.887817 1208.052979 1196.709473 1184.798218 1178.433472 1176.111572 1174.869629 1173.831421 1172.402832 1170.039429 1164.939819 1159.537476 1152.233643
0.000000 0.000000 0.000000 0.000000 0.000000 0.000000 0.000000 0.000000 0.000000 0.000000 0.000000 0.000000 0.000000 0.000000 0.000000 1571.072754 1568.688354 1562.638672 1553.634766 1543.185303 1532.172729 1521.079102 1509.965210 1498.474976 1480.457764 1466.604248 1452.072266 1437.285034 1422.986694 1402.891357 1382.729614 1372.084106 1364.688232 1358.130005 1348.298706 1337.438232 1321.113037 1302.639282 1285.377930 1270.639893 1257.584839 1247.268066 1237.826294 1224.199097 1211.102661 1194.908691 1181.015503 1174.648560 1173.823120 1175.742554 1177.093262 1177.333862 1176.474365 1173.185181 1168.807129 1161.995728
0.000000 0.000000 0.000000 0.000000 0.000000 0.000000 0.000000 0.000000 0.000000 0.000000 0.000000 0.000000 0.000000 0.000000 0.000000 1570.527832 1568.561523 1562.750977 1553.858643 1543.175049 1531.804688 1520.646729 1510.073730 1499.565552 1485.842041 1469.813232 1456.126343 1442.429199 1426.896851 1411.136841 1388.122437 1376.481934 1369.551147 1362.385742 1353.268433 1344.791260 1331.532471 1314.737915 1296.218384 1281.649658 1268.333984 1255.813965 1246.326294 1234.412964 1216.519165 1198.173340 1183.519287 1176.374512 1175.139160 1178.275146 1181.626709 1183.186035 1183.714844 1181.583008 1177.472168 1170.589111
0.000000 0.000000 0.000000 0.000000 0.000000 0.000000 0.000000 0.000000 0.000000 0.000000 0.000000 0.000000 0.000000 0.000000 0.000000 0.000000 1569.200073 1563.858398 1554.864258 1543.805176 1532.249512 1521.101807 1510.686523 1500.768188 1489.340210 1473.097534 1460.378662 1447.589478 1433.471191 1416.461304 1399.637329 1381.514893 1374.541626 1367.550659 1359.838379 1352.260254 1340.770020 1325.310791 1306.531128 1292.494141 1279.011475 1264.782104 1253.597290 1244.328613 1225.967285 1208.326416 1192.607788 1186.081055 1184.315918 1185.620239 1187.747681 1189.104126 1190.864136 1189.922363 1184.402832 1176.945557
0.000000 0.000000 0.000000 0.000000 0.000000 0.000000 0.000000 0.000000 0.000000 0.000000 0.000000 0.000000 0.000000 0.000000 0.000000 0.000000 0.000000 1565.210938 1556.945190 1545.800415 1533.973511 1522.760010 1512.536621 1502.746826 1492.633545 1476.277710 1464.254272 1452.015381 1439.125610 1423.423950 1405.733765 1387.014282 1379.420166 1373.027588 1367.072144 1358.379028 1348.668457 1334.335571 1316.253418 1302.918335 1288.148926 1274.165405 1262.535645 1252.502441 1238.697632 1219.883789 1203.468994 1194.699463 1192.865479 1192.402100 1193.546631 1195.658936 1197.323730 1196.023315 1188.670044 1180.566162
0.000000 0.000000 0.000000 0.000000 0.000000 0.000000 0.000000 0.000000 0.000000 0.000000 0.000000 0.000000 0.000000 0.000000 0.000000 0.000000 0.000000 1564.795044 1559.131104 1549.001099 1537.220215 1525.818848 1515.662842 1506.135132 1496.060181 1481.435181 1466.776733 1454.445923 1443.249512 1429.415771 1412.338745 1391.928223 1389.206421 1381.603638 1372.824707 1364.237549 1354.942505 1342.017090 1325.301880 1312.933105 1299.317383 1285.972900 1271.885132 1261.960449 1247.465210 1231.106445 1215.245361 1202.709473 1197.377686 1197.780518 1197.980225 1199.933105 1200.584961 1198.683594 1190.004761 1181.529907
0.000000 0.000000 0.000000 0.000000 0.000000 0.000000 0.000000 0.000000 0.000000 0.000000 0.000000 0.000000 0.000000 0.000000 0.000000 0.000000 0.000000 0.000000 1559.743652 1552.333740 1541.577026 1530.503052 1520.342407 1510.813110 1500.620972 1489.130615 1470.103638 1456.975098 1445.823486 1433.708740 1419.635376 1406.937012 1394.654175 1386.981445 1380.278320 1369.649414 1359.729614 1348.162231 1334.677856 1319.915649 1308.239014 1293.982788 1280.397217 1269.361694 1257.936768 1238.971191 1223.543335 1212.750488 1202.784912 1200.934937 1201.183594 1201.063599 1201.163208 1198.007690 1190.556152 1180.556274
0.000000 0.000000 0.000000 0.000000 0.000000 0.000000 0.000000 0.000000 0.000000 0.000000 0.000000 0.000000 0.000000 0.000000 0.000000 0.000000 0.000000 0.000000 0.000000 1554.700073 1546.278076 1536.010742 1525.898315 1515.992188 1505.460571 1493.775391 1475.039673 1460.207153 1447.684692 1437.311646 1425.934814 1414.057007 1403.164673 1393.276245 1384.886841 1375.695435 1363.178711 1352.442017 1340.259644 1326.698120 1315.257813 1301.794189 1287.502319 1275.592529 1263.981689 1245.619629 1231.126099 1220.420044 1210.646851 1207.387207 1205.491699 1203.210449 1200.449097 1195.941772 1189.751953 1178.424561
0.000000 0.000000 0.000000 0.000000 0.000000 0.000000 0.000000 0.000000 0.000000 0.000000 0.000000 0.000000 0.000000 0.000000 0.000000 0.000000 0.000000 0.000000 0.000000 0.000000 1550.282471 1541.823853 1531.851685 1521.293579 1510.181519 1498.359131 1480.889648 1466.084961 1452.079590 1440.189453 1430.290894 1419.354980 1408.929443 1398.913208 1389.118774 1379.575562 1365.304932 1355.065552 1343.935059 1332.430298 1319.088623 1307.572998 1293.408813 1281.720581 1269.709229 1256.653564 1240.561768 1228.886841 1218.265259 1213.221069 1209.323242 1205.308472 1200.072021 1193.566528 1187.146362 1176.718506
