WMS/Older_experiments/4p3_experimenting_w_grid_all.ele
north: 2318504.859596
south: 2308404.859596
east: 761301.588766
west: 750401.588766
rows: 101
cols: 109
[rows 52 to 77 of 101, columns 0 to 56 of 109]
0.000000 0.000000 0.000000 0.000000 0.000000 0.000000 0.000000 0.000000 0.000000 0.000000 1281.267822 1220.209961 1152.754028 1082.410522 1024.167847 963.833252 821.983215 753.144226 780.327209 829.565430 898.691650 909.140869 787.145264 744.295898 793.125366 749.360229 728.050171 696.504578 777.435974 789.559937 776.033752 775.866089 798.948120 792.944214 850.835999 915.117371 1041.869019 1135.634155 1208.964966 1129.624878 1107.136841 1145.229004 1060.152954 979.529602 883.525452 822.356812 727.207703 587.842041 437.318817 401.328125 394.143982 369.750458 362.603577 334.826080 467.824493 455.859650 456.738159
0.000000 0.000000 0.000000 0.000000 0.000000 0.000000 0.000000 0.000000 0.000000 1404.318359 1304.692383 1230.763184 1166.450439 1032.774414 1007.091675 962.216003 855.153809 804.407227 829.055481 923.341187 959.448059 816.109497 826.642090 872.727295 839.723450 842.597229 785.223755 745.209717 785.506775 796.512756 808.010925 822.625916 844.656433 911.417358 970.719299 1050.204346 1141.563232 1218.960938 1169.187744 1150.053589 1175.132690 1093.992310 1006.111328 931.473755 834.845886 709.446960 645.038330 512.744568 379.656128 471.173492 501.384491 453.351715 462.331848 540.044983 544.060974 570.106201 570.631531
0.000000 0.000000 0.000000 0.000000 0.000000 0.000000 0.000000 0.000000 0.000000 0.000000 1364.070801 1255.373169 1204.959717 1132.083130 1069.463013 1010.748535 909.793457 848.095947 942.355347 1003.861511 1072.513672 999.732788 834.476318 947.518677 1005.908325 1038.227539 992.237610 934.194946 919.590210 923.332947 930.916565 976.094727 1011.788147 1065.282837 1140.532593 1178.051880 1249.387451 1203.941772 1208.681396 1231.265503 1133.750244 1009.448059 918.542542 878.071045 776.708130 613.539368 543.708740 413.621155 561.324829 618.454529 612.902649 608.639709 610.489197 655.423035 627.379456 661.952332 669.281799
0.000000 0.000000 0.000000 0.000000 0.000000 0.000000 0.000000 0.000000 0.000000 0.000000 1453.106323 1380.144409 1303.679321 1232.666992 1168.293335 1111.034302 1054.141724 1017.975464 1104.386230 1189.959839 1257.760132 1034.703003 963.356812 1120.651001 1187.898560 1159.595093 1120.526978 1081.365112 1058.804688 1133.872314 1140.669189 1165.672363 1176.774658 1216.353516 1255.671753 1301.294556 1273.746582 1253.447632 1278.790161 1213.592651 1113.583252 984.865173 877.637085 804.394226 659.964661 509.585602 410.375061 549.414856 673.090576 729.468811 708.499207 697.734009 699.649658 723.517456 738.121399 745.728577 661.773254
0.000000 0.000000 0.000000 0.000000 0.000000 0.000000 0.000000 0.000000 0.000000 0.000000 0.000000 1462.932983 1409.585205 1345.951660 1276.383423 1238.215454 1217.862305 1235.362061 1276.327026 1267.729370 1279.276123 1139.068359 1191.039307 1228.823364 1301.719971 1325.561523 1287.426636 1252.947021 1238.504150 1280.642944 1274.526733 1302.243652 1326.987671 1330.720337 1351.511230 1316.702515 1310.559692 1345.942749 1293.635620 1222.826904 1105.659180 982.966003 829.964966 791.634705 704.610718 517.645630 596.672119 678.484131 774.652405 820.556641 793.373718 773.681641 780.913025 811.543823 775.834229 699.166687 663.192322
0.000000 0.000000 0.000000 0.000000 0.000000 0.000000 0.000000 0.000000 0.000000 0.000000 0.000000 0.000000 1535.980835 1440.680908 1395.324219 1368.366211 1365.019409 1392.041992 1429.829346 1460.670776 1353.817993 1303.437256 1355.471924 1376.844238 1429.642822 1410.036377 1408.556396 1419.728516 1408.776978 1390.324829 1380.451782 1405.147095 1428.381714 1444.070923 1375.687378 1322.206299 1374.738037 1312.450806 1243.689819 1211.378418 1098.385132 1003.777100 888.145996 815.046997 789.697876 703.138550 727.024170 817.817017 853.186951 898.122192 894.071289 886.038574 891.163330 823.349365 753.894470 741.266113 743.160583
0.000000 0.000000 0.000000 0.000000 0.000000 0.000000 0.000000 0.000000 0.000000 0.000000 0.000000 0.000000 0.000000 1571.957764 1559.205933 1534.354370 1491.658325 1528.376343 1574.678223 1538.046509 1501.686646 1479.577637 1496.669312 1520.392090 1546.104858 1497.768921 1491.138428 1531.681763 1502.887817 1494.487183 1490.390503 1504.207031 1487.104858 1428.046875 1345.687500 1395.617920 1366.959106 1295.523438 1284.769165 1251.662109 1132.426758 1025.772705 983.033569 935.049500 887.084839 793.468445 828.187073 906.685059 935.034546 977.385132 974.610352 939.324951 850.069763 787.389709 808.575134 834.426880 807.964966
0.000000 0.000000 0.000000 0.000000 0.000000 0.000000 0.000000 0.000000 0.000000 0.000000 0.000000 0.000000 0.000000 0.000000 0.000000 1675.951660 1616.029541 1636.747437 1639.162109 1625.580566 1614.377441 1597.379272 1586.438843 1600.161377 1632.344482 1588.366211 1577.993652 1598.865356 1578.960938 1562.637695 1554.910156 1533.742920 1460.570679 1393.905518 1413.848999 1430.420410 1354.505249 1345.528198 1312.047729 1232.834717 1153.784180 1128.056519 1082.867432 1037.962158 974.405334 880.888000 918.311951 987.075378 1029.911255 1058.760986 1019.063721 928.734985 843.653442 856.648865 887.802246 872.171448 783.470459
0.000000 0.000000 0.000000 0.000000 0.000000 0.000000 0.000000 0.000000 0.000000 0.000000 0.000000 0.000000 0.000000 0.000000 0.000000 0.000000 1719.969727 1718.445190 1706.819336 1705.067139 1661.842407 1616.288330 1632.527344 1653.333252 1635.125000 1573.746948 1504.271484 1461.476929 1464.373901 1443.192871 1452.653564 1474.350342 1454.551880 1448.627808 1425.582031 1370.631470 1391.140747 1362.881592 1290.417358 1216.850586 1205.012939 1223.874023 1196.332397 1127.119873 1052.968262 1014.809998 1033.860840 1078.184937 1111.180664 1096.276611 1018.332642 952.829773 935.685486 950.116577 919.723816 833.459351 743.455444
0.000000 0.000000 0.000000 0.000000 0.000000 0.000000 0.000000 0.000000 0.000000 0.000000 0.000000 0.000000 0.000000 0.000000 0.000000 0.000000 0.000000 0.000000 1720.754639 1714.213501 1673.896606 1623.378418 1657.686401 1648.021362 1564.328857 1450.851440 1351.628418 1310.401611 1312.810913 1310.768433 1301.445068 1320.226196 1362.477051 1360.020752 1261.771973 1265.799072 1299.912231 1304.223877 1278.995361 1264.356201 1259.209961 1282.027100 1277.604248 1212.234253 1115.161377 1006.805603 979.531006 1006.181458 1080.394287 1109.637451 1042.544678 999.264648 1021.612366 952.256531 877.202942 818.491699 767.413025
0.000000 0.000000 0.000000 0.000000 0.000000 0.000000 0.000000 0.000000 0.000000 0.000000 0.000000 0.000000 0.000000 0.000000 0.000000 0.000000 0.000000 0.000000 1727.693481 1714.146851 1653.111084 1663.922852 1588.251221 1531.239990 1459.913940 1358.986938 1205.113770 1160.697998 1144.595093 1139.562134 1140.786255 1152.647583 1204.860962 1241.738525 1148.932495 1198.597778 1213.796509 1200.591797 1202.915405 1215.263184 1290.156494 1300.285522 1278.019775 1192.770386 1054.971191 912.172668 866.583862 910.592590 1006.739258 1069.774414 1097.189697 1083.764526 1020.745483 937.493530 859.412964 852.052612 793.022766
0.000000 0.000000 0.000000 0.000000 0.000000 0.000000 0.000000 0.000000 0.000000 0.000000 0.000000 0.000000 0.000000 0.000000 0.000000 0.000000 0.000000 0.000000 1734.140747 1714.556152 1653.826050 1575.470093 1453.638794 1363.994995 1307.348999 1196.553223 1045.066406 1004.095703 989.180603 973.897644 971.909729 990.442871 1036.857422 1075.628662 1035.424438 1108.466187 1087.265991 1065.052856 1061.173828 1095.383301 1186.141602 1186.055054 1197.974487 1136.719604 987.456116 809.536133 745.859192 772.559509 890.903748 962.473022 1059.156128 1048.388550 1016.925049 982.605530 939.971558 883.207764 878.893494
0.000000 0.000000 0.000000 0.000000 0.000000 0.000000 0.000000 0.000000 0.000000 0.000000 0.000000 0.000000 0.000000 0.000000 0.000000 0.000000 1729.405884 1674.615112 1627.170776 1613.278931 1616.522095 1497.192261 1389.134888 1272.248779 1184.916870 991.590576 904.661072 855.478027 838.470642 825.447510 815.213257 821.578247 867.137573 947.532959 945.479431 880.656250 862.880859 852.359924 866.859619 914.154297 1057.664307 1057.416870 1068.343384 1124.233032 1007.661438 844.314087 644.408508 610.761536 777.888794 891.710693 980.389404 938.108398 915.803650 936.559509 893.966248 901.061707 842.819885
0.000000 0.000000 0.000000 0.000000 0.000000 0.000000 0.000000 0.000000 0.000000 0.000000 1721.441406 1714.736816 1703.722900 1698.167480 1683.456421 1686.675537 1642.922852 1573.038574 1508.015869 1478.753418 1562.774292 1472.255493 1326.192627 1170.339111 1022.471436 933.406738 870.684204 865.862793 762.656250 770.273987 710.102661 716.312195 705.408813 785.367371 841.728333 794.770752 683.322937 612.585083 636.510376 687.920166 788.000427 958.109436 972.603271 1069.694214 983.517212 833.404846 661.993286 484.048645 666.176697 832.392761 910.141235 910.284241 822.038818 851.668762 829.262207 822.536621 766.092957
0.000000 0.000000 0.000000 0.000000 0.000000 0.000000 1750.430176 1707.105835 1648.908447 1642.876953 1629.602417 1619.841309 1588.553223 1581.213013 1568.847168 1520.837402 1492.170776 1423.844604 1353.097900 1355.298584 1447.285767 1408.449951 1287.583984 1112.662476 972.033630 874.911926 833.919739 804.118958 722.940186 730.588623 695.116211 687.029724 698.156494 663.993896 665.904114 676.098877 657.569641 656.350403 561.528687 614.333862 630.661743 772.130981 863.648254 942.944824 973.476257 847.904419 708.073181 485.795593 555.479614 748.026855 857.237854 860.459534 793.394409 792.253601 784.522766 712.122314 708.533630
0.000000 0.000000 0.000000 0.000000 1734.543823 1729.878540 1652.399414 1621.603638 1515.550659 1515.306396 1479.779785 1483.077515 1454.847778 1464.381958 1427.099243 1338.848022 1246.739380 1184.736572 1182.314575 1226.484497 1280.275024 1281.134399 1217.734497 1108.840698 1017.285645 942.207397 862.671875 775.403442 699.960754 674.152222 693.024597 641.428467 645.837830 633.441528 632.104309 621.813538 612.624573 597.678406 600.775085 546.093567 635.827209 677.874268 764.718628 864.530334 980.697998 855.981689 695.366394 539.034424 437.099457 615.944031 717.299500 838.455933 800.186462 735.407837 692.620667 662.645569 668.097046
0.000000 0.000000 0.000000 1691.923584 1648.015381 1627.862061 1577.649170 1510.858398 1402.829468 1310.875488 1312.090820 1339.731445 1330.016968 1348.813599 1280.179565 1153.000854 1025.597168 982.813721 1040.188232 1069.290405 1100.405151 1098.920776 1072.850586 1007.480408 955.403748 928.052063 881.165771 817.748108 714.002197 649.601318 634.273071 647.203796 621.939575 603.317810 580.475281 600.736755 571.219055 556.897705 552.931946 549.011169 556.605286 559.034729 674.928345 756.200378 909.751221 886.606018 714.070862 563.858704 394.194946 504.174286 608.269958 743.006165 724.139099 575.284607 562.868530 572.354736 543.627869
0.000000 0.000000 1641.569092 1634.990479 1545.340332 1524.749268 1516.527344 1437.163574 1337.297729 1228.235840 1190.738892 1198.934937 1190.598145 1160.715942 1130.461792 1047.790039 962.948364 883.672302 934.597534 917.458618 990.191040 915.302490 944.649902 927.528320 847.517822 848.391968 798.770874 755.126160 705.156982 674.790466 620.352051 595.546082 616.487732 585.336731 561.158752 542.573181 562.553833 547.016907 531.752563 496.564819 506.525909 553.332153 648.603638 704.799927 816.236450 887.640808 765.599182 608.727661 475.103699 390.146057 497.045441 606.198608 659.942139 588.466309 430.029572 449.084351 481.018951
0.000000 0.000000 1586.832031 1526.197632 1454.097900 1408.114868 1399.875854 1349.248169 1349.860962 1145.364502 1039.984375 1085.092896 1032.449341 1017.499878 1035.116577 947.467773 885.198792 859.650208 815.296204 885.950073 936.361328 861.674683 880.889221 943.289490 845.179688 772.703674 729.137390 727.438660 686.290039 645.968567 633.410339 585.128418 573.342102 594.183716 569.265015 561.878479 508.449219 528.822632 527.494873 519.951721 461.757080 518.679260 580.062866 685.148926 760.087769 803.834229 813.796143 677.769958 541.726135 402.520905 379.756042 511.310303 571.402283 573.950012 464.200043 380.378052 372.967621
0.000000 0.000000 1490.109863 1343.247559 1258.869263 1234.382446 1212.997314 1169.041870 1142.913208 1141.892212 1031.440430 938.553406 863.567566 938.240540 1000.151306 933.417847 846.267944 799.150269 764.869812 822.027588 858.873779 820.103638 845.018921 934.794250 866.431885 788.885559 703.696472 686.293945 672.769775 639.585144 601.044373 612.461487 556.653381 547.979919 544.894165 546.521118 516.009705 480.819305 528.162659 510.447815 438.317657 503.753571 554.269409 659.837646 692.150879 710.574036 720.124207 716.316040 567.650085 435.900757 339.846649 426.531616 490.417694 458.070709 466.322235 432.746765 307.430817
0.000000 1556.738647 1444.300781 1312.418457 1208.348389 1125.168701 1030.269653 1009.474548 966.911316 998.327881 1043.698730 965.158813 879.361206 844.960205 919.790955 926.887512 845.313843 793.394287 743.171692 750.541382 786.054504 755.347473 829.944763 827.534790 823.266602 732.152832 693.703247 639.535645 652.770996 628.471863 600.870483 572.655457 602.790100 560.958069 537.325378 529.350098 505.084015 480.384888 459.342072 492.273041 456.796417 448.083221 521.279724 554.600403 598.434998 525.486511 575.707947 634.905090 573.849548 493.484192 384.754089 311.621979 386.351929 370.871277 381.220886 365.045410 327.746796
0.000000 0.000000 1472.307007 1340.141602 1202.938599 1160.968506 1027.352539 943.170410 911.280396 912.835388 929.541077 968.869507 887.982788 803.290039 871.618530 881.885315 837.102539 780.396545 743.452332 695.496643 723.343811 730.841431 756.889038 754.384583 778.549011 737.497192 668.887634 608.252136 601.886719 610.438782 587.217285 566.573914 568.985840 570.479492 579.744019 555.449524 524.721985 508.330139 486.125305 449.184082 435.151611 412.318756 483.595764 465.508484 444.443298 449.735840 382.476135 490.874420 512.833984 478.395721 452.572205 333.708832 327.703918 316.614166 307.732025 301.467773 264.817291
0.000000 0.000000 1517.087280 1391.411011 1275.399780 1181.705444 1076.396362 1007.716980 944.712402 860.243469 843.693726 867.186523 866.368164 785.404602 818.083130 820.739563 795.238525 760.289551 729.189697 684.159546 693.579773 689.028015 700.199890 693.727539 691.725220 697.780334 660.330505 597.309570 568.093994 586.289307 549.923157 535.971313 546.001770 536.989624 565.084778 548.684509 541.489197 507.695282 502.890564 484.376343 430.604004 398.705902 403.689880 422.294250 417.110809 406.083923 358.091431 336.668488 373.045990 355.131226 365.328339 333.014526 275.175964 273.973267 257.623749 248.459000 258.592163
0.000000 0.000000 0.000000 1419.051514 1320.407593 1198.264404 1085.934082 1013.389221 964.202820 909.841370 868.521545 801.032166 780.853699 770.077087 745.838135 768.186829 727.801575 721.851196 700.206604 696.114868 650.963501 635.968262 647.000427 640.691162 632.732056 630.010376 629.994080 606.745605 551.026550 555.819275 543.976074 508.317688 523.912842 539.360229 544.954773 537.777344 505.978821 500.575470 496.186035 481.786285 478.781464 421.992310 398.116089 371.085571 379.668427 371.462158 350.859589 341.876312 324.439117 315.842896 293.453705 282.841217 270.650879 276.581116 281.547363 271.730560 268.667938
0.000000 0.000000 0.000000 1382.298096 1252.147827 1185.043823 1073.081543 1029.603149 998.274231 931.435242 865.167603 826.758301 791.232178 737.835815 722.408203 704.978333 694.756104 680.293518 653.584045 681.497314 662.275391 618.974792 605.886292 579.984985 573.776855 607.658569 588.776184 588.676575 556.732788 512.895630 503.142365 512.830200 495.627441 516.376221 508.024353 518.282959 495.350372 481.341064 476.437592 476.184235 472.188354 432.311707 431.900940 410.739380 388.481903 367.064453 361.441223 341.771667 308.601166 285.283630 290.740936 290.771881 294.639252 298.267944 327.379730 345.097260 395.639435
0.000000 0.000000 0.000000 1402.002197 1264.497314 1182.596802 1058.411743 990.235168 934.768738 884.113525 857.495728 821.117126 786.437988 752.184631 731.736328 701.507263 658.532959 643.687073 631.542297 608.247009 613.758972 613.111694 600.793579 607.615845 554.955200 577.887207 570.870789 551.870850 533.884277 521.132080 492.185638 470.342346 473.995026 487.085968 499.192444 488.847504 481.907013 475.427979 467.419739 466.346252 460.799011 444.729126 429.378174 405.280670 365.112854 346.115723 313.738892 305.778046 294.479218 340.495819 331.666046 342.359283 350.362885 329.608765 421.570251 490.006683 490.468262
