WMS/Older_experiments/4p3_experimenting_w_grid_all.ele
north: 2318504.859596
south: 2308404.859596
east: 761301.588766
west: 750401.588766
rows: 101
cols: 109
[rows 26 to 51 of 101, columns 0 to 56 of 109]
0.000000 0.000000 0.000000 0.000000 0.000000 0.000000 0.000000 0.000000 0.000000 0.000000 0.000000 0.000000 0.000000 0.000000 0.000000 0.000000 0.000000 0.000000 0.000000 0.000000 0.000000 0.000000 0.000000 0.000000 0.000000 1137.523438 1027.194458 932.014099 857.388733 829.697815 737.626282 661.028381 641.375793 617.697632 594.757690 598.106750 631.232300 657.139709 532.548950 476.174896 425.138245 323.546173 278.020142 282.350281 309.009583 456.705750 577.783142 684.815491 783.688904 826.188293 835.457642 808.774902 725.879272 700.886536 712.488159 674.751282 604.184570
0.000000 0.000000 0.000000 0.000000 0.000000 0.000000 0.000000 0.000000 0.000000 0.000000 0.000000 0.000000 0.000000 0.000000 0.000000 0.000000 0.000000 0.000000 0.000000 0.000000 0.000000 0.000000 0.000000 0.000000 0.000000 1184.074585 1048.410156 980.839172 913.231689 875.417297 855.590332 821.175171 795.453491 771.376892 772.353333 745.030212 684.365295 567.145386 469.147217 370.621796 319.514526 297.114502 331.022675 335.686920 309.536041 412.712921 576.895935 678.557861 785.368225 847.249939 856.810913 815.085449 738.555908 695.604858 655.713257 599.183228 549.027466
0.000000 0.000000 0.000000 0.000000 0.000000 0.000000 0.000000 0.000000 0.000000 0.000000 0.000000 0.000000 0.000000 0.000000 0.000000 0.000000 0.000000 0.000000 0.000000 0.000000 0.000000 0.000000 0.000000 0.000000 0.000000 1151.969360 1050.932251 985.486938 898.911499 958.390564 967.116394 940.963318 904.246643 891.168091 819.590454 715.295288 617.017700 497.869812 378.398743 323.198120 326.412415 380.902252 380.052246 384.350037 396.501740 475.614227 598.728821 704.070557 797.880432 878.336487 855.603088 816.278625 763.491638 720.189148 667.502808 577.895508 498.505798
0.000000 0.000000 0.000000 0.000000 0.000000 0.000000 0.000000 0.000000 0.000000 0.000000 0.000000 0.000000 0.000000 0.000000 0.000000 0.000000 0.000000 0.000000 0.000000 0.000000 0.000000 0.000000 0.000000 0.000000 0.000000 1161.745239 1050.102661 972.406738 945.026917 1018.449341 1048.838501 1013.591858 952.440796 872.296509 782.794861 689.432190 582.610657 474.020874 348.548615 324.651886 394.202972 477.571014 496.789307 482.986725 516.493591 580.968140 664.118591 756.853333 846.313904 884.773132 856.277649 827.692078 786.870300 701.767944 670.646484 631.219849 607.670837
0.000000 0.000000 0.000000 0.000000 0.000000 0.000000 0.000000 0.000000 0.000000 0.000000 0.000000 0.000000 0.000000 0.000000 0.000000 0.000000 0.000000 0.000000 0.000000 0.000000 0.000000 0.000000 0.000000 0.000000 1208.753662 1138.871460 1055.211304 1000.147827 970.806030 1069.930908 1083.018433 1043.921631 951.838562 866.685059 783.836609 695.901245 564.933167 448.076538 355.540710 326.838989 427.245087 527.642578 608.429749 612.900330 645.592590 655.578186 732.047852 815.726074 904.161133 889.274841 870.483337 808.563599 789.223328 740.217224 709.906555 638.848572 607.736755
0.000000 0.000000 0.000000 0.000000 0.000000 0.000000 0.000000 0.000000 0.000000 0.000000 0.000000 0.000000 0.000000 0.000000 0.000000 0.000000 0.000000 0.000000 0.000000 0.000000 0.000000 0.000000 0.000000 0.000000 1210.665771 1165.066040 1103.254272 1047.286133 1011.789551 1051.876587 1091.904175 1023.857971 930.905701 863.718140 769.549438 642.687866 562.029663 426.769745 357.921478 331.726715 414.061279 521.305542 638.668030 713.233521 745.622498 758.709595 807.567810 876.458252 910.511536 881.742554 853.434509 826.265381 794.209045 739.486694 712.711914 694.464050 664.189148
0.000000 0.000000 0.000000 0.000000 0.000000 0.000000 0.000000 0.000000 0.000000 0.000000 0.000000 0.000000 0.000000 0.000000 0.000000 0.000000 0.000000 0.000000 0.000000 0.000000 0.000000 0.000000 0.000000 1286.897827 1267.950684 1191.738037 1155.833008 1099.144897 1026.141357 1071.471802 1071.855347 1016.894348 937.351196 844.979614 739.993164 644.277283 560.142090 429.580200 340.874359 341.207184 385.513489 495.553284 612.722900 712.046509 811.601624 862.729858 879.945068 943.523926 901.937378 874.807739 840.961426 815.400452 792.268921 757.624023 729.235840 694.870117 676.886902
0.000000 0.000000 0.000000 0.000000 0.000000 0.000000 0.000000 0.000000 0.000000 0.000000 0.000000 0.000000 0.000000 0.000000 0.000000 0.000000 0.000000 0.000000 0.000000 0.000000 0.000000 0.000000 0.000000 1301.996826 1286.393677 1194.026001 1124.499268 1067.835815 1035.469727 1110.469116 1072.220947 983.398010 892.328430 803.369385 705.332458 631.802673 545.298279 431.545563 350.853516 389.118195 437.424103 469.223083 593.339111 696.098877 802.345642 892.982300 923.476990 860.611267 814.990662 775.228210 766.408875 747.708008 696.642273 685.175537 648.953308 624.333557 600.875427
0.000000 0.000000 0.000000 0.000000 0.000000 0.000000 0.000000 0.000000 0.000000 0.000000 0.000000 0.000000 0.000000 0.000000 0.000000 0.000000 0.000000 0.000000 0.000000 0.000000 1369.731567 1322.743042 1306.225708 1267.514404 1200.897583 1182.792847 1130.765503 1066.579346 1073.941284 1126.842285 1048.036743 948.255127 838.302307 748.541138 685.674377 582.788208 533.837036 442.440521 342.511139 397.588684 434.036377 520.739197 601.915405 700.223694 800.184143 890.181763 866.240540 770.571106 727.807739 685.000366 646.904663 654.504883 626.916565 597.183105 549.914246 528.511719 500.521484
0.000000 0.000000 0.000000 0.000000 0.000000 0.000000 0.000000 0.000000 0.000000 0.000000 0.000000 0.000000 0.000000 0.000000 0.000000 0.000000 0.000000 0.000000 0.000000 0.000000 0.000000 1312.257446 1266.733521 1240.898804 1193.463989 1135.738647 1113.898315 1049.522339 1123.287842 1064.360229 992.183777 904.843262 823.959595 748.400757 681.820313 583.031189 514.829407 448.305359 358.351807 420.072906 450.096161 523.588745 607.284363 710.007080 807.980164 913.642212 848.471680 758.331726 682.649414 620.532837 583.954346 544.838013 523.227600 506.463501 487.236328 476.370361 442.077942
0.000000 0.000000 0.000000 0.000000 0.000000 0.000000 0.000000 0.000000 0.000000 0.000000 0.000000 0.000000 0.000000 0.000000 0.000000 0.000000 0.000000 0.000000 0.000000 0.000000 1335.679565 1283.874512 1215.611450 1208.184204 1160.745483 1122.308960 1132.458374 1120.464844 1056.126465 983.286377 912.423889 850.786072 803.490356 719.913208 659.301880 562.128052 469.445770 413.847839 373.387604 449.290161 447.425568 551.895935 686.516479 773.651428 853.280090 906.461304 832.806519 800.529297 773.009460 742.729736 705.142456 628.022339 586.533508 578.601807 545.983582 521.836426 520.141418
0.000000 0.000000 0.000000 0.000000 0.000000 0.000000 0.000000 0.000000 0.000000 0.000000 0.000000 0.000000 0.000000 0.000000 0.000000 0.000000 0.000000 0.000000 0.000000 1336.433105 1316.900024 1260.328857 1196.396973 1186.765259 1172.369873 1176.929077 1136.617065 1069.132324 973.193054 884.360901 813.653015 764.018188 704.670593 631.133179 528.918030 485.699890 443.831543 404.634705 372.731537 486.866028 549.925659 637.028076 731.687439 828.644531 888.320618 863.152100 842.722717 891.013245 847.779785 797.752930 686.002075 609.207458 580.927856 568.751953 530.736206 496.291351 518.022583
0.000000 0.000000 0.000000 0.000000 0.000000 0.000000 0.000000 0.000000 0.000000 0.000000 0.000000 0.000000 0.000000 0.000000 0.000000 0.000000 0.000000 0.000000 0.000000 1345.302246 1331.619385 1256.709351 1242.328491 1195.167236 1203.469849 1137.829224 1080.763672 984.781982 890.269714 785.930298 693.914795 632.795166 601.429321 525.085876 476.539215 476.475037 412.512604 418.027466 488.294128 586.724670 649.533264 713.744507 796.217957 876.433655 886.606018 880.787598 923.828064 916.788879 864.274170 781.218506 711.523132 648.757080 620.996582 566.641785 527.319092 476.567871 432.190948
0.000000 0.000000 0.000000 0.000000 0.000000 0.000000 0.000000 0.000000 0.000000 0.000000 0.000000 0.000000 0.000000 0.000000 0.000000 0.000000 0.000000 0.000000 0.000000 1354.770996 1346.474609 1308.717773 1266.375244 1228.076660 1132.296265 1054.863525 1000.220520 897.457825 806.333618 696.709839 604.173157 574.112549 556.571167 537.376343 489.976563 410.843384 391.456848 478.728210 560.234314 668.953857 746.519348 797.598022 825.666016 928.276184 924.009460 969.901184 948.842041 925.662292 849.425842 768.291992 709.367981 748.908264 689.179749 672.138672 637.276123 556.959839 479.531097
0.000000 0.000000 0.000000 0.000000 0.000000 0.000000 0.000000 0.000000 0.000000 0.000000 0.000000 0.000000 0.000000 0.000000 0.000000 0.000000 0.000000 0.000000 0.000000 0.000000 1345.971313 1341.681152 1278.300781 1188.493164 1073.560791 999.141968 886.230286 813.367065 753.073120 661.915161 585.104248 550.792358 530.144104 492.986603 433.428589 467.667694 417.957550 532.820435 581.223450 701.506470 824.445068 871.623108 908.168152 967.847778 986.284729 940.415466 887.045044 834.036133 813.509216 769.839966 798.351135 799.453430 769.105591 742.538879 706.374207 644.088989 591.526367
0.000000 0.000000 0.000000 0.000000 0.000000 0.000000 0.000000 0.000000 0.000000 0.000000 0.000000 0.000000 0.000000 0.000000 0.000000 0.000000 0.000000 0.000000 0.000000 0.000000 1357.524658 1316.387207 1255.159668 1159.261597 1066.310669 930.705872 810.258667 769.632202 691.986450 562.215149 530.010437 547.450195 534.189148 441.782135 465.581146 456.975769 497.088409 531.511536 657.750488 742.432129 848.064575 920.405029 987.503357 1033.181763 1029.916016 967.795837 909.878845 858.513672 863.750122 866.857300 828.587646 772.494629 751.571533 758.484802 760.346619 713.182678 671.687622
0.000000 0.000000 0.000000 0.000000 0.000000 0.000000 0.000000 0.000000 0.000000 0.000000 0.000000 0.000000 0.000000 0.000000 0.000000 0.000000 0.000000 0.000000 0.000000 1375.763794 1315.738403 1271.749023 1195.782715 1118.003540 1012.025879 873.470032 713.152527 674.211792 549.805908 503.573608 492.751923 474.070465 480.400970 479.634186 515.631897 467.448181 512.285339 571.453308 677.257751 772.505676 869.878479 964.911682 1042.251831 1075.139526 1038.211914 995.509521 925.932068 912.628357 879.146057 803.307556 718.047913 653.971069 635.153320 651.816650 695.687805 660.302673 599.924866
0.000000 0.000000 0.000000 0.000000 0.000000 0.000000 0.000000 0.000000 0.000000 0.000000 0.000000 0.000000 0.000000 0.000000 0.000000 0.000000 0.000000 0.000000 0.000000 1338.219116 1247.890015 1165.073975 1075.538086 980.810303 910.339539 788.380310 623.138855 564.758301 534.456299 524.630615 610.331238 561.059082 515.300842 528.050659 536.880859 515.207581 522.817810 644.558899 724.390991 795.421326 901.657837 1013.362854 1075.159546 1049.489746 1022.367371 990.685242 930.465271 860.299011 782.499329 708.485962 597.697510 525.614563 517.508179 512.030334 607.459229 569.101746 494.758728
0.000000 0.000000 0.000000 0.000000 0.000000 0.000000 0.000000 0.000000 0.000000 0.000000 0.000000 0.000000 0.000000 0.000000 0.000000 0.000000 0.000000 0.000000 1349.139893 1257.260620 1174.167847 1042.530884 930.670227 818.540588 713.565125 668.348328 604.842773 554.228882 522.667480 623.088013 672.335083 571.080994 511.079010 586.425293 567.036987 593.766418 567.404724 683.630981 774.734253 848.552429 961.669800 1063.396851 1044.310791 1013.404114 971.355652 924.692688 853.637329 796.651245 697.947571 611.822937 533.305786 455.695831 383.492004 389.091766 477.724701 454.967712 394.690918
0.000000 0.000000 0.000000 0.000000 0.000000 0.000000 0.000000 0.000000 0.000000 0.000000 0.000000 0.000000 0.000000 0.000000 0.000000 1417.219849 1351.932861 1315.994629 1317.691895 1206.448364 1091.365356 1014.137634 938.759216 813.784485 739.073547 646.773315 593.295654 523.189941 595.784790 616.622437 682.058533 596.458618 538.154053 611.910706 646.970032 629.503296 594.015198 744.761719 805.832214 917.565979 1022.879333 1018.933228 977.240479 934.674255 886.959167 833.571899 765.478516 710.588501 626.656311 525.751648 417.441986 471.017883 550.652527 479.546875 407.913025 372.030975 361.470245
0.000000 0.000000 0.000000 0.000000 0.000000 0.000000 0.000000 0.000000 0.000000 0.000000 0.000000 0.000000 0.000000 0.000000 1403.607666 1329.292114 1231.797119 1155.979736 1211.422607 1151.922363 1020.385010 972.107910 932.106262 828.775635 732.939819 605.365051 545.983704 595.226929 653.510315 706.563293 730.054077 638.321411 552.271606 656.964905 709.693237 632.236755 666.621399 785.997314 873.481201 990.030518 1033.022705 909.134766 828.398132 824.848633 791.021973 706.782654 656.190430 614.912231 518.807007 454.613831 530.413696 578.179932 636.749207 568.509583 492.695557 444.490204 469.517944
0.000000 0.000000 0.000000 0.000000 0.000000 0.000000 0.000000 0.000000 0.000000 0.000000 0.000000 0.000000 0.000000 0.000000 1341.515015 1248.953613 1148.876465 1051.721069 1103.063965 1068.360718 978.101868 884.467896 877.967651 773.157654 615.664734 615.471619 593.346924 642.124573 638.250305 707.792542 746.454590 690.732666 606.583862 629.393127 701.966919 619.500061 727.258484 838.177795 951.233826 1053.351807 999.393555 823.427551 757.198547 689.205811 710.863831 628.363281 523.561279 487.088501 534.736877 569.069214 611.430786 671.419678 704.577698 647.762695 584.364441 563.178406 555.900879
0.000000 0.000000 0.000000 0.000000 0.000000 0.000000 0.000000 0.000000 0.000000 0.000000 0.000000 0.000000 1383.382080 1336.005615 1256.357422 1168.090210 1062.596436 945.099670 911.704468 871.169250 915.795776 814.653442 784.530518 666.840942 577.662476 630.731873 610.481628 702.510132 615.787903 681.910767 757.284668 687.489136 603.492493 671.995544 672.559204 699.560852 791.640808 900.546692 1020.006653 1080.358765 972.332397 863.126892 764.517395 699.565918 635.234680 540.539246 559.330872 617.307007 646.193726 665.289124 708.771301 749.725891 752.029175 712.976257 668.774841 588.698242 500.644287
0.000000 0.000000 0.000000 0.000000 0.000000 0.000000 0.000000 0.000000 0.000000 0.000000 0.000000 1367.151367 1263.091187 1232.742798 1176.019043 1075.143677 949.396545 823.279480 713.478516 710.106628 689.885071 697.457153 637.657959 592.762878 674.559326 636.185608 632.400391 751.132813 731.337891 734.423767 768.136353 715.817688 608.950684 705.533020 723.513489 715.826660 797.272034 929.389343 1066.512207 1061.440918 956.601257 920.031189 842.837036 743.708801 686.908020 690.995789 708.084961 753.784851 762.808716 770.538269 771.633850 736.058838 679.017822 626.409180 628.523560 542.411011 474.057800
0.000000 0.000000 0.000000 0.000000 0.000000 0.000000 0.000000 0.000000 0.000000 0.000000 1405.247925 1304.141357 1173.264648 1113.334839 1037.771118 951.514404 888.468933 764.381226 745.256287 707.995544 682.593140 650.046570 668.680359 699.954041 684.181641 660.308960 646.218323 758.519409 767.687012 764.340881 770.596985 754.402222 635.236694 751.912415 742.538391 759.329590 857.060181 976.809143 1106.025513 1085.859375 970.704102 1003.392273 990.045044 875.419006 815.677795 811.921021 816.551758 763.964539 708.317688 671.686340 677.068420 637.160095 595.565613 517.618896 508.681213 501.367828 376.868408
0.000000 0.000000 0.000000 0.000000 0.000000 0.000000 0.000000 0.000000 0.000000 0.000000 1363.182129 1244.263306 1159.258057 1080.862183 989.501221 987.409912 944.078430 778.531189 703.378357 743.367126 771.576294 794.109619 765.887756 738.116760 682.994690 738.684326 657.230103 755.654297 778.638672 777.142090 775.723389 689.369812 711.190796 789.247559 793.382019 811.691833 924.088318 1051.442505 1168.723999 1104.603882 1008.563721 1089.469971 1070.046875 1004.458740 946.470581 887.395081 798.297791 689.528198 569.967529 532.465637 534.673279 523.902710 491.721619 428.487061 351.159821 330.615845 319.882538
