NEW_versions/S_Waiehu/Scripts/Results/S_Waiehu_50m/MaxFloodMaps/S_Waiehu_50m_1.4.asc
NCOLS 296
NROWS 126
XLLCENTER 753498.390000
YLLCENTER 2312278.410000
CELLSIZE 25.000000
NODATA_value -99999.000000
[rows 38 to 75 of 126, columns 168 to 251 of 296]
0.21 0.06 0.09 0.10 0.07 0.05 0.04 0.03 0.03 0.02 0.02 0.02 0.02 0.02 0.02 0.02 0.02 0.02 0.02 0.02 0.02 0.02 0.01 0.01 0.01 0.01 0.01 0.03 0.02 0.01 0.01 0.01 0.02 0.03 0.01 0.01 0.01 0.02 0.07 0.09 0.05 0.03 0.03 0.02 0.01 0.01 1.99 0.01 0.05 0.01 0.01 0.01 0.02 0.02 0.03 0.02 3.16 3.05 0.01 0.01 0.01 0.01 0.03 0.02 0.04 0.06 0.08 0.22 0.25 0.17 0.11 0.09 0.08 0.07 0.05 0.03 0.04 0.28 0.39 0.49 0.31 0.20 0.02 0.02
0.03 0.08 0.07 0.02 0.02 0.02 0.02 0.02 0.02 0.02 0.02 0.01 0.02 0.02 0.01 0.01 0.01 0.02 0.02 0.01 0.01 0.02 0.02 0.02 0.01 0.01 0.05 0.03 0.02 0.01 0.01 0.01 0.02 0.03 0.01 0.01 0.01 0.02 0.02 0.01 0.01 0.02 0.02 0.02 0.02 2.20 1.88 0.01 0.03 0.01 0.02 0.03 0.04 0.04 1.29 2.91 2.99 0.01 0.01 0.01 0.01 0.01 0.02 0.03 0.04 0.11 0.28 0.14 0.09 0.05 0.11 0.07 0.09 0.07 0.07 0.32 0.59 0.54 0.01 0.02 0.03 0.13 0.08 0.03
0.01 0.01 0.01 0.01 0.01 0.02 0.02 0.02 0.02 0.02 0.02 0.02 0.02 0.02 0.01 0.01 0.01 0.01 0.01 0.01 0.01 0.02 0.04 0.01 0.01 0.02 0.10 0.01 0.00 0.01 0.01 0.01 0.03 0.02 0.01 0.01 0.02 0.02 0.01 0.02 0.02 0.02 0.03 2.12 2.12 2.14 0.01 0.01 0.02 0.01 0.01 0.01 0.01 0.13 2.98 2.63 0.01 0.01 0.01 0.01 0.01 0.01 0.01 0.04 0.05 0.05 0.03 0.02 0.02 0.01 0.01 0.03 0.17 0.27 0.29 0.30 0.01 0.01 0.01 0.01 0.05 0.11 0.06 0.10
0.02 0.02 0.02 0.01 0.02 0.03 0.03 0.03 0.02 0.02 0.01 0.01 0.01 0.01 0.01 0.01 0.01 0.01 0.01 0.01 0.01 0.02 0.04 0.02 0.02 0.02 0.02 0.01 0.01 0.01 0.01 0.01 0.01 0.01 0.01 0.02 0.02 0.02 0.02 0.02 2.51 1.86 2.86 2.41 0.01 0.01 0.01 0.02 0.02 0.02 0.02 0.02 0.05 0.22 3.46 0.02 0.01 0.01 0.01 0.02 0.02 0.02 0.01 0.03 0.09 0.01 0.02 0.01 0.01 0.01 0.03 0.04 0.11 0.12 0.03 0.01 0.01 0.06 0.04 0.04 0.18 0.16 0.24 0.23
0.02 0.03 0.02 0.02 0.02 0.01 0.02 0.02 0.03 0.02 0.02 0.01 0.01 0.01 0.01 0.02 0.01 0.01 0.01 0.01 0.01 0.02 0.02 0.02 0.02 0.04 0.04 0.03 0.03 0.02 0.04 0.02 0.02 0.02 0.02 0.03 0.02 0.02 0.02 3.09 2.86 0.24 0.01 0.01 0.01 0.01 0.01 0.02 0.02 0.02 0.02 0.03 0.08 0.32 2.50 0.01 0.01 0.01 0.01 0.01 0.01 0.02 0.02 0.02 0.08 0.01 0.01 0.01 0.01 0.03 0.02 0.02 0.19 0.01 0.01 0.02 0.02 0.05 0.17 0.28 0.27 0.20 0.17 0.19
0.01 0.02 0.02 0.02 0.02 0.02 0.01 0.01 0.02 0.02 0.02 0.01 0.01 0.02 0.02 0.02 0.02 0.02 0.02 0.02 0.02 0.02 0.03 0.03 0.03 0.03 0.03 0.03 0.03 0.03 0.03 0.02 0.02 0.03 0.03 0.04 0.03 0.03 3.38 3.26 0.02 0.01 0.01 0.01 0.01 0.02 0.01 0.01 0.02 0.02 0.03 0.05 0.11 0.77 2.03 0.01 0.01 0.02 0.01 0.01 0.02 0.01 0.01 0.03 0.04 0.05 0.02 0.03 0.07 0.05 0.03 0.01 0.20 0.01 0.01 0.02 0.02 0.06 0.17 0.20 0.19 0.17 0.12 0.18
0.01 0.01 0.02 0.02 0.03 0.02 0.01 0.01 0.01 0.02 0.02 0.02 0.02 0.02 0.02 0.02 0.02 0.02 0.02 0.02 0.04 0.04 0.05 0.05 0.03 0.04 0.07 0.06 0.05 0.04 0.03 0.03 0.03 0.04 0.04 0.05 1.17 2.05 3.47 0.02 0.01 0.01 0.01 0.01 0.02 0.01 0.01 0.02 0.02 0.03 0.05 0.05 0.23 0.97 2.44 0.01 0.01 0.02 0.03 0.04 0.05 0.07 0.08 0.07 0.06 0.12 0.10 0.09 0.06 0.07 0.05 0.03 0.19 0.15 0.14 0.16 0.14 0.10 0.22 0.21 0.15 0.12 0.11 0.20
0.02 0.02 0.02 0.02 0.03 0.03 0.01 0.01 0.01 0.01 0.02 0.02 0.02 0.02 0.02 0.02 0.02 0.02 0.03 0.05 0.07 0.03 0.05 0.05 0.04 0.05 0.03 0.04 0.05 0.05 0.04 0.03 0.03 0.03 0.05 2.53 2.04 1.47 0.02 0.01 0.01 0.01 0.01 0.01 0.01 0.02 0.02 0.02 0.03 0.07 0.07 0.04 0.31 2.47 2.07 0.01 0.01 0.01 0.01 0.02 0.02 0.02 0.03 0.03 0.02 0.04 0.04 0.02 0.06 0.07 0.06 0.03 0.26 0.06 0.04 0.03 0.49 0.52 0.36 0.18 0.16 0.13 0.12 0.36
0.01 0.02 0.02 0.02 0.03 0.05 0.01 0.01 0.01 0.02 0.02 0.02 0.02 0.03 0.02 0.03 0.03 0.02 0.03 0.03 0.02 0.04 0.07 0.07 0.06 0.06 0.04 0.04 0.05 0.05 0.05 0.04 0.04 0.03 0.02 2.55 0.02 0.01 0.01 0.01 0.01 0.01 0.01 0.01 0.01 0.02 0.02 0.04 0.06 0.05 0.06 0.05 0.59 2.99 0.01 0.01 0.01 0.01 0.01 0.02 0.02 0.02 0.03 0.02 0.02 0.01 0.01 0.01 0.01 0.01 0.03 0.05 0.27 0.01 0.01 0.12 0.47 0.09 0.08 0.05 0.09 0.10 0.09 0.84
0.02 0.02 0.02 0.04 0.04 0.06 0.04 0.01 0.01 0.02 0.02 0.02 0.02 0.02 0.03 0.03 0.04 0.04 0.04 0.04 0.04 0.03 0.02 0.04 0.05 0.06 0.05 0.06 0.06 0.08 0.07 0.95 1.84 2.47 2.48 2.50 0.02 0.01 0.01 0.00 0.01 0.01 0.01 0.01 0.02 0.02 0.02 0.03 0.02 0.02 0.05 0.40 0.93 3.22 0.01 0.01 0.01 0.01 0.02 0.03 0.02 0.03 0.02 0.03 0.03 0.03 0.02 0.02 0.03 0.07 0.10 0.09 0.19 0.10 0.14 0.22 0.36 0.10 0.06 0.06 0.09 0.14 0.10 1.00
0.02 0.02 0.02 0.04 0.03 0.06 0.03 0.01 0.01 0.02 0.02 0.02 0.03 0.03 0.03 0.03 0.03 0.03 0.05 0.00 0.00 0.01 0.01 0.02 0.03 0.04 0.05 0.06 0.06 1.15 1.83 1.83 1.05 0.95 0.01 0.01 0.01 0.01 0.01 0.01 0.01 0.01 0.01 0.01 0.02 0.02 0.02 0.02 0.05 0.06 0.07 0.20 1.88 1.70 0.01 0.01 0.01 0.02 0.02 0.02 0.02 0.02 0.02 0.05 0.05 0.16 0.13 0.14 0.15 0.11 0.09 0.05 0.05 0.20 0.10 0.19 0.20 0.26 0.18 0.07 0.22 0.17 1.07 1.05
0.02 0.02 0.02 0.03 0.03 0.05 0.05 0.01 0.01 0.02 0.02 0.02 0.03 0.04 0.05 0.04 0.04 0.06 0.11 0.11 0.01 0.01 0.01 0.02 0.03 0.04 1.01 1.37 1.75 1.82 1.27 0.16 0.01 0.01 0.01 0.01 0.01 0.01 0.01 0.01 0.01 0.02 0.02 0.02 0.02 0.03 0.05 0.05 0.05 0.04 0.03 0.76 2.71 0.87 0.01 0.01 0.01 0.01 0.02 0.02 0.02 0.04 0.05 0.04 0.04 0.11 0.01 0.01 0.01 0.01 0.04 0.07 0.08 0.07 0.04 0.33 0.20 0.28 0.36 0.29 0.34 0.72 1.04 0.38
0.02 0.02 0.03 0.02 0.03 0.05 0.07 0.02 0.01 0.01 0.02 0.03 0.02 0.02 0.03 0.03 0.03 0.03 0.01 0.06 0.04 0.03 0.03 0.03 0.03 1.24 1.57 1.31 1.02 0.57 0.33 0.01 0.01 0.01 0.01 0.00 0.01 0.01 0.01 0.01 0.02 0.02 0.02 0.02 0.02 0.04 0.04 0.03 0.04 0.06 3.88 3.60 3.24 0.01 0.01 0.01 0.02 0.03 0.03 0.02 0.03 0.03 0.03 0.03 0.02 0.05 0.01 0.01 0.03 0.07 0.06 0.03 0.06 0.03 0.02 0.32 0.24 0.21 0.23 0.75 0.50 0.85 0.31 0.09
0.03 0.04 0.05 0.02 0.02 0.04 0.12 0.02 0.01 0.01 0.02 0.03 0.01 0.02 0.03 0.03 0.05 0.01 0.01 0.04 0.05 0.05 0.04 0.04 2.31 2.04 1.69 0.62 0.31 0.02 0.02 0.01 0.01 0.00 0.01 0.01 0.00 0.01 0.01 0.02 0.02 0.02 0.03 0.04 0.04 0.03 0.03 0.03 0.02 0.04 4.10 1.07 0.02 0.01 0.01 0.01 0.01 0.02 0.03 0.03 0.03 0.02 0.02 0.01 0.01 0.02 0.07 0.07 0.07 0.04 0.03 0.03 0.04 0.19 0.50 0.56 0.18 0.11 0.23 0.72 0.44 0.29 0.11 0.19
1.83 1.94 2.11 2.72 0.01 0.04 0.12 0.03 0.01 0.01 0.01 0.04 0.04 0.01 0.02 0.03 0.78 0.40 0.35 1.14 1.42 1.45 1.90 2.60 2.44 0.73 0.02 0.02 0.01 0.02 0.01 0.00 0.00 0.01 0.03 0.02 0.01 0.01 0.01 0.02 0.02 0.02 0.03 0.05 0.04 0.03 0.02 0.04 0.04 3.24 2.68 0.02 0.01 0.01 0.01 0.01 0.01 0.02 0.03 0.04 0.04 0.04 0.04 0.03 0.04 0.04 0.05 0.01 0.01 0.01 0.01 0.02 0.03 0.52 0.53 0.25 0.01 0.12 0.32 0.81 0.03 0.02 0.03 0.02
1.33 0.01 0.02 2.51 2.12 2.66 2.29 1.22 2.10 2.06 1.93 1.40 1.93 1.61 2.38 2.22 1.33 1.90 1.80 1.66 1.20 0.67 0.47 0.26 0.17 0.13 0.01 0.01 0.01 0.00 0.00 0.01 0.01 0.02 0.04 0.02 0.01 0.02 0.02 0.02 0.03 0.03 0.04 0.02 0.03 0.03 0.03 0.04 3.75 3.61 0.55 0.01 0.01 0.01 0.01 0.01 0.04 0.05 0.06 0.07 0.07 0.06 0.06 0.06 0.04 0.03 0.10 0.01 0.01 0.02 0.02 0.02 0.07 0.55 0.01 0.23 0.01 0.21 0.51 0.52 0.02 0.03 0.01 0.02
0.02 0.02 0.04 0.03 0.03 0.01 0.02 1.34 1.44 0.03 0.04 0.07 0.01 0.02 0.02 0.02 0.02 0.02 0.02 0.02 0.03 0.01 0.01 0.01 0.01 0.01 0.01 0.01 0.01 0.01 0.02 0.02 0.01 0.02 0.03 0.02 0.02 0.02 0.02 0.02 0.03 0.04 0.04 0.05 0.02 0.03 0.04 3.07 3.86 2.32 0.02 0.01 0.01 0.01 0.02 0.03 0.04 0.03 0.02 0.02 0.03 0.04 0.03 0.04 0.03 0.03 0.07 0.01 0.02 0.02 0.02 0.02 0.11 0.54 0.01 0.80 0.84 0.49 0.57 0.39 0.03 0.03 0.01 0.03
0.01 0.02 0.02 0.02 0.01 0.02 0.02 0.02 0.02 0.04 0.02 0.02 0.02 0.02 0.02 0.02 0.02 0.01 0.02 0.02 0.01 0.01 0.01 0.01 0.01 0.01 0.02 0.02 0.01 0.02 0.02 0.02 0.02 0.02 0.03 0.02 0.23 0.23 0.01 0.02 0.02 0.03 0.05 0.05 0.03 0.02 0.03 2.71 0.03 0.01 0.01 0.01 0.01 0.02 0.02 0.02 0.02 0.02 0.03 0.02 0.03 0.04 0.04 0.03 0.03 0.06 0.18 0.18 0.01 0.01 0.02 0.03 0.13 0.33 0.59 0.83 0.86 0.50 0.21 0.14 0.02 0.03 0.01 0.03
0.01 0.01 0.01 0.01 0.01 0.01 0.02 0.02 0.02 0.03 0.04 0.02 0.01 0.01 0.02 0.01 0.01 0.01 0.01 0.01 0.01 0.01 0.01 0.01 0.01 0.01 0.02 0.02 0.02 0.00 0.00 0.02 0.02 0.03 0.03 0.32 0.20 0.19 0.13 0.09 0.08 0.10 0.07 0.07 0.06 0.05 0.04 3.11 0.02 0.01 0.01 0.01 0.01 0.02 0.01 0.01 0.01 0.02 0.02 0.03 0.03 0.04 0.05 0.04 0.10 0.13 0.08 0.19 0.08 0.07 0.05 0.65 0.31 0.21 0.72 0.76 0.75 0.07 0.01 0.02 0.02 0.01 0.02 0.04
0.01 0.01 0.01 0.01 0.01 0.01 0.01 0.01 0.02 0.03 0.02 0.02 0.01 0.01 0.01 0.01 0.01 0.01 0.01 0.01 0.01 0.01 0.04 0.03 0.06 0.09 0.12 0.10 0.19 0.03 0.04 0.01 0.00 0.02 0.02 0.33 0.01 0.07 0.12 0.13 0.11 0.10 0.08 0.14 0.45 0.49 2.66 2.19 0.01 0.01 0.01 0.01 0.01 0.03 0.02 0.02 0.02 0.02 0.03 0.03 0.03 0.08 0.10 0.09 0.33 0.01 0.01 0.04 0.06 0.09 0.42 0.75 0.21 0.17 0.16 0.17 0.40 0.15 0.15 0.01 0.02 0.01 0.02 0.05
0.01 0.01 0.00 0.01 0.01 0.00 0.01 0.01 0.01 0.02 0.01 0.01 0.01 0.01 0.02 0.02 0.02 0.02 0.01 0.02 0.02 0.05 0.06 0.10 0.11 0.08 0.07 0.25 0.17 0.11 0.06 0.07 0.21 0.49 0.46 0.33 0.13 0.08 0.07 0.06 0.09 0.07 0.12 1.77 2.61 2.63 2.64 0.01 0.01 0.01 0.01 0.01 0.02 0.02 0.02 0.02 0.02 0.03 0.03 0.09 0.13 0.11 0.06 0.11 0.47 0.01 0.01 0.02 0.05 0.62 0.81 0.68 0.63 0.31 0.12 0.10 0.17 0.13 0.15 0.09 0.02 0.01 0.01 0.09
0.01 0.01 0.01 0.02 0.02 0.01 0.01 0.01 0.01 0.01 0.01 0.01 0.02 0.02 0.02 0.04 0.05 0.05 0.06 0.09 0.09 0.07 0.06 0.05 0.05 0.04 0.03 0.04 0.01 0.01 0.02 0.08 0.01 0.01 0.02 0.07 0.11 0.09 0.07 0.07 0.08 0.11 3.30 2.93 2.78 0.43 0.03 0.02 0.01 0.01 0.01 0.01 0.02 0.02 0.02 0.03 0.03 0.05 0.05 0.07 0.09 0.07 0.07 0.11 0.52 0.02 0.02 0.15 0.73 0.87 0.56 0.05 0.11 0.38 0.05 0.13 0.13 0.16 0.03 0.02 0.03 0.07 0.15 0.14
0.02 0.01 0.01 0.03 0.02 0.01 0.01 0.01 0.00 0.01 0.01 0.01 0.01 0.01 0.02 0.02 0.02 0.02 0.03 0.03 0.03 0.03 0.04 0.03 0.03 0.02 0.02 0.01 0.01 0.01 0.01 0.02 0.02 0.02 0.02 0.01 0.06 0.07 0.07 0.07 0.09 3.17 3.26 0.01 0.02 0.02 0.02 0.01 0.01 0.01 0.01 0.02 0.02 0.02 0.03 0.04 0.04 0.07 0.26 0.11 0.06 0.12 0.16 0.15 0.54 0.33 0.42 0.74 0.65 0.57 0.06 0.06 0.08 0.19 0.10 0.17 0.15 0.17 0.04 0.02 0.02 0.05 0.01 0.12
2.64 0.01 0.01 0.02 0.01 0.02 0.01 0.01 0.01 0.01 0.01 0.01 0.01 0.01 0.01 0.01 0.02 0.02 0.02 0.02 0.03 0.02 0.02 0.02 0.02 0.01 0.01 0.01 0.01 0.01 0.01 0.01 0.01 0.01 0.01 0.02 0.05 0.06 0.05 0.06 0.53 3.12 0.58 0.04 0.03 0.01 0.01 0.01 0.01 0.01 0.02 0.02 0.02 0.04 0.09 0.14 0.17 0.19 0.10 0.06 0.13 0.17 0.18 0.16 0.28 0.36 0.33 0.38 0.22 0.10 0.08 0.08 0.06 0.08 0.12 0.20 0.16 0.12 0.06 0.03 0.03 0.02 0.01 0.02
2.62 0.02 0.02 0.02 0.02 0.02 0.02 0.01 0.01 0.01 0.01 0.01 0.01 0.01 0.01 0.01 0.01 0.01 0.02 0.02 0.02 0.02 0.02 0.01 0.01 0.01 0.01 0.01 0.02 0.03 0.02 0.01 0.01 0.01 0.01 0.02 0.04 0.05 0.04 0.05 0.85 3.45 0.54 0.01 0.03 0.01 0.00 0.01 0.01 0.03 0.04 0.04 0.03 0.14 0.14 0.13 0.13 0.12 0.19 0.18 0.15 0.16 0.17 0.13 0.17 0.36 0.03 0.39 0.05 0.08 0.07 0.06 0.04 0.11 0.18 0.17 0.07 0.12 0.09 0.03 0.03 0.01 0.02 0.02
2.57 0.11 0.01 4.47 4.49 0.01 0.01 0.01 0.01 0.01 0.01 0.02 0.02 0.02 0.01 0.01 0.01 0.01 0.01 0.01 0.01 0.01 0.01 0.01 0.01 0.01 0.01 0.01 0.02 0.02 0.02 0.02 0.01 0.01 0.01 0.03 0.11 0.37 0.02 2.82 2.18 3.02 0.02 0.02 0.01 0.00 0.01 0.04 0.05 0.03 0.03 0.14 0.22 0.19 0.15 0.09 0.08 0.11 0.11 0.19 0.17 0.14 0.13 0.11 0.11 0.24 0.28 0.62 0.09 0.09 0.06 0.04 0.07 0.16 0.11 0.09 0.08 0.13 0.02 0.01 0.03 0.02 0.02 0.01
2.47 2.19 4.59 4.44 4.52 0.02 0.02 0.01 0.02 0.01 0.03 0.01 0.02 0.06 0.01 0.03 0.01 0.01 0.01 0.01 0.01 0.01 0.01 0.01 0.01 0.01 0.01 0.01 0.03 0.04 0.02 0.01 0.02 0.11 2.70 3.36 3.43 3.69 3.48 3.18 0.69 0.02 0.01 0.02 0.01 0.01 0.01 0.02 0.05 0.05 0.15 0.12 0.13 0.12 0.10 0.12 0.12 0.11 0.09 0.10 0.14 0.13 0.12 0.09 0.10 0.21 0.52 0.63 0.16 0.10 0.03 0.04 0.08 0.15 0.04 0.14 0.13 0.04 0.02 0.02 0.02 0.02 0.01 0.01
0.02 0.03 0.06 0.02 4.41 4.27 4.11 0.02 0.02 0.01 0.01 0.02 0.02 0.04 0.05 0.03 0.01 0.01 0.01 0.01 0.01 0.01 0.02 0.02 0.02 0.01 0.01 0.03 0.02 0.03 0.02 0.02 2.13 2.32 2.40 0.02 0.01 0.01 0.03 0.03 0.01 0.02 0.01 0.01 0.01 0.01 0.01 0.05 0.13 0.21 0.17 0.14 0.10 0.06 0.06 0.07 0.06 0.07 0.09 0.10 0.10 0.09 0.08 0.09 0.09 0.11 0.26 0.24 0.15 0.16 0.06 0.05 0.07 0.13 0.08 0.30 0.02 0.04 0.01 0.02 0.01 0.01 0.06 0.07
0.03 0.02 0.04 0.05 0.03 0.02 3.93 0.30 0.01 0.01 0.01 0.03 0.02 0.03 0.02 0.02 0.02 0.01 0.01 0.02 0.01 0.01 0.02 0.01 0.02 0.02 0.02 0.09 0.05 0.04 2.16 2.16 2.16 0.01 0.04 0.02 0.01 0.01 0.03 0.04 0.01 0.01 0.01 0.01 0.01 0.07 0.17 0.13 0.11 0.10 0.12 0.09 0.04 0.08 0.07 0.05 0.04 0.07 0.10 0.08 0.08 0.09 0.09 0.08 0.07 0.06 0.08 0.39 0.35 0.36 0.30 0.06 0.08 0.12 0.04 0.20 0.03 0.03 0.01 0.01 0.01 0.06 0.02 0.03
0.03 0.03 0.03 0.03 0.03 0.02 3.70 0.22 0.79 0.01 0.01 0.02 0.01 0.03 0.02 0.01 0.03 0.01 0.01 0.02 0.02 0.01 0.02 0.01 0.02 0.01 0.05 0.00 0.01 2.80 2.61 0.06 0.01 0.02 0.03 0.02 0.01 0.01 0.02 0.01 0.01 0.01 0.01 0.06 0.11 0.14 0.12 0.07 0.06 0.06 0.10 0.07 0.09 0.08 0.04 0.05 0.03 0.12 0.09 0.07 0.09 0.10 0.09 0.08 0.06 0.05 0.08 0.08 0.12 0.17 0.15 0.12 0.10 0.10 0.08 0.28 0.23 0.01 0.01 0.02 0.07 0.02 0.10 0.05
0.02 0.03 0.03 0.03 0.03 0.02 3.44 3.08 2.52 3.02 2.57 1.63 2.76 2.10 0.02 0.01 0.02 0.02 0.02 0.01 0.01 0.02 0.01 0.02 0.03 0.03 0.16 0.08 3.37 2.88 0.01 0.01 0.01 0.01 0.02 0.02 0.01 0.01 0.01 0.01 0.01 0.05 0.12 0.09 0.09 0.08 0.08 0.07 0.07 0.07 0.07 0.10 0.08 0.05 0.04 0.12 0.34 0.25 0.08 0.07 0.09 0.10 0.09 0.06 0.06 0.06 0.11 0.10 0.11 0.12 0.10 0.09 0.09 0.07 0.08 0.05 0.29 0.29 0.26 0.01 0.01 0.09 0.08 0.19
0.02 0.03 0.03 0.03 0.03 0.03 0.02 0.04 0.01 0.02 0.01 0.39 2.94 3.04 2.71 2.46 0.01 0.02 0.03 0.01 0.01 0.02 0.05 0.04 0.08 0.11 0.12 0.10 3.71 0.55 0.01 0.01 0.01 0.01 0.01 0.02 0.01 0.00 0.01 0.01 0.07 0.08 0.08 0.07 0.07 0.07 0.07 0.07 0.07 0.09 0.07 0.05 0.05 0.05 0.12 0.09 0.23 0.06 0.09 0.10 0.10 0.11 0.05 0.05 0.06 0.05 0.11 0.13 0.12 0.10 0.09 0.13 0.12 0.02 0.03 0.03 0.03 0.05 0.02 0.02 0.05 0.16 0.01 0.13
0.02 0.02 0.02 0.02 0.03 0.03 0.02 0.03 0.01 0.02 0.01 0.01 0.37 0.13 0.97 1.97 1.62 1.80 1.90 0.01 0.01 0.03 0.06 0.01 0.01 0.02 0.01 0.45 3.99 1.98 0.01 0.01 0.01 0.01 0.01 0.01 0.01 0.02 0.02 0.06 0.11 0.11 0.09 0.08 0.07 0.06 0.07 0.07 0.07 0.08 0.06 0.04 0.04 0.04 0.04 0.07 0.05 0.05 0.10 0.08 0.08 0.09 0.06 0.06 0.07 0.05 0.17 0.14 0.06 0.10 0.14 0.13 0.07 0.03 0.05 0.04 0.04 0.05 0.03 0.02 0.05 0.05 0.03 0.12
0.01 0.01 0.02 0.02 0.02 0.02 0.03 0.03 0.06 0.07 0.05 0.39 0.45 0.01 0.03 0.02 0.03 0.01 1.95 2.26 0.01 0.01 0.03 0.01 0.00 0.01 0.01 1.29 4.22 0.03 0.02 0.01 0.01 0.01 0.01 0.06 0.09 0.11 0.11 0.14 0.09 0.06 0.06 0.06 0.05 0.05 0.09 0.08 0.06 0.05 0.05 0.04 0.03 0.03 0.04 0.07 0.06 0.06 0.06 0.08 0.07 0.08 0.17 0.08 0.16 0.31 0.32 0.01 0.01 0.16 0.10 0.07 0.04 0.04 0.05 0.04 0.05 0.06 0.08 0.07 0.05 0.09 0.09 0.07
0.01 0.01 0.01 0.01 0.01 0.01 0.01 0.01 0.05 0.04 0.03 0.37 0.22 0.01 0.03 0.01 0.02 0.03 0.04 2.66 2.74 0.00 0.01 0.02 0.01 0.01 0.01 1.93 2.27 0.02 0.01 0.02 0.01 0.01 0.05 0.05 0.05 0.05 0.05 0.06 0.04 0.04 0.04 0.05 0.05 0.04 0.05 0.05 0.04 0.04 0.03 0.03 0.03 0.03 0.05 0.06 0.05 0.06 0.06 0.08 0.09 0.08 0.13 0.17 0.24 0.12 0.06 0.11 0.20 0.20 0.02 0.05 0.03 0.03 0.04 0.07 0.07 0.07 0.04 0.03 0.03 0.05 0.05 0.04
0.01 0.01 0.01 0.01 0.01 0.01 0.01 0.01 0.12 0.36 0.42 0.48 0.03 0.02 0.03 0.02 0.02 0.03 0.03 0.03 2.90 3.16 2.96 2.65 2.09 2.05 2.10 2.07 0.10 0.02 0.03 0.01 0.01 0.03 0.04 0.04 0.04 0.04 0.03 0.05 0.04 0.04 0.04 0.04 0.05 0.04 0.04 0.05 0.04 0.03 0.03 0.03 0.03 0.03 0.05 0.07 0.06 0.06 0.08 0.10 0.09 0.10 0.12 0.14 0.18 0.01 0.10 0.10 0.07 0.08 0.02 0.04 0.03 0.03 0.06 0.10 0.09 0.05 0.03 0.03 0.03 0.03 0.04 0.02
0.01 0.01 0.01 0.01 0.01 0.01 0.01 0.49 0.33 0.31 0.13 0.01 0.02 0.03 0.03 0.04 0.03 0.03 0.03 0.03 0.04 0.08 0.01 0.01 0.02 0.02 0.03 0.08 0.03 0.02 0.02 0.01 0.01 0.04 0.04 0.04 0.04 0.03 0.03 0.03 0.04 0.03 0.04 0.04 0.04 0.04 0.04 0.04 0.03 0.03 0.03 0.03 0.03 0.04 0.05 0.07 0.07 0.08 0.08 0.13 0.09 0.10 0.11 0.07 0.09 0.13 0.11 0.07 0.04 0.03 0.02 0.03 0.05 0.03 0.10 0.16 0.02 0.02 0.01 0.01 0.02 0.02 0.03 0.03
0.02 0.02 0.02 0.02 0.02 0.20 0.50 0.55 0.02 0.01 0.02 0.02 0.02 0.03 0.04 0.09 0.04 0.04 0.03 0.03 0.05 0.09 0.01 0.01 0.02 0.03 0.03 0.04 0.02 0.01 0.01 0.01 0.03 0.04 0.04 0.04 0.04 0.03 0.03 0.02 0.03 0.03 0.03 0.03 0.05 0.03 0.05 0.03 0.02 0.02 0.02 0.04 0.05 0.08 0.07 0.07 0.10 0.13 0.09 0.12 0.11 0.11 0.07 0.08 0.15 0.05 0.06 0.02 0.02 0.02 0.02 0.05 0.05 0.03 0.17 0.02 0.01 0.02 0.01 0.01 0.01 0.02 0.02 0.05
