NEW_versions/S_Waiehu/Scripts/Results/S_Waiehu_50m/MaxFloodMaps/S_Waiehu_50m_1.7.asc
NCOLS 296
NROWS 126
XLLCENTER 753498.390000
YLLCENTER 2312278.410000
CELLSIZE 25.000000
NODATA_value -99999.000000
[rows 38 to 75 of 126, columns 84 to 167 of 296]
0.00 0.00 0.00 0.00 0.00 0.00 0.00 0.00 0.00 0.00 0.00 0.00 0.00 0.00 0.00 0.00 0.00 0.00 0.00 0.00 0.00 0.00 0.00 0.00 0.00 0.00 0.00 0.00 0.00 0.00 0.00 0.00 0.00 0.00 0.00 0.00 0.00 0.00 0.00 0.00 0.00 0.00 0.00 0.00 0.00 0.00 0.00 0.00 0.00 0.00 0.00 0.00 0.00 0.00 0.00 0.00 0.00 0.01 0.01 0.01 0.01 0.01 0.01 0.00 0.00 0.00 0.00 0.00 0.00 0.00 0.00 0.00 0.01 0.02 0.02 0.02 0.03 0.06 0.16 0.07 0.05 0.05 0.07 0.08
0.00 0.00 0.00 0.00 0.00 0.00 0.00 0.00 0.00 0.00 0.00 0.00 0.00 0.00 0.00 0.00 0.00 0.00 0.00 0.00 0.00 0.00 0.00 0.00 0.00 0.00 0.00 0.00 0.00 0.00 0.00 0.00 0.00 0.00 0.00 0.00 0.00 0.00 0.00 0.00 0.00 0.00 0.00 0.00 0.00 0.01 0.01 0.01 0.01 0.01 0.01 0.01 0.01 0.00 0.01 0.00 0.01 0.01 0.01 0.01 0.01 0.02 0.01 0.01 0.00 0.00 0.00 0.00 0.00 0.00 0.00 0.01 0.01 0.01 0.01 0.02 0.02 0.02 0.03 0.03 0.03 0.03 0.04 0.04
0.01 0.01 0.01 0.00 0.00 0.00 0.00 0.00 0.00 0.00 0.00 0.00 0.00 0.00 0.00 0.00 0.00 0.00 0.00 0.00 0.00 0.00 0.00 0.00 0.00 0.00 0.00 0.00 0.00 0.00 0.00 0.00 0.00 0.00 0.00 0.00 0.00 0.00 0.00 0.00 0.00 0.00 0.00 0.01 0.01 0.01 0.01 0.01 0.01 0.01 0.01 0.01 0.02 0.01 0.01 0.01 0.01 0.02 0.01 0.01 0.01 0.03 0.01 0.01 0.01 0.00 0.01 0.01 0.01 0.01 0.00 0.01 0.01 0.01 0.01 0.01 0.01 0.01 0.02 0.03 0.03 0.04 0.03 0.02
0.01 0.01 0.01 0.01 0.01 0.01 0.01 0.00 0.00 0.00 0.00 0.00 0.00 0.00 0.00 0.00 0.00 0.00 0.00 0.00 0.00 0.00 0.00 0.00 0.00 0.00 0.00 0.00 0.00 0.00 0.00 0.00 0.00 0.00 0.00 0.00 0.00 0.00 0.01 0.01 0.01 0.01 0.01 0.01 0.01 0.02 0.01 0.01 0.01 0.02 0.01 0.01 0.02 0.01 0.01 0.01 0.01 0.02 0.02 0.01 0.01 0.04 0.01 0.01 0.01 0.01 0.01 0.01 0.01 0.02 0.01 0.01 0.02 0.01 0.01 0.01 0.01 0.01 0.01 0.02 0.02 0.02 0.02 0.02
0.01 0.01 0.02 0.02 0.01 0.01 0.01 0.01 0.01 0.01 0.00 0.00 0.00 0.00 0.00 0.00 0.01 0.01 0.01 0.01 0.01 0.01 0.01 0.01 0.01 0.01 0.01 0.01 0.01 0.01 0.01 0.01 0.01 0.01 0.01 0.01 0.01 0.01 0.01 0.01 0.01 0.01 0.01 0.01 0.01 0.02 0.03 0.01 0.01 0.04 0.01 0.01 0.03 0.02 0.01 0.02 0.01 0.02 0.03 0.01 0.01 0.04 0.01 0.01 0.01 0.01 0.01 0.01 0.01 0.03 0.01 0.02 0.02 0.01 0.01 0.01 0.01 0.01 0.02 0.02 0.02 0.02 0.02 0.03
0.01 0.02 0.02 0.02 0.02 0.01 0.01 0.01 0.01 0.01 0.01 0.01 0.01 0.01 0.01 0.01 0.01 0.01 0.01 0.01 0.01 0.01 0.02 0.01 0.01 0.01 0.02 0.01 0.01 0.02 0.01 0.01 0.01 0.01 0.01 0.01 0.01 0.01 0.01 0.01 0.01 0.01 0.01 0.01 0.01 0.02 0.03 0.03 0.01 0.03 0.01 0.01 0.02 0.03 0.02 0.02 0.01 0.02 0.04 0.02 0.01 0.03 0.04 0.01 0.01 0.01 0.01 0.01 0.03 0.02 0.01 0.01 0.03 0.02 0.02 0.01 0.01 0.01 0.02 0.02 0.02 0.02 0.02 0.02
0.02 0.02 0.03 0.02 0.03 0.02 0.01 0.01 0.01 0.01 0.01 0.01 0.01 0.01 0.01 0.01 0.01 0.02 0.02 0.02 0.01 0.02 0.02 0.02 0.02 0.02 0.02 0.01 0.01 0.02 0.01 0.01 0.01 0.01 0.01 0.02 0.02 0.02 0.01 0.01 0.01 0.02 0.01 0.01 0.02 0.02 0.03 0.05 0.01 0.03 0.02 0.01 0.02 0.03 0.03 0.03 0.01 0.01 0.03 0.04 0.01 0.03 0.06 0.01 0.01 0.01 0.01 0.01 0.03 0.04 0.01 0.02 0.04 0.02 0.02 0.02 0.01 0.02 0.02 0.02 0.02 0.03 0.02 0.02
0.02 0.02 0.03 0.02 0.03 0.02 0.02 0.02 0.01 0.01 0.01 0.01 0.01 0.01 0.01 0.02 0.02 0.02 0.02 0.02 0.02 0.02 0.02 0.02 0.02 0.02 0.02 0.02 0.02 0.03 0.02 0.01 0.01 0.01 0.02 0.02 0.02 0.02 0.02 0.02 0.02 0.02 0.02 0.01 0.02 0.02 0.03 0.04 0.02 0.03 0.04 0.01 0.02 0.03 0.05 0.03 0.01 0.02 0.03 0.05 0.01 0.02 0.06 0.01 0.01 0.01 0.02 0.01 0.02 0.05 0.01 0.01 0.06 0.02 0.01 0.02 0.03 0.02 0.02 0.02 0.02 0.04 0.01 0.01
0.02 0.03 0.04 0.03 0.03 0.02 0.02 0.02 0.02 0.01 0.01 0.01 0.01 0.01 0.01 0.01 0.02 0.02 0.02 0.02 0.02 0.02 0.01 0.02 0.01 0.02 0.02 0.02 0.02 0.03 0.02 0.01 0.01 0.01 0.02 0.02 0.02 0.03 0.02 0.02 0.02 0.02 0.02 0.02 0.02 0.02 0.02 0.04 0.03 0.03 0.05 0.02 0.02 0.03 0.06 0.05 0.01 0.01 0.02 0.06 0.01 0.02 0.09 0.01 0.01 0.02 0.01 0.01 0.02 0.05 0.04 0.01 0.08 0.01 0.02 0.02 0.04 0.02 0.01 0.03 0.05 0.04 0.01 0.01
0.02 0.02 0.05 0.03 0.03 0.03 0.02 0.02 0.02 0.02 0.01 0.01 0.01 0.01 0.01 0.02 0.02 0.02 0.02 0.02 0.02 0.01 0.02 0.02 0.02 0.02 0.03 0.03 0.02 0.03 0.04 0.02 0.01 0.01 0.02 0.02 0.02 0.02 0.03 0.02 0.02 0.02 0.03 0.03 0.02 0.02 0.02 0.04 0.05 0.02 0.04 0.04 0.01 0.02 0.05 0.07 0.04 0.01 0.02 0.05 0.04 0.01 0.09 0.01 0.01 0.03 0.01 0.01 0.02 0.03 0.08 0.03 0.04 0.01 0.02 0.04 0.04 0.02 0.02 0.02 0.04 0.04 0.02 0.02
0.06 0.04 0.06 0.05 0.02 0.02 0.03 0.02 0.02 0.02 0.01 0.01 0.01 0.01 0.01 0.02 0.02 0.02 0.02 0.02 0.02 0.02 0.03 0.02 0.03 0.03 0.03 0.04 0.02 0.03 0.04 0.03 0.03 0.01 0.01 0.02 0.01 0.02 0.03 0.02 0.02 0.02 0.02 0.03 0.03 0.03 0.03 0.03 0.06 0.02 0.03 0.06 0.01 0.02 0.03 0.06 0.05 0.02 0.02 0.10 0.04 0.01 0.09 0.01 0.01 0.03 0.03 0.01 0.02 0.03 0.11 0.04 0.04 0.01 0.02 0.05 0.03 0.01 0.03 0.02 0.03 0.04 0.03 0.02
0.08 0.04 0.07 0.03 0.03 0.04 0.03 0.02 0.02 0.02 0.01 0.01 0.01 0.01 0.01 0.02 0.02 0.02 0.02 0.03 0.03 0.02 0.02 0.02 0.02 0.03 0.03 0.04 0.04 0.02 0.04 0.04 0.04 0.03 0.01 0.03 0.01 0.01 0.04 0.02 0.02 0.03 0.02 0.03 0.03 0.03 0.04 0.05 0.07 0.02 0.02 0.05 0.02 0.02 0.03 0.09 0.03 0.03 0.05 2.42 2.39 2.29 1.98 0.01 0.01 0.03 0.05 0.02 0.02 0.04 0.10 0.04 0.03 0.01 0.02 0.08 0.04 0.01 0.05 0.03 0.02 0.04 0.02 0.02
0.09 0.04 0.05 0.02 0.03 0.07 0.03 0.02 0.02 0.01 0.01 0.01 0.01 0.01 0.02 0.02 0.02 0.02 0.02 0.03 0.03 0.03 0.03 0.02 0.02 0.02 0.03 0.04 0.05 0.01 0.03 0.04 0.04 0.04 0.04 0.03 0.02 0.01 0.03 0.03 0.02 0.03 0.03 0.03 0.03 0.04 0.07 0.55 0.64 0.02 0.02 0.04 0.03 0.03 0.04 0.08 3.66 3.67 3.40 3.03 0.01 0.02 1.59 1.72 0.01 0.03 0.07 0.02 0.01 0.03 0.14 0.03 0.02 0.01 0.02 0.05 0.04 0.02 0.05 0.04 0.02 0.04 0.03 0.02
0.09 0.06 0.04 0.01 0.02 0.07 0.03 0.03 0.02 0.01 0.01 0.01 0.01 0.01 0.02 0.02 0.02 0.02 0.03 0.03 0.03 0.04 0.04 0.03 0.02 0.02 0.02 0.04 0.07 0.02 0.02 0.03 0.04 0.04 2.79 2.49 1.95 0.01 0.02 0.03 0.02 0.03 0.04 0.03 0.03 0.04 1.78 1.34 1.87 2.42 2.27 2.26 2.21 2.04 2.27 3.62 3.64 0.02 0.01 0.01 0.01 0.02 0.02 2.76 2.57 2.18 3.43 2.91 2.00 2.71 1.71 0.03 0.01 0.01 0.02 0.04 0.05 0.02 0.04 0.04 0.03 0.03 0.04 0.03
0.07 0.07 0.03 0.01 0.02 0.11 0.02 0.02 0.02 0.01 0.01 0.01 0.01 0.01 0.02 0.02 0.02 0.02 0.02 0.02 0.03 0.04 0.04 0.04 0.03 0.03 0.10 0.05 0.06 0.02 0.01 0.03 0.03 3.12 2.98 0.11 1.75 0.02 0.01 0.03 0.03 0.04 0.05 2.93 3.25 3.00 2.59 0.01 0.01 0.03 0.04 0.05 0.07 0.20 0.03 0.02 0.02 0.01 0.01 0.02 0.02 0.02 0.02 0.03 0.06 0.15 0.03 1.07 0.02 0.03 3.12 3.21 0.02 0.01 0.02 0.05 0.03 0.02 0.03 0.04 0.03 0.04 0.95 1.47
0.06 0.08 0.02 0.01 0.02 0.11 0.03 0.02 0.02 0.01 0.01 0.01 0.01 0.01 0.02 0.02 0.03 0.03 0.02 0.02 0.03 0.03 0.03 0.03 2.08 2.04 1.47 1.28 1.45 0.02 0.01 0.02 3.29 3.22 0.01 0.02 1.73 1.57 0.01 0.02 2.01 2.18 2.23 2.40 0.02 0.02 0.01 0.01 0.02 0.03 0.03 0.02 0.04 0.02 0.02 0.02 0.01 0.01 0.01 0.01 0.02 0.02 0.02 0.02 0.02 0.02 0.03 0.02 0.01 0.02 0.02 3.38 3.64 3.21 0.71 0.04 0.07 0.02 0.02 0.04 2.59 2.43 2.08 1.65
0.06 7.68 12.03 12.02 12.00 11.96 9.00 0.03 0.02 0.01 0.01 0.01 0.01 0.01 0.02 0.02 0.03 0.03 0.03 0.02 0.02 0.02 0.02 2.03 2.05 0.01 0.01 0.01 1.31 1.58 2.88 2.96 3.10 0.01 0.01 0.02 0.03 1.69 2.56 2.53 2.47 0.03 0.03 0.02 0.02 0.01 0.01 0.01 0.01 0.03 0.02 0.02 0.02 0.02 0.02 0.01 0.01 0.01 0.01 0.01 0.01 0.02 0.01 0.02 0.02 0.01 0.01 0.02 0.02 0.01 0.02 0.02 0.02 2.68 1.67 2.17 2.72 2.29 1.42 2.73 2.68 0.01 0.01 0.02
5.50 5.72 0.01 0.01 0.01 0.01 8.46 7.92 7.39 0.01 0.01 0.01 0.01 0.01 0.01 0.02 0.03 0.04 0.04 0.05 0.07 0.01 2.26 2.20 0.01 0.01 0.01 0.02 0.03 0.04 0.02 0.01 0.01 0.01 0.02 0.02 0.04 0.03 0.05 0.02 0.02 0.02 0.03 0.02 0.02 0.01 0.01 0.01 0.01 0.02 0.01 0.01 0.02 0.02 0.01 0.01 0.01 0.01 0.01 0.01 0.01 0.01 0.01 0.01 0.01 0.01 0.01 0.01 0.01 0.01 0.01 0.01 0.01 0.01 0.01 0.01 0.02 0.03 0.01 0.02 0.01 0.01 0.02 0.03
0.01 0.01 0.01 0.01 0.01 0.01 0.02 0.02 1.39 1.39 1.41 0.01 0.01 0.01 0.01 0.01 0.02 0.03 1.84 1.74 1.26 1.55 2.29 0.02 0.01 0.01 0.01 0.02 0.03 0.01 0.01 0.01 0.01 0.01 0.02 0.03 0.03 0.02 0.01 0.01 0.02 0.03 0.02 0.02 0.01 0.01 0.01 0.01 0.01 0.02 0.01 0.01 0.01 0.01 0.01 0.01 0.00 0.00 0.01 0.01 0.01 0.01 0.01 0.01 0.01 0.01 0.01 0.01 0.01 0.01 0.01 0.01 0.01 0.01 0.01 0.01 0.01 0.01 0.01 0.01 0.01 0.01 0.01 0.01
0.01 0.01 0.00 0.01 0.01 0.01 0.02 0.02 0.02 0.03 1.59 1.59 1.54 0.01 0.01 0.01 0.02 0.03 1.68 0.01 0.02 0.04 0.02 0.01 0.01 0.01 0.01 0.03 0.03 0.01 0.01 0.01 0.01 0.01 0.01 0.02 0.03 0.01 0.01 0.01 0.01 0.02 0.01 0.01 0.01 0.01 0.01 0.01 0.01 0.01 0.01 0.01 0.01 0.01 0.01 0.01 0.01 0.01 0.01 0.01 0.01 0.01 0.01 0.01 0.01 0.01 0.01 0.01 0.01 0.01 0.01 0.01 0.01 0.01 0.01 0.01 0.01 0.00 0.00 0.01 0.01 0.00 0.01 0.01
0.01 0.01 0.01 0.01 0.01 0.01 0.01 0.02 0.03 0.03 0.03 0.04 1.25 1.54 1.55 0.01 0.01 1.85 1.03 0.01 0.02 0.02 0.01 0.01 0.01 0.01 0.01 0.02 0.02 0.01 0.01 0.01 0.01 0.01 0.01 0.01 0.02 0.01 0.01 0.01 0.01 0.02 0.01 0.01 0.01 0.01 0.00 0.01 0.01 0.01 0.01 0.00 0.01 0.01 0.01 0.01 0.01 0.01 0.01 0.01 0.01 0.01 0.02 0.02 0.02 0.02 0.02 0.02 0.02 0.02 0.02 0.02 0.02 0.02 0.02 0.02 0.01 0.01 0.01 0.02 0.01 0.01 0.01 0.01
0.01 0.01 0.01 0.01 0.01 0.01 0.02 0.03 0.03 0.04 0.04 0.03 0.03 0.03 1.61 1.95 2.21 2.11 0.01 0.01 0.01 0.02 0.02 0.01 0.01 0.01 0.01 0.01 0.01 0.01 0.00 0.00 0.01 0.01 0.01 0.01 0.01 0.01 0.01 0.01 0.01 0.01 0.01 0.01 0.01 0.01 0.01 0.01 0.01 0.01 0.01 0.01 0.01 0.01 0.01 0.01 0.01 0.01 0.02 0.01 0.01 0.01 0.02 0.02 0.03 0.01 0.02 0.02 0.02 0.01 0.02 0.02 0.03 0.02 0.02 0.03 0.02 0.03 0.01 0.01 0.02 0.01 0.02 0.02
0.01 0.01 0.01 0.01 0.01 0.02 0.02 0.03 0.03 0.03 0.04 0.03 0.03 0.03 0.03 0.07 0.09 0.02 0.01 0.01 0.01 0.02 0.01 0.01 0.01 0.01 0.01 0.01 0.01 0.01 0.01 0.01 0.01 0.01 0.01 0.00 0.01 0.01 0.01 0.01 0.01 0.01 0.01 0.01 0.01 0.01 0.01 0.01 0.01 0.01 0.02 0.01 0.01 0.01 0.01 0.02 0.02 0.02 0.02 0.02 0.02 0.02 0.02 0.02 0.04 0.01 0.02 0.02 0.04 0.01 0.01 0.02 0.03 0.03 0.03 0.03 0.05 0.03 0.05 0.01 0.04 0.02 0.01 0.02
0.01 0.01 0.01 0.01 0.02 0.02 0.02 0.02 0.03 0.03 0.03 0.03 0.04 0.04 0.04 0.06 0.04 0.01 0.01 0.01 0.01 0.01 0.01 0.01 0.00 0.00 0.01 0.01 0.01 0.01 0.01 0.01 0.01 0.01 0.01 0.01 0.01 0.01 0.01 0.01 0.00 0.01 0.01 0.01 0.01 0.01 0.01 0.02 0.02 0.02 0.02 0.03 0.01 0.01 0.02 0.02 0.02 0.03 0.05 0.02 0.02 0.02 0.03 0.02 0.04 0.02 0.02 0.02 1.51 2.92 3.87 3.91 3.97 4.07 0.02 3.88 3.39 2.57 1.24 0.02 0.02 3.22 2.61 3.03
0.01 0.01 0.01 0.01 0.01 0.02 0.02 0.02 0.03 0.02 0.03 0.03 0.04 0.04 0.03 0.04 0.04 0.02 0.01 0.01 0.01 0.01 0.01 0.01 0.01 0.01 0.01 0.01 0.01 0.01 0.01 0.02 0.02 0.02 0.02 0.02 0.01 0.01 0.01 0.01 0.01 0.01 0.02 0.02 0.02 0.02 0.02 0.02 0.02 0.02 0.03 0.04 0.02 0.02 0.02 0.02 0.05 0.04 0.04 0.03 0.03 0.02 2.12 2.37 2.84 3.70 3.33 2.66 1.84 2.04 0.02 0.02 0.03 4.21 4.21 4.21 0.03 2.50 2.67 3.66 3.55 3.41 0.01 0.01
0.01 0.01 0.01 0.01 0.02 0.02 0.02 0.03 0.02 0.02 0.02 0.03 0.03 0.03 0.03 0.04 0.02 0.01 0.01 0.01 0.01 0.01 0.01 0.01 0.01 0.01 0.01 0.02 0.01 0.02 0.02 0.02 0.02 0.03 0.03 0.03 0.02 0.01 0.01 0.01 0.01 0.01 0.01 0.01 0.02 0.02 0.02 0.02 0.02 0.02 0.03 0.03 0.03 0.02 0.03 0.03 0.03 0.02 2.29 2.05 2.73 2.74 2.72 0.02 0.04 0.06 0.02 0.03 0.04 0.02 0.03 0.03 0.05 0.04 0.03 0.04 0.03 0.04 0.03 0.04 0.07 0.04 0.01 0.02
0.01 0.01 0.01 0.01 0.02 0.02 0.02 0.03 0.02 0.02 0.03 0.04 0.03 0.02 0.02 0.03 0.02 0.01 0.01 0.01 0.00 0.01 0.01 0.01 0.02 0.02 0.02 0.02 0.02 0.02 0.02 0.02 0.02 0.03 0.03 0.03 0.04 0.01 0.02 0.01 0.01 0.01 0.01 0.01 0.02 0.02 0.04 0.04 0.04 0.03 0.02 0.03 0.04 0.04 0.04 0.04 2.09 2.33 2.34 0.20 0.01 0.11 0.10 0.02 0.03 0.04 0.02 0.03 0.02 0.01 0.04 0.03 0.05 0.03 0.03 0.03 0.03 0.03 0.03 0.03 0.03 0.05 0.02 0.03
0.01 0.01 0.01 0.01 0.02 0.02 0.02 0.02 0.02 0.03 0.03 0.03 0.03 0.02 0.02 0.02 0.01 0.01 0.01 0.01 0.01 0.01 0.01 0.01 0.02 0.02 0.02 0.02 0.03 0.02 0.02 0.02 0.03 0.03 0.04 0.04 0.04 0.03 0.03 0.01 0.01 0.01 0.01 0.01 0.01 0.02 0.03 0.03 0.05 0.04 0.01 0.02 0.02 0.03 3.56 3.09 2.80 0.07 0.11 0.01 0.01 0.16 0.06 0.01 0.03 0.04 0.02 0.03 0.03 0.01 0.03 0.04 0.06 0.02 0.02 0.03 0.02 0.03 0.03 0.03 0.05 0.02 0.03 0.03
0.01 0.01 0.01 0.02 0.02 0.02 0.02 0.02 0.02 0.03 0.03 0.03 0.02 0.02 0.02 0.01 0.01 0.01 0.01 0.01 0.02 0.02 0.02 0.02 0.02 0.02 0.02 0.02 0.03 0.03 0.02 0.02 0.03 0.03 0.03 0.03 0.05 0.03 0.06 0.02 0.01 0.01 0.01 0.01 0.01 0.02 0.02 0.03 0.04 0.08 0.01 3.70 4.01 4.32 4.00 0.03 0.02 0.25 0.05 0.01 0.01 0.18 0.09 0.03 0.03 0.03 0.02 0.02 0.03 0.02 0.03 0.04 0.05 0.01 0.02 0.02 0.02 0.03 0.03 0.03 0.03 0.03 0.03 0.03
0.01 0.01 0.01 0.02 0.02 0.02 0.02 0.02 0.02 0.02 0.02 0.02 0.02 0.01 0.01 0.01 0.01 0.01 0.01 0.01 0.01 0.02 0.02 0.02 0.02 0.02 0.02 0.02 0.03 0.04 0.03 0.03 0.03 0.03 2.62 2.07 1.83 3.22 3.02 0.03 0.01 0.01 0.01 0.01 0.02 0.02 0.03 0.03 0.94 3.57 3.59 3.52 1.42 2.72 0.03 0.02 0.03 0.11 0.06 0.01 0.02 0.37 0.14 0.03 0.02 0.02 0.02 0.02 0.03 0.01 0.04 0.03 0.04 0.02 0.02 0.02 0.02 0.02 0.02 0.02 0.03 0.03 0.03 0.03
0.01 0.01 0.01 0.01 0.01 0.02 0.02 0.01 0.01 0.01 0.02 0.02 0.01 0.01 0.01 0.01 0.01 0.01 0.01 0.01 0.01 0.01 0.01 0.02 0.02 0.02 0.03 0.04 0.03 0.03 0.03 0.03 0.03 0.02 2.75 0.70 0.01 0.01 2.71 2.11 0.01 0.01 0.01 0.01 0.01 0.02 0.04 2.42 3.32 3.46 0.86 0.05 0.03 0.04 0.03 0.01 0.04 0.06 0.06 0.01 0.01 0.15 0.18 0.04 0.02 0.02 0.01 0.02 0.02 0.01 0.02 0.03 0.05 0.02 0.02 0.02 0.02 0.02 0.02 0.02 0.02 0.02 0.02 0.03
0.01 0.01 0.01 0.01 0.01 0.01 0.01 0.01 0.01 0.01 0.01 0.01 0.01 0.01 0.01 0.02 0.02 0.02 0.02 0.02 0.01 0.01 0.01 0.02 0.02 0.02 0.03 0.03 0.03 0.03 2.76 2.98 3.10 3.03 2.93 0.01 0.01 0.02 0.03 2.51 0.01 0.01 0.01 0.01 0.02 0.03 0.02 2.46 2.79 0.02 0.05 0.03 0.02 0.03 0.03 0.02 0.01 0.03 0.09 0.01 0.01 0.03 0.18 0.06 0.02 0.02 0.01 0.02 0.01 0.01 0.02 0.03 0.03 0.02 0.02 0.02 0.02 0.02 0.02 0.02 0.02 0.02 0.02 0.02
0.01 0.00 0.00 0.00 0.00 0.00 0.00 0.00 0.00 0.01 0.01 0.01 0.01 0.01 0.01 0.02 0.03 0.04 0.04 0.04 0.04 0.03 0.03 0.02 0.03 0.02 0.02 0.03 2.78 2.71 2.58 1.75 1.54 0.01 0.01 0.01 0.01 0.02 0.03 3.57 3.47 0.01 0.01 0.01 0.02 0.02 0.02 2.84 0.03 0.03 0.03 0.03 0.02 0.02 0.03 0.01 0.01 0.04 0.08 0.01 0.01 0.03 0.14 0.10 0.02 0.01 0.01 0.02 0.01 0.02 0.02 0.02 0.02 0.02 0.02 0.02 0.02 0.02 0.02 0.02 0.01 0.02 0.02 0.02
0.00 0.01 0.01 0.01 0.01 0.01 0.01 0.01 0.01 0.01 0.01 0.01 0.01 0.01 0.01 0.01 0.01 0.01 0.01 0.02 0.04 0.05 0.05 0.04 0.03 0.03 0.03 2.82 2.81 0.04 0.02 0.01 0.01 0.01 0.01 0.01 0.02 0.02 0.03 0.03 3.33 3.13 2.80 2.20 1.55 2.99 3.07 3.01 0.03 0.03 0.03 0.02 0.02 0.01 0.03 0.01 0.01 0.03 0.07 0.01 0.01 0.02 0.12 0.10 0.02 0.01 0.01 0.01 0.01 0.02 0.02 0.02 0.02 0.02 0.02 0.01 0.01 0.01 0.01 0.01 0.01 0.01 0.01 0.01
0.01 0.01 0.01 0.01 0.01 0.01 0.01 0.02 0.01 0.01 0.01 0.01 0.01 0.01 0.01 0.01 0.01 0.01 0.01 0.01 0.01 0.01 0.03 0.06 0.07 0.06 2.82 2.82 0.01 0.02 0.02 0.01 0.01 0.01 0.01 0.01 0.02 0.02 0.03 0.03 0.04 0.05 0.09 0.19 1.98 2.36 0.10 0.05 0.03 0.02 0.02 0.02 0.02 0.01 0.02 0.01 0.01 0.04 0.06 0.01 0.01 0.02 0.06 0.14 0.02 0.01 0.01 0.01 0.01 0.02 0.02 0.01 0.02 0.01 0.01 0.01 0.01 0.01 0.01 0.01 0.01 0.01 0.01 0.01
0.01 0.01 0.01 0.02 0.02 0.02 0.02 0.03 0.01 0.01 0.01 0.01 0.02 0.02 0.02 0.02 0.01 0.01 0.01 0.01 0.01 0.01 0.01 0.01 0.04 0.11 1.54 0.01 0.02 0.02 0.02 0.01 0.01 0.01 0.01 0.01 0.02 0.02 0.03 0.04 0.06 0.06 0.09 0.08 0.07 0.18 0.11 0.05 0.03 0.02 0.02 0.02 0.02 0.02 0.02 0.01 0.01 0.05 0.04 0.01 0.01 0.01 0.07 0.09 0.02 0.01 0.01 0.01 0.01 0.01 0.01 0.01 0.01 0.01 0.01 0.01 0.01 0.01 0.01 0.01 0.01 0.01 0.01 0.01
0.01 0.02 0.02 0.02 0.02 0.02 0.02 0.04 0.01 0.01 0.01 0.01 0.02 0.03 0.03 0.03 0.03 0.02 0.02 0.01 0.01 0.01 0.01 0.01 0.01 0.01 1.81 0.02 0.02 0.02 0.01 0.01 0.01 0.01 0.01 0.01 0.02 0.03 0.04 0.05 0.06 0.07 0.12 0.09 0.05 0.12 0.11 0.06 0.04 0.02 0.02 0.02 0.02 0.02 0.01 0.01 0.01 0.05 0.02 0.01 0.01 0.02 0.07 0.07 0.02 0.01 0.01 0.01 0.01 0.01 0.01 0.01 0.01 0.01 0.01 0.01 0.01 0.01 0.01 0.02 0.02 0.02 0.02 0.02
0.01 0.01 0.02 0.02 0.02 0.02 0.02 0.05 0.01 0.01 0.01 0.01 0.01 0.01 0.02 0.02 0.03 0.03 0.02 0.02 0.02 0.01 0.01 0.01 0.01 1.85 1.85 0.02 0.02 0.01 0.01 0.01 0.00 0.01 0.01 0.02 0.02 0.04 0.05 0.06 0.06 0.08 0.14 0.06 0.01 0.07 0.12 0.07 0.07 0.03 0.02 0.01 0.01 0.01 0.01 0.01 0.01 0.04 0.02 0.01 0.01 0.02 0.08 0.05 0.01 0.01 0.01 0.01 0.01 0.01 0.01 0.01 0.01 0.01 0.01 0.01 0.02 0.01 0.02 0.02 0.03 0.02 0.03 0.02
