NEW_versions/S_Waiehu/Scripts/Results/S_Waiehu_50m/MaxFloodMaps/S_Waiehu_50m_1.7.asc
NCOLS 296
NROWS 126
XLLCENTER 753498.390000
YLLCENTER 2312278.410000
CELLSIZE 25.000000
NODATA_value -99999.000000
[rows 38 to 75 of 126, columns 168 to 251 of 296]
0.24 0.07 0.10 0.11 0.08 0.05 0.04 0.03 0.03 0.02 0.02 0.02 0.02 0.02 0.02 0.02 0.03 0.02 0.02 0.02 0.03 0.03 0.01 0.01 0.01 0.01 0.01 0.03 0.03 0.01 0.01 0.01 0.02 0.04 0.01 0.01 0.01 0.02 0.07 0.10 0.06 0.03 0.04 0.02 0.02 0.05 2.34 0.06 0.06 0.02 0.01 0.01 0.02 0.02 0.04 0.03 3.64 3.50 0.02 0.01 0.01 0.01 0.03 0.02 0.05 0.07 0.09 0.26 0.28 0.19 0.13 0.11 0.09 0.08 0.05 0.04 0.05 0.32 0.45 0.55 0.35 0.23 0.03 0.03
0.03 0.09 0.08 0.02 0.02 0.02 0.02 0.02 0.02 0.02 0.02 0.02 0.02 0.02 0.02 0.02 0.02 0.02 0.02 0.02 0.02 0.02 0.03 0.02 0.02 0.02 0.05 0.04 0.02 0.01 0.01 0.01 0.02 0.03 0.01 0.01 0.02 0.02 0.02 0.02 0.01 0.02 0.02 0.11 0.15 2.55 2.20 0.01 0.03 0.01 0.02 0.03 0.05 0.04 1.68 3.39 3.48 0.01 0.01 0.01 0.01 0.01 0.02 0.04 0.05 0.12 0.31 0.15 0.10 0.06 0.13 0.08 0.11 0.08 0.08 0.37 0.66 0.59 0.02 0.02 0.04 0.15 0.10 0.04
0.02 0.02 0.01 0.01 0.01 0.02 0.02 0.02 0.02 0.02 0.02 0.02 0.02 0.02 0.01 0.01 0.01 0.02 0.01 0.01 0.01 0.02 0.05 0.01 0.01 0.02 0.11 0.01 0.00 0.01 0.01 0.01 0.03 0.02 0.01 0.02 0.03 0.02 0.01 0.02 0.03 0.03 0.19 2.48 2.47 2.49 0.01 0.01 0.02 0.01 0.01 0.01 0.01 0.19 3.38 3.05 0.02 0.01 0.01 0.01 0.01 0.01 0.02 0.05 0.06 0.05 0.04 0.03 0.02 0.02 0.01 0.03 0.19 0.31 0.33 0.34 0.01 0.01 0.01 0.01 0.06 0.13 0.08 0.12
0.03 0.02 0.02 0.02 0.02 0.03 0.04 0.04 0.03 0.03 0.02 0.02 0.01 0.02 0.01 0.01 0.01 0.01 0.01 0.01 0.02 0.02 0.04 0.02 0.02 0.02 0.03 0.01 0.01 0.01 0.01 0.01 0.01 0.01 0.01 0.02 0.02 0.02 0.02 0.02 2.86 2.20 3.26 2.78 0.02 0.01 0.01 0.02 0.02 0.02 0.02 0.02 0.06 0.30 3.92 0.02 0.01 0.01 0.01 0.02 0.02 0.02 0.01 0.03 0.11 0.01 0.02 0.01 0.01 0.02 0.03 0.05 0.13 0.13 0.04 0.01 0.02 0.07 0.05 0.05 0.21 0.19 0.29 0.27
0.03 0.03 0.03 0.02 0.02 0.01 0.02 0.03 0.04 0.03 0.02 0.01 0.01 0.02 0.02 0.02 0.01 0.01 0.02 0.02 0.02 0.02 0.02 0.02 0.03 0.04 0.04 0.04 0.03 0.03 0.04 0.03 0.03 0.03 0.03 0.03 0.03 0.03 0.03 3.51 3.23 0.51 0.01 0.01 0.01 0.01 0.01 0.02 0.02 0.02 0.02 0.03 0.11 0.43 2.92 0.01 0.01 0.01 0.02 0.02 0.02 0.02 0.02 0.03 0.09 0.01 0.01 0.01 0.01 0.04 0.03 0.03 0.21 0.01 0.02 0.02 0.02 0.06 0.21 0.33 0.31 0.23 0.20 0.23
0.01 0.02 0.02 0.02 0.02 0.02 0.01 0.01 0.03 0.02 0.03 0.02 0.01 0.02 0.02 0.02 0.02 0.02 0.02 0.02 0.02 0.03 0.03 0.03 0.04 0.03 0.04 0.04 0.03 0.04 0.03 0.02 0.02 0.04 0.04 0.04 0.03 0.04 3.86 3.71 0.03 0.01 0.01 0.01 0.02 0.02 0.02 0.01 0.02 0.02 0.03 0.06 0.15 0.96 2.36 0.01 0.01 0.02 0.01 0.02 0.02 0.02 0.01 0.03 0.05 0.06 0.02 0.04 0.08 0.05 0.03 0.02 0.22 0.01 0.01 0.02 0.03 0.07 0.20 0.24 0.22 0.21 0.14 0.22
0.01 0.02 0.02 0.02 0.03 0.02 0.01 0.01 0.01 0.02 0.02 0.02 0.02 0.02 0.02 0.02 0.02 0.02 0.02 0.03 0.04 0.05 0.06 0.05 0.04 0.05 0.07 0.07 0.05 0.05 0.03 0.03 0.03 0.05 0.05 0.06 1.43 2.45 3.97 0.03 0.01 0.01 0.01 0.01 0.02 0.02 0.02 0.02 0.02 0.03 0.05 0.05 0.30 1.19 2.78 0.02 0.01 0.02 0.03 0.04 0.06 0.07 0.09 0.08 0.07 0.14 0.11 0.10 0.07 0.07 0.05 0.04 0.21 0.17 0.15 0.18 0.16 0.13 0.26 0.25 0.17 0.14 0.13 0.24
0.02 0.02 0.02 0.03 0.03 0.04 0.01 0.01 0.01 0.02 0.02 0.02 0.03 0.03 0.02 0.03 0.03 0.02 0.03 0.06 0.08 0.03 0.05 0.05 0.05 0.05 0.04 0.05 0.06 0.05 0.04 0.04 0.04 0.03 0.06 2.90 2.33 1.73 0.02 0.01 0.01 0.01 0.01 0.02 0.01 0.02 0.02 0.03 0.04 0.08 0.08 0.05 0.40 2.78 2.37 0.01 0.01 0.01 0.02 0.02 0.02 0.03 0.03 0.03 0.03 0.05 0.05 0.03 0.06 0.08 0.07 0.03 0.28 0.08 0.05 0.04 0.56 0.58 0.41 0.21 0.18 0.16 0.15 0.42
0.02 0.02 0.02 0.03 0.03 0.06 0.01 0.01 0.01 0.02 0.02 0.02 0.03 0.03 0.03 0.03 0.03 0.03 0.04 0.03 0.02 0.05 0.08 0.08 0.06 0.07 0.05 0.05 0.06 0.06 0.05 0.05 0.05 0.04 0.02 2.95 0.02 0.02 0.01 0.01 0.01 0.01 0.02 0.01 0.02 0.02 0.02 0.05 0.07 0.06 0.07 0.07 0.73 3.38 0.02 0.01 0.01 0.01 0.02 0.02 0.02 0.03 0.03 0.02 0.02 0.02 0.01 0.01 0.01 0.01 0.04 0.06 0.30 0.01 0.01 0.15 0.53 0.12 0.11 0.06 0.11 0.13 0.12 0.94
0.02 0.02 0.02 0.04 0.04 0.06 0.05 0.01 0.02 0.02 0.02 0.02 0.03 0.03 0.04 0.03 0.04 0.04 0.04 0.05 0.04 0.04 0.02 0.04 0.06 0.06 0.06 0.07 0.07 0.09 0.09 1.16 2.19 2.89 2.89 2.91 0.02 0.01 0.01 0.01 0.01 0.01 0.01 0.02 0.02 0.02 0.03 0.03 0.03 0.02 0.06 0.65 1.12 3.64 0.01 0.01 0.01 0.01 0.02 0.03 0.03 0.03 0.03 0.03 0.03 0.03 0.03 0.02 0.03 0.08 0.12 0.10 0.21 0.11 0.16 0.25 0.42 0.13 0.07 0.07 0.11 0.18 0.14 1.13
0.02 0.02 0.03 0.04 0.04 0.07 0.04 0.01 0.02 0.02 0.02 0.02 0.03 0.03 0.04 0.03 0.04 0.03 0.06 0.01 0.01 0.01 0.01 0.03 0.04 0.05 0.05 0.07 0.08 1.35 2.11 2.08 1.23 1.15 0.02 0.01 0.01 0.01 0.01 0.01 0.01 0.01 0.02 0.02 0.02 0.02 0.02 0.03 0.06 0.07 0.08 0.35 2.12 1.99 0.01 0.01 0.01 0.02 0.02 0.02 0.02 0.02 0.02 0.05 0.06 0.19 0.15 0.16 0.17 0.12 0.10 0.06 0.06 0.23 0.12 0.22 0.23 0.31 0.21 0.09 0.26 0.22 1.21 1.20
0.02 0.03 0.03 0.04 0.04 0.06 0.06 0.01 0.01 0.02 0.02 0.03 0.04 0.05 0.06 0.05 0.04 0.06 0.13 0.13 0.01 0.01 0.02 0.03 0.03 0.05 1.20 1.60 2.02 2.06 1.47 0.27 0.02 0.02 0.01 0.01 0.01 0.01 0.01 0.01 0.02 0.02 0.02 0.02 0.03 0.03 0.05 0.06 0.06 0.04 0.10 1.03 2.99 1.11 0.01 0.01 0.01 0.02 0.03 0.02 0.03 0.04 0.05 0.05 0.04 0.12 0.01 0.01 0.01 0.01 0.05 0.08 0.09 0.08 0.05 0.38 0.24 0.33 0.43 0.35 0.40 0.82 1.17 0.49
0.03 0.03 0.03 0.03 0.03 0.06 0.08 0.02 0.01 0.01 0.02 0.03 0.02 0.03 0.03 0.03 0.04 0.03 0.01 0.06 0.04 0.04 0.03 0.03 0.04 1.47 1.78 1.51 1.20 0.69 0.41 0.01 0.01 0.01 0.01 0.01 0.01 0.01 0.01 0.02 0.02 0.02 0.02 0.02 0.03 0.05 0.05 0.04 0.04 0.14 4.27 3.95 3.57 0.02 0.01 0.01 0.03 0.03 0.03 0.02 0.03 0.03 0.03 0.03 0.02 0.06 0.01 0.01 0.04 0.09 0.07 0.04 0.07 0.04 0.02 0.38 0.29 0.25 0.27 0.84 0.57 0.95 0.39 0.11
0.04 0.04 0.06 0.03 0.02 0.05 0.14 0.03 0.02 0.01 0.02 0.03 0.02 0.02 0.03 0.03 0.06 0.02 0.01 0.04 0.05 0.06 0.05 0.05 2.60 2.30 1.90 0.76 0.41 0.03 0.02 0.01 0.01 0.00 0.01 0.01 0.00 0.01 0.01 0.02 0.02 0.03 0.03 0.04 0.04 0.04 0.03 0.04 0.02 0.24 4.51 1.46 0.02 0.01 0.01 0.02 0.02 0.02 0.03 0.04 0.04 0.02 0.02 0.02 0.01 0.03 0.08 0.08 0.08 0.05 0.04 0.03 0.05 0.24 0.58 0.65 0.22 0.13 0.27 0.81 0.51 0.33 0.13 0.22
2.12 2.26 2.47 3.11 0.01 0.04 0.13 0.03 0.02 0.01 0.01 0.04 0.04 0.02 0.02 0.04 0.93 0.49 0.45 1.35 1.65 1.69 2.22 2.96 2.74 0.98 0.02 0.02 0.01 0.02 0.01 0.01 0.00 0.01 0.04 0.02 0.01 0.01 0.02 0.02 0.02 0.03 0.03 0.06 0.04 0.03 0.03 0.04 0.05 3.63 3.08 0.02 0.01 0.01 0.01 0.01 0.01 0.02 0.03 0.05 0.05 0.05 0.04 0.04 0.04 0.05 0.05 0.01 0.01 0.01 0.01 0.02 0.04 0.59 0.61 0.33 0.01 0.14 0.37 0.92 0.06 0.03 0.04 0.02
1.55 0.02 0.03 2.88 2.47 3.01 2.59 1.43 2.43 2.38 2.22 1.64 2.24 1.88 2.73 2.53 1.54 2.19 2.08 1.90 1.39 0.79 0.56 0.32 0.22 0.17 0.01 0.01 0.01 0.00 0.01 0.01 0.01 0.02 0.04 0.02 0.02 0.02 0.02 0.02 0.04 0.03 0.04 0.02 0.03 0.04 0.03 0.04 4.18 4.02 0.91 0.02 0.01 0.01 0.01 0.02 0.04 0.05 0.06 0.08 0.08 0.07 0.07 0.07 0.05 0.03 0.11 0.01 0.01 0.03 0.03 0.03 0.08 0.64 0.01 0.29 0.01 0.25 0.58 0.60 0.03 0.03 0.01 0.03
0.02 0.03 0.04 0.03 0.03 0.02 0.02 1.58 1.72 0.04 0.04 0.09 0.01 0.03 0.02 0.02 0.02 0.02 0.03 0.02 0.03 0.01 0.01 0.01 0.01 0.01 0.01 0.01 0.01 0.01 0.02 0.03 0.01 0.02 0.03 0.02 0.02 0.02 0.02 0.02 0.03 0.04 0.05 0.06 0.02 0.03 0.06 3.53 4.31 2.75 0.03 0.02 0.01 0.01 0.02 0.04 0.04 0.03 0.02 0.02 0.03 0.05 0.04 0.04 0.04 0.03 0.09 0.01 0.02 0.02 0.03 0.02 0.13 0.63 0.01 0.89 0.92 0.55 0.64 0.46 0.03 0.03 0.01 0.03
0.01 0.02 0.02 0.02 0.01 0.02 0.02 0.03 0.03 0.05 0.03 0.02 0.02 0.02 0.02 0.02 0.02 0.02 0.02 0.02 0.01 0.02 0.01 0.01 0.01 0.01 0.02 0.02 0.01 0.02 0.02 0.03 0.02 0.03 0.04 0.03 0.25 0.26 0.01 0.02 0.03 0.04 0.05 0.06 0.04 0.03 0.08 3.14 0.19 0.02 0.01 0.01 0.01 0.02 0.02 0.02 0.02 0.03 0.03 0.03 0.04 0.05 0.05 0.04 0.04 0.07 0.20 0.21 0.01 0.01 0.02 0.04 0.15 0.39 0.69 0.93 0.96 0.58 0.25 0.17 0.02 0.04 0.02 0.04
0.01 0.01 0.01 0.02 0.02 0.02 0.02 0.02 0.02 0.03 0.04 0.03 0.01 0.02 0.02 0.02 0.01 0.01 0.01 0.01 0.01 0.01 0.01 0.01 0.01 0.02 0.02 0.03 0.03 0.00 0.00 0.03 0.02 0.03 0.03 0.36 0.23 0.21 0.15 0.10 0.09 0.12 0.08 0.08 0.07 0.06 0.19 3.57 0.02 0.01 0.01 0.01 0.01 0.02 0.02 0.01 0.02 0.02 0.03 0.03 0.04 0.04 0.05 0.05 0.12 0.16 0.10 0.22 0.09 0.08 0.06 0.72 0.35 0.24 0.83 0.86 0.85 0.09 0.01 0.02 0.02 0.01 0.02 0.04
0.01 0.01 0.01 0.01 0.01 0.01 0.01 0.02 0.02 0.04 0.02 0.02 0.02 0.01 0.02 0.01 0.01 0.01 0.01 0.01 0.01 0.02 0.04 0.04 0.07 0.10 0.14 0.11 0.21 0.04 0.05 0.01 0.00 0.02 0.02 0.37 0.01 0.08 0.13 0.14 0.13 0.11 0.09 0.33 0.74 0.80 3.04 2.55 0.01 0.01 0.01 0.01 0.02 0.03 0.03 0.03 0.02 0.03 0.03 0.03 0.04 0.10 0.12 0.10 0.38 0.01 0.01 0.05 0.07 0.11 0.50 0.83 0.25 0.20 0.19 0.20 0.48 0.18 0.18 0.01 0.02 0.01 0.02 0.06
0.01 0.01 0.01 0.01 0.01 0.01 0.01 0.01 0.01 0.02 0.01 0.02 0.01 0.01 0.02 0.02 0.02 0.02 0.02 0.02 0.03 0.06 0.07 0.11 0.12 0.09 0.08 0.29 0.20 0.12 0.07 0.09 0.28 0.55 0.51 0.36 0.14 0.10 0.08 0.07 0.10 0.08 0.23 2.08 2.93 2.96 2.99 0.02 0.01 0.01 0.01 0.01 0.02 0.02 0.02 0.03 0.03 0.03 0.03 0.10 0.15 0.12 0.06 0.13 0.53 0.01 0.01 0.03 0.05 0.71 0.90 0.77 0.69 0.35 0.14 0.12 0.20 0.15 0.18 0.11 0.03 0.01 0.01 0.11
0.01 0.01 0.01 0.02 0.02 0.01 0.01 0.01 0.01 0.01 0.01 0.01 0.02 0.02 0.03 0.05 0.06 0.06 0.06 0.10 0.10 0.08 0.06 0.06 0.05 0.04 0.04 0.05 0.01 0.01 0.02 0.09 0.01 0.02 0.02 0.09 0.13 0.10 0.08 0.07 0.09 0.18 3.71 3.28 3.09 0.67 0.04 0.02 0.01 0.01 0.01 0.02 0.02 0.02 0.03 0.03 0.03 0.06 0.06 0.09 0.10 0.08 0.08 0.12 0.58 0.04 0.03 0.21 0.84 0.97 0.64 0.08 0.15 0.44 0.06 0.15 0.15 0.19 0.03 0.03 0.03 0.08 0.17 0.16
0.02 0.01 0.01 0.03 0.02 0.01 0.01 0.01 0.01 0.01 0.01 0.01 0.01 0.02 0.02 0.02 0.03 0.03 0.03 0.03 0.03 0.03 0.04 0.04 0.03 0.02 0.02 0.02 0.01 0.02 0.01 0.02 0.03 0.02 0.02 0.02 0.07 0.08 0.08 0.08 0.11 3.59 3.71 0.02 0.02 0.03 0.03 0.01 0.01 0.01 0.02 0.02 0.03 0.03 0.04 0.04 0.04 0.09 0.30 0.12 0.07 0.14 0.18 0.17 0.60 0.37 0.48 0.82 0.74 0.65 0.08 0.07 0.09 0.23 0.12 0.20 0.18 0.20 0.04 0.02 0.02 0.06 0.01 0.14
3.02 0.01 0.02 0.03 0.02 0.02 0.01 0.01 0.01 0.01 0.01 0.01 0.01 0.01 0.01 0.02 0.02 0.02 0.03 0.03 0.03 0.03 0.03 0.02 0.02 0.02 0.01 0.01 0.01 0.01 0.01 0.01 0.02 0.02 0.01 0.02 0.05 0.07 0.05 0.07 0.74 3.52 0.96 0.06 0.04 0.01 0.01 0.01 0.01 0.01 0.02 0.03 0.03 0.05 0.11 0.15 0.20 0.21 0.12 0.06 0.14 0.19 0.20 0.18 0.32 0.41 0.38 0.43 0.25 0.12 0.10 0.09 0.07 0.09 0.14 0.23 0.19 0.14 0.07 0.03 0.04 0.03 0.01 0.02
2.99 0.02 0.02 0.02 0.02 0.02 0.02 0.01 0.01 0.01 0.01 0.01 0.01 0.01 0.01 0.01 0.01 0.02 0.02 0.02 0.02 0.02 0.02 0.01 0.01 0.01 0.01 0.01 0.02 0.03 0.02 0.01 0.01 0.01 0.01 0.02 0.04 0.06 0.04 0.06 1.10 3.86 0.91 0.02 0.04 0.01 0.01 0.01 0.01 0.03 0.04 0.04 0.04 0.17 0.16 0.14 0.15 0.14 0.22 0.20 0.18 0.18 0.20 0.15 0.19 0.41 0.06 0.44 0.07 0.10 0.09 0.08 0.05 0.13 0.22 0.20 0.08 0.15 0.10 0.03 0.03 0.01 0.02 0.02
2.91 0.32 0.01 4.98 5.00 0.02 0.02 0.02 0.02 0.02 0.01 0.02 0.02 0.03 0.01 0.01 0.01 0.01 0.02 0.01 0.02 0.02 0.01 0.01 0.01 0.01 0.01 0.01 0.03 0.02 0.02 0.02 0.02 0.01 0.02 0.04 0.51 0.89 0.03 3.17 2.50 3.42 0.02 0.02 0.01 0.01 0.01 0.05 0.05 0.03 0.03 0.16 0.25 0.22 0.17 0.10 0.10 0.13 0.13 0.22 0.20 0.16 0.15 0.13 0.13 0.28 0.33 0.69 0.11 0.11 0.07 0.05 0.08 0.18 0.13 0.10 0.10 0.15 0.02 0.02 0.03 0.02 0.02 0.02
2.82 2.58 5.12 4.95 5.02 0.02 0.02 0.02 0.02 0.01 0.03 0.02 0.02 0.06 0.01 0.03 0.01 0.01 0.01 0.01 0.01 0.01 0.02 0.01 0.01 0.01 0.01 0.01 0.03 0.04 0.02 0.02 0.02 0.31 3.17 3.86 3.91 4.16 3.90 3.54 0.99 0.02 0.02 0.02 0.01 0.01 0.01 0.03 0.06 0.05 0.17 0.14 0.15 0.14 0.11 0.14 0.14 0.13 0.10 0.12 0.16 0.15 0.14 0.11 0.11 0.25 0.59 0.71 0.19 0.12 0.04 0.05 0.09 0.17 0.05 0.16 0.16 0.04 0.02 0.02 0.02 0.02 0.02 0.01
0.03 0.03 0.07 0.02 4.89 4.73 4.55 0.02 0.02 0.01 0.02 0.02 0.02 0.05 0.06 0.03 0.01 0.01 0.02 0.01 0.01 0.01 0.02 0.02 0.02 0.02 0.01 0.04 0.03 0.03 0.03 0.02 2.47 2.67 2.79 0.02 0.01 0.02 0.04 0.04 0.01 0.02 0.01 0.01 0.01 0.01 0.01 0.06 0.15 0.24 0.20 0.15 0.12 0.07 0.07 0.08 0.07 0.08 0.10 0.11 0.12 0.10 0.09 0.10 0.10 0.12 0.30 0.28 0.17 0.18 0.07 0.06 0.08 0.15 0.09 0.34 0.03 0.05 0.01 0.02 0.02 0.01 0.06 0.08
0.03 0.03 0.04 0.05 0.03 0.03 4.33 0.65 0.02 0.01 0.01 0.03 0.02 0.03 0.02 0.02 0.02 0.01 0.02 0.02 0.02 0.02 0.02 0.02 0.02 0.02 0.02 0.10 0.05 0.05 2.49 2.51 2.50 0.02 0.05 0.02 0.01 0.02 0.03 0.04 0.01 0.01 0.01 0.01 0.01 0.08 0.19 0.15 0.13 0.12 0.13 0.10 0.05 0.10 0.08 0.05 0.04 0.08 0.11 0.09 0.09 0.10 0.10 0.09 0.08 0.07 0.09 0.43 0.39 0.40 0.33 0.06 0.09 0.14 0.05 0.23 0.04 0.04 0.01 0.02 0.02 0.07 0.03 0.03
0.03 0.03 0.03 0.03 0.04 0.02 4.09 0.52 1.21 0.01 0.01 0.03 0.01 0.04 0.03 0.02 0.03 0.01 0.01 0.02 0.02 0.02 0.02 0.02 0.02 0.01 0.06 0.00 0.01 3.20 2.97 0.25 0.01 0.02 0.04 0.02 0.01 0.01 0.02 0.01 0.01 0.01 0.01 0.07 0.13 0.16 0.13 0.08 0.07 0.07 0.12 0.08 0.11 0.09 0.05 0.05 0.03 0.13 0.10 0.08 0.10 0.11 0.11 0.09 0.07 0.06 0.09 0.10 0.14 0.19 0.18 0.14 0.12 0.11 0.10 0.31 0.26 0.01 0.01 0.02 0.08 0.02 0.11 0.06
0.03 0.03 0.03 0.03 0.03 0.02 3.82 3.46 2.90 3.40 2.89 1.87 3.13 2.46 0.02 0.01 0.02 0.02 0.02 0.01 0.01 0.02 0.02 0.02 0.03 0.03 0.18 0.10 3.79 3.31 0.02 0.02 0.01 0.01 0.02 0.02 0.01 0.01 0.01 0.01 0.01 0.06 0.13 0.11 0.10 0.09 0.09 0.08 0.08 0.08 0.08 0.11 0.10 0.06 0.04 0.13 0.38 0.28 0.09 0.08 0.10 0.12 0.10 0.06 0.07 0.07 0.12 0.12 0.12 0.13 0.12 0.11 0.11 0.08 0.09 0.06 0.33 0.33 0.30 0.01 0.01 0.10 0.09 0.22
0.03 0.03 0.03 0.03 0.03 0.04 0.02 0.05 0.01 0.02 0.02 0.54 3.33 3.41 3.02 2.76 0.01 0.02 0.04 0.01 0.02 0.02 0.05 0.05 0.09 0.12 0.13 0.14 4.13 0.96 0.01 0.01 0.01 0.01 0.02 0.02 0.01 0.01 0.01 0.01 0.08 0.09 0.09 0.08 0.07 0.08 0.08 0.08 0.08 0.10 0.09 0.06 0.05 0.06 0.13 0.11 0.26 0.08 0.10 0.11 0.12 0.13 0.06 0.06 0.07 0.05 0.12 0.15 0.14 0.11 0.11 0.15 0.14 0.02 0.04 0.04 0.04 0.06 0.03 0.02 0.06 0.18 0.01 0.15
0.02 0.03 0.02 0.03 0.04 0.04 0.02 0.03 0.01 0.02 0.02 0.01 0.42 0.16 1.23 2.26 1.87 2.08 2.20 0.01 0.01 0.04 0.06 0.01 0.01 0.03 0.01 0.65 4.43 2.40 0.01 0.01 0.01 0.01 0.01 0.01 0.01 0.02 0.02 0.07 0.13 0.13 0.10 0.09 0.08 0.07 0.08 0.08 0.08 0.09 0.07 0.05 0.04 0.04 0.04 0.08 0.06 0.06 0.12 0.10 0.09 0.11 0.07 0.07 0.08 0.05 0.20 0.15 0.07 0.11 0.16 0.14 0.08 0.04 0.06 0.05 0.05 0.06 0.04 0.03 0.05 0.05 0.03 0.14
0.02 0.02 0.02 0.02 0.02 0.02 0.04 0.04 0.07 0.08 0.05 0.44 0.51 0.01 0.03 0.02 0.03 0.02 2.26 2.63 0.01 0.01 0.03 0.01 0.00 0.01 0.01 1.53 4.68 0.04 0.02 0.01 0.01 0.01 0.01 0.07 0.10 0.13 0.13 0.16 0.10 0.07 0.06 0.07 0.06 0.06 0.10 0.09 0.07 0.06 0.06 0.04 0.04 0.04 0.05 0.08 0.06 0.06 0.07 0.09 0.08 0.10 0.19 0.09 0.18 0.35 0.37 0.01 0.02 0.19 0.11 0.08 0.05 0.04 0.06 0.05 0.05 0.07 0.09 0.08 0.06 0.10 0.10 0.09
0.01 0.01 0.01 0.01 0.01 0.01 0.02 0.02 0.05 0.04 0.03 0.42 0.25 0.01 0.04 0.01 0.02 0.04 0.05 3.08 3.17 0.00 0.01 0.02 0.01 0.01 0.01 2.22 2.67 0.02 0.02 0.02 0.01 0.01 0.05 0.06 0.06 0.06 0.06 0.06 0.04 0.05 0.04 0.05 0.05 0.05 0.06 0.06 0.05 0.04 0.04 0.04 0.03 0.04 0.05 0.07 0.06 0.06 0.07 0.09 0.10 0.10 0.15 0.19 0.27 0.13 0.07 0.13 0.23 0.23 0.02 0.05 0.03 0.03 0.04 0.08 0.08 0.08 0.05 0.04 0.03 0.06 0.06 0.05
0.01 0.01 0.01 0.01 0.01 0.01 0.01 0.01 0.14 0.40 0.47 0.54 0.03 0.02 0.03 0.02 0.03 0.03 0.03 0.04 3.34 3.59 3.36 3.02 2.42 2.37 2.42 2.36 0.26 0.03 0.03 0.01 0.01 0.04 0.05 0.05 0.05 0.04 0.04 0.06 0.05 0.04 0.04 0.05 0.05 0.05 0.04 0.05 0.04 0.04 0.04 0.04 0.03 0.04 0.06 0.07 0.07 0.07 0.10 0.12 0.11 0.12 0.13 0.16 0.20 0.02 0.11 0.11 0.08 0.09 0.02 0.04 0.04 0.03 0.07 0.12 0.10 0.06 0.03 0.03 0.03 0.04 0.05 0.02
0.02 0.01 0.01 0.01 0.01 0.01 0.01 0.56 0.37 0.35 0.15 0.02 0.02 0.03 0.03 0.04 0.04 0.03 0.03 0.03 0.04 0.10 0.01 0.02 0.02 0.03 0.04 0.09 0.03 0.02 0.02 0.01 0.01 0.04 0.04 0.05 0.05 0.03 0.03 0.03 0.04 0.04 0.05 0.04 0.04 0.04 0.04 0.04 0.03 0.03 0.03 0.04 0.03 0.05 0.05 0.07 0.08 0.09 0.09 0.15 0.11 0.12 0.12 0.08 0.11 0.15 0.13 0.08 0.05 0.03 0.03 0.04 0.05 0.04 0.11 0.19 0.02 0.02 0.02 0.01 0.02 0.02 0.03 0.03
0.02 0.02 0.02 0.02 0.02 0.23 0.57 0.62 0.02 0.01 0.02 0.02 0.02 0.03 0.05 0.11 0.04 0.04 0.04 0.03 0.05 0.11 0.01 0.01 0.02 0.03 0.04 0.05 0.03 0.01 0.02 0.01 0.03 0.05 0.04 0.04 0.04 0.04 0.03 0.03 0.03 0.04 0.03 0.03 0.05 0.04 0.06 0.03 0.02 0.02 0.02 0.04 0.06 0.09 0.08 0.08 0.12 0.15 0.10 0.14 0.12 0.12 0.08 0.09 0.17 0.06 0.07 0.02 0.02 0.02 0.03 0.05 0.06 0.03 0.19 0.02 0.02 0.02 0.02 0.01 0.02 0.02 0.02 0.05
