NEW_versions/S_Waiehu/Scripts/Results/S_Waiehu_50m/MaxFloodMaps/S_Waiehu_50m_1.asc
NCOLS 296
NROWS 126
XLLCENTER 753498.390000
YLLCENTER 2312278.410000
CELLSIZE 25.000000
NODATA_value -99999.000000
[rows 38 to 75 of 126, columns 168 to 251 of 296]
0.17 0.05 0.07 0.08 0.05 0.04 0.03 0.02 0.02 0.02 0.01 0.01 0.02 0.02 0.01 0.01 0.02 0.02 0.02 0.02 0.02 0.02 0.01 0.01 0.01 0.01 0.01 0.02 0.02 0.01 0.01 0.01 0.01 0.02 0.01 0.01 0.01 0.02 0.05 0.07 0.04 0.02 0.02 0.02 0.01 0.01 1.46 0.01 0.04 0.01 0.00 0.01 0.01 0.01 0.02 0.02 2.42 2.35 0.01 0.01 0.01 0.01 0.02 0.02 0.03 0.05 0.06 0.18 0.20 0.13 0.09 0.07 0.06 0.06 0.04 0.03 0.03 0.22 0.31 0.40 0.25 0.15 0.02 0.02
0.02 0.06 0.06 0.01 0.01 0.01 0.01 0.02 0.02 0.01 0.01 0.01 0.02 0.01 0.01 0.01 0.01 0.01 0.01 0.01 0.01 0.02 0.02 0.02 0.01 0.01 0.04 0.03 0.02 0.01 0.01 0.01 0.01 0.02 0.01 0.01 0.01 0.01 0.02 0.01 0.01 0.02 0.01 0.02 0.01 1.65 1.38 0.01 0.02 0.01 0.01 0.02 0.03 0.03 0.75 2.19 2.26 0.01 0.01 0.01 0.01 0.01 0.01 0.02 0.03 0.08 0.23 0.11 0.07 0.04 0.09 0.05 0.07 0.06 0.05 0.25 0.48 0.44 0.01 0.01 0.02 0.09 0.05 0.02
0.01 0.01 0.00 0.01 0.01 0.02 0.01 0.01 0.01 0.01 0.01 0.01 0.01 0.01 0.01 0.01 0.01 0.01 0.01 0.01 0.01 0.01 0.03 0.00 0.01 0.01 0.08 0.00 0.00 0.01 0.01 0.01 0.02 0.01 0.01 0.01 0.02 0.01 0.01 0.01 0.02 0.02 0.02 1.57 1.57 1.59 0.01 0.01 0.02 0.01 0.01 0.01 0.01 0.07 2.37 2.02 0.01 0.01 0.01 0.01 0.01 0.01 0.01 0.03 0.04 0.04 0.02 0.02 0.02 0.01 0.01 0.02 0.13 0.22 0.23 0.23 0.01 0.01 0.01 0.01 0.03 0.07 0.04 0.06
0.02 0.01 0.01 0.01 0.01 0.02 0.03 0.03 0.02 0.02 0.01 0.01 0.01 0.01 0.01 0.01 0.01 0.01 0.01 0.01 0.01 0.02 0.03 0.01 0.01 0.02 0.02 0.01 0.01 0.00 0.01 0.01 0.01 0.01 0.01 0.01 0.02 0.01 0.02 0.01 1.93 1.35 2.20 1.81 0.01 0.01 0.01 0.01 0.01 0.01 0.01 0.01 0.03 0.12 2.76 0.01 0.01 0.01 0.01 0.02 0.01 0.02 0.01 0.02 0.07 0.01 0.01 0.01 0.01 0.01 0.02 0.03 0.09 0.09 0.02 0.00 0.01 0.04 0.03 0.03 0.13 0.12 0.17 0.16
0.02 0.02 0.02 0.01 0.01 0.01 0.02 0.02 0.03 0.02 0.02 0.01 0.01 0.01 0.01 0.01 0.01 0.01 0.01 0.01 0.01 0.01 0.02 0.01 0.02 0.03 0.03 0.02 0.02 0.02 0.03 0.02 0.02 0.02 0.02 0.02 0.02 0.02 0.02 2.40 2.22 0.02 0.01 0.01 0.01 0.00 0.01 0.01 0.01 0.01 0.02 0.02 0.05 0.19 1.87 0.01 0.01 0.01 0.01 0.01 0.01 0.01 0.01 0.02 0.06 0.01 0.01 0.01 0.01 0.02 0.02 0.02 0.16 0.01 0.01 0.01 0.01 0.04 0.12 0.20 0.19 0.14 0.12 0.13
0.01 0.01 0.02 0.02 0.02 0.01 0.01 0.01 0.02 0.02 0.02 0.01 0.01 0.01 0.01 0.01 0.01 0.01 0.01 0.01 0.01 0.02 0.02 0.02 0.03 0.02 0.03 0.03 0.02 0.03 0.02 0.02 0.02 0.02 0.03 0.03 0.02 0.02 2.60 2.52 0.02 0.01 0.00 0.01 0.01 0.01 0.01 0.01 0.01 0.02 0.02 0.04 0.06 0.50 1.54 0.01 0.01 0.01 0.01 0.01 0.01 0.01 0.01 0.02 0.03 0.04 0.02 0.03 0.06 0.04 0.02 0.01 0.16 0.01 0.01 0.02 0.02 0.04 0.12 0.14 0.13 0.12 0.08 0.12
0.01 0.01 0.01 0.02 0.02 0.01 0.01 0.01 0.01 0.01 0.01 0.01 0.01 0.01 0.01 0.02 0.02 0.01 0.02 0.02 0.03 0.03 0.04 0.04 0.03 0.03 0.05 0.05 0.04 0.03 0.02 0.02 0.02 0.03 0.03 0.03 0.80 1.47 2.66 0.01 0.01 0.01 0.01 0.01 0.01 0.01 0.01 0.01 0.02 0.02 0.04 0.04 0.14 0.64 1.91 0.01 0.01 0.01 0.02 0.03 0.04 0.05 0.06 0.05 0.05 0.09 0.08 0.07 0.05 0.05 0.04 0.03 0.15 0.12 0.11 0.12 0.11 0.07 0.16 0.15 0.10 0.08 0.07 0.14
0.01 0.01 0.02 0.02 0.02 0.03 0.01 0.01 0.01 0.01 0.01 0.01 0.02 0.02 0.02 0.02 0.02 0.02 0.02 0.04 0.06 0.02 0.04 0.04 0.03 0.04 0.03 0.03 0.04 0.04 0.03 0.03 0.03 0.02 0.03 1.97 1.61 1.09 0.01 0.01 0.01 0.01 0.01 0.01 0.01 0.01 0.01 0.02 0.02 0.05 0.05 0.03 0.20 2.00 1.62 0.01 0.01 0.01 0.01 0.01 0.02 0.02 0.02 0.02 0.02 0.03 0.03 0.02 0.04 0.06 0.05 0.02 0.21 0.04 0.03 0.02 0.36 0.39 0.27 0.12 0.11 0.09 0.07 0.25
0.01 0.02 0.01 0.02 0.02 0.04 0.01 0.01 0.01 0.01 0.02 0.02 0.02 0.02 0.02 0.02 0.02 0.02 0.03 0.02 0.02 0.03 0.06 0.06 0.05 0.05 0.03 0.04 0.04 0.04 0.04 0.03 0.03 0.02 0.01 1.93 0.01 0.01 0.01 0.00 0.00 0.01 0.01 0.01 0.01 0.02 0.02 0.03 0.05 0.04 0.05 0.04 0.41 2.40 0.01 0.01 0.01 0.01 0.01 0.01 0.02 0.02 0.02 0.02 0.01 0.01 0.01 0.01 0.01 0.01 0.02 0.04 0.22 0.01 0.01 0.09 0.34 0.05 0.04 0.03 0.05 0.06 0.05 0.66
0.01 0.02 0.02 0.03 0.03 0.05 0.03 0.01 0.01 0.01 0.01 0.02 0.02 0.02 0.03 0.02 0.03 0.03 0.03 0.03 0.03 0.03 0.02 0.03 0.04 0.04 0.04 0.05 0.05 0.06 0.05 0.66 1.32 1.83 1.84 1.87 0.01 0.01 0.01 0.00 0.01 0.01 0.01 0.01 0.01 0.02 0.02 0.02 0.02 0.01 0.04 0.10 0.68 2.56 0.01 0.01 0.01 0.01 0.02 0.02 0.02 0.02 0.02 0.02 0.02 0.02 0.02 0.02 0.02 0.05 0.08 0.07 0.15 0.07 0.11 0.16 0.25 0.07 0.03 0.03 0.06 0.09 0.05 0.78
0.01 0.02 0.02 0.03 0.03 0.05 0.02 0.01 0.01 0.01 0.01 0.02 0.02 0.02 0.03 0.02 0.03 0.02 0.04 0.00 0.00 0.00 0.01 0.02 0.03 0.03 0.04 0.05 0.04 0.84 1.39 1.44 0.78 0.67 0.01 0.01 0.01 0.01 0.01 0.01 0.01 0.01 0.01 0.01 0.01 0.02 0.02 0.02 0.04 0.05 0.05 0.03 1.51 1.26 0.01 0.01 0.01 0.01 0.01 0.01 0.02 0.01 0.02 0.04 0.04 0.13 0.11 0.11 0.12 0.09 0.07 0.04 0.04 0.16 0.08 0.14 0.14 0.19 0.12 0.05 0.15 0.10 0.82 0.78
0.02 0.02 0.02 0.03 0.03 0.04 0.04 0.01 0.01 0.01 0.02 0.02 0.03 0.03 0.04 0.03 0.03 0.05 0.09 0.09 0.00 0.01 0.01 0.02 0.02 0.03 0.73 1.02 1.33 1.43 0.96 0.02 0.01 0.01 0.01 0.01 0.01 0.00 0.01 0.01 0.01 0.01 0.01 0.01 0.02 0.02 0.04 0.04 0.04 0.03 0.02 0.33 2.25 0.50 0.01 0.01 0.01 0.01 0.02 0.01 0.02 0.03 0.04 0.03 0.03 0.09 0.01 0.01 0.01 0.01 0.03 0.06 0.06 0.06 0.03 0.25 0.14 0.19 0.25 0.19 0.24 0.56 0.81 0.20
0.02 0.02 0.02 0.02 0.02 0.04 0.06 0.01 0.01 0.01 0.01 0.02 0.02 0.02 0.02 0.02 0.03 0.02 0.01 0.04 0.03 0.03 0.02 0.02 0.02 0.88 1.23 0.99 0.75 0.40 0.21 0.01 0.01 0.01 0.01 0.00 0.00 0.01 0.01 0.01 0.01 0.01 0.02 0.02 0.02 0.03 0.03 0.03 0.03 0.04 3.23 3.00 2.70 0.01 0.01 0.01 0.02 0.02 0.02 0.02 0.02 0.02 0.02 0.02 0.02 0.04 0.00 0.01 0.02 0.06 0.05 0.02 0.05 0.03 0.01 0.23 0.16 0.14 0.15 0.58 0.37 0.68 0.18 0.06
0.03 0.03 0.04 0.02 0.02 0.04 0.10 0.02 0.01 0.01 0.01 0.02 0.01 0.02 0.02 0.02 0.04 0.01 0.01 0.03 0.04 0.04 0.03 0.03 1.85 1.62 1.36 0.40 0.18 0.02 0.01 0.01 0.01 0.00 0.00 0.01 0.00 0.01 0.01 0.02 0.01 0.02 0.02 0.03 0.03 0.03 0.02 0.03 0.02 0.01 3.41 0.45 0.01 0.01 0.01 0.01 0.01 0.02 0.02 0.02 0.03 0.02 0.01 0.01 0.01 0.02 0.06 0.05 0.06 0.03 0.03 0.02 0.03 0.10 0.37 0.42 0.10 0.07 0.16 0.55 0.32 0.21 0.07 0.13
1.37 1.45 1.57 2.10 0.01 0.03 0.09 0.02 0.01 0.01 0.01 0.03 0.03 0.01 0.02 0.02 0.55 0.28 0.23 0.81 1.06 1.08 1.41 2.02 1.95 0.35 0.01 0.01 0.01 0.01 0.01 0.00 0.00 0.00 0.03 0.01 0.01 0.01 0.01 0.01 0.02 0.02 0.02 0.04 0.03 0.02 0.02 0.03 0.02 2.56 2.02 0.01 0.01 0.01 0.01 0.01 0.01 0.02 0.02 0.03 0.03 0.03 0.03 0.02 0.03 0.03 0.04 0.01 0.01 0.01 0.01 0.01 0.02 0.40 0.41 0.14 0.01 0.09 0.24 0.61 0.02 0.02 0.02 0.01
1.01 0.01 0.02 1.93 1.59 2.09 1.81 0.91 1.58 1.56 1.47 1.05 1.46 1.19 1.81 1.72 1.01 1.44 1.37 1.30 0.92 0.49 0.34 0.18 0.11 0.08 0.01 0.01 0.01 0.00 0.00 0.01 0.01 0.01 0.03 0.01 0.01 0.01 0.01 0.02 0.03 0.02 0.03 0.01 0.02 0.03 0.02 0.02 3.02 2.90 0.03 0.01 0.01 0.01 0.01 0.01 0.03 0.04 0.04 0.05 0.05 0.05 0.05 0.05 0.03 0.02 0.08 0.01 0.01 0.02 0.02 0.02 0.05 0.41 0.01 0.12 0.01 0.16 0.39 0.38 0.02 0.02 0.01 0.02
0.01 0.02 0.03 0.02 0.02 0.01 0.01 0.99 1.03 0.02 0.03 0.05 0.01 0.02 0.02 0.02 0.02 0.01 0.02 0.02 0.02 0.01 0.01 0.01 0.01 0.01 0.01 0.00 0.01 0.01 0.01 0.02 0.01 0.01 0.02 0.02 0.01 0.01 0.01 0.02 0.02 0.03 0.03 0.04 0.01 0.02 0.03 2.33 3.13 1.60 0.02 0.01 0.01 0.00 0.02 0.03 0.03 0.02 0.02 0.01 0.02 0.03 0.03 0.03 0.03 0.02 0.06 0.01 0.01 0.01 0.02 0.01 0.08 0.40 0.01 0.65 0.68 0.38 0.44 0.28 0.02 0.02 0.01 0.02
0.01 0.01 0.01 0.01 0.01 0.01 0.01 0.02 0.02 0.04 0.02 0.02 0.02 0.02 0.02 0.02 0.01 0.01 0.01 0.01 0.01 0.01 0.01 0.01 0.01 0.01 0.01 0.01 0.01 0.01 0.01 0.02 0.02 0.02 0.02 0.02 0.18 0.19 0.01 0.01 0.02 0.03 0.04 0.04 0.03 0.02 0.02 2.03 0.02 0.01 0.01 0.01 0.01 0.01 0.02 0.01 0.02 0.02 0.02 0.02 0.02 0.03 0.03 0.03 0.03 0.05 0.14 0.14 0.00 0.01 0.02 0.02 0.10 0.23 0.41 0.65 0.69 0.38 0.15 0.10 0.01 0.02 0.01 0.03
0.01 0.01 0.01 0.01 0.01 0.01 0.01 0.01 0.02 0.02 0.03 0.02 0.01 0.01 0.01 0.01 0.01 0.01 0.01 0.01 0.01 0.01 0.01 0.01 0.01 0.01 0.02 0.02 0.02 0.00 0.00 0.02 0.01 0.02 0.02 0.27 0.17 0.16 0.11 0.07 0.07 0.08 0.06 0.05 0.05 0.03 0.02 2.39 0.01 0.01 0.01 0.01 0.01 0.01 0.01 0.01 0.01 0.01 0.02 0.02 0.03 0.03 0.04 0.03 0.07 0.10 0.06 0.15 0.06 0.06 0.04 0.53 0.24 0.16 0.55 0.58 0.56 0.04 0.01 0.02 0.01 0.01 0.02 0.03
0.01 0.01 0.01 0.01 0.01 0.01 0.01 0.01 0.01 0.03 0.01 0.01 0.01 0.01 0.01 0.01 0.01 0.01 0.01 0.01 0.01 0.01 0.03 0.03 0.05 0.07 0.10 0.08 0.15 0.03 0.03 0.00 0.00 0.01 0.02 0.28 0.01 0.06 0.10 0.11 0.09 0.08 0.06 0.08 0.09 0.08 2.04 1.63 0.01 0.01 0.01 0.01 0.01 0.02 0.02 0.02 0.02 0.02 0.02 0.02 0.02 0.07 0.08 0.07 0.25 0.01 0.01 0.02 0.04 0.07 0.29 0.60 0.13 0.12 0.12 0.12 0.28 0.10 0.11 0.01 0.01 0.01 0.01 0.04
0.01 0.00 0.00 0.01 0.01 0.00 0.01 0.01 0.01 0.01 0.01 0.01 0.01 0.01 0.02 0.02 0.02 0.01 0.01 0.02 0.02 0.04 0.05 0.08 0.09 0.06 0.06 0.20 0.14 0.09 0.05 0.05 0.13 0.39 0.37 0.27 0.10 0.07 0.05 0.05 0.07 0.06 0.08 1.24 2.08 2.08 2.07 0.01 0.01 0.00 0.01 0.01 0.01 0.02 0.02 0.02 0.02 0.02 0.02 0.07 0.10 0.08 0.04 0.08 0.37 0.01 0.01 0.02 0.03 0.47 0.64 0.54 0.52 0.25 0.09 0.08 0.12 0.09 0.10 0.06 0.02 0.01 0.01 0.07
0.01 0.01 0.01 0.01 0.01 0.01 0.01 0.01 0.01 0.01 0.01 0.01 0.01 0.02 0.02 0.03 0.04 0.04 0.05 0.07 0.07 0.06 0.05 0.04 0.04 0.03 0.02 0.03 0.01 0.01 0.02 0.06 0.01 0.01 0.02 0.05 0.08 0.07 0.05 0.05 0.06 0.07 2.64 2.37 2.26 0.08 0.02 0.01 0.01 0.01 0.01 0.01 0.01 0.02 0.02 0.02 0.02 0.04 0.04 0.06 0.07 0.05 0.05 0.08 0.41 0.01 0.01 0.06 0.55 0.69 0.43 0.02 0.06 0.28 0.03 0.10 0.09 0.12 0.02 0.02 0.02 0.05 0.12 0.11
0.02 0.01 0.01 0.02 0.01 0.01 0.01 0.01 0.00 0.00 0.01 0.01 0.01 0.01 0.01 0.02 0.02 0.02 0.02 0.02 0.02 0.02 0.03 0.03 0.02 0.02 0.01 0.01 0.01 0.01 0.01 0.02 0.02 0.01 0.01 0.01 0.04 0.05 0.05 0.05 0.06 2.49 2.54 0.01 0.01 0.02 0.02 0.01 0.01 0.01 0.01 0.01 0.02 0.02 0.02 0.03 0.03 0.06 0.21 0.08 0.05 0.09 0.12 0.11 0.43 0.25 0.32 0.59 0.51 0.43 0.04 0.04 0.05 0.13 0.07 0.12 0.11 0.12 0.03 0.01 0.01 0.04 0.01 0.09
2.06 0.01 0.01 0.02 0.01 0.02 0.01 0.01 0.01 0.01 0.01 0.01 0.01 0.01 0.01 0.01 0.02 0.02 0.02 0.02 0.02 0.02 0.02 0.02 0.01 0.01 0.01 0.01 0.01 0.01 0.01 0.01 0.01 0.01 0.01 0.01 0.03 0.04 0.03 0.05 0.27 2.46 0.03 0.03 0.03 0.01 0.00 0.00 0.01 0.01 0.01 0.02 0.02 0.03 0.07 0.11 0.14 0.15 0.08 0.04 0.10 0.13 0.14 0.12 0.21 0.28 0.25 0.29 0.16 0.07 0.06 0.05 0.04 0.06 0.09 0.14 0.12 0.08 0.04 0.02 0.03 0.02 0.01 0.02
2.04 0.02 0.01 0.01 0.01 0.02 0.01 0.01 0.01 0.01 0.01 0.01 0.01 0.01 0.01 0.01 0.01 0.01 0.01 0.01 0.01 0.01 0.01 0.01 0.01 0.01 0.01 0.01 0.01 0.02 0.02 0.01 0.01 0.01 0.01 0.01 0.03 0.04 0.03 0.04 0.51 2.78 0.03 0.01 0.03 0.01 0.00 0.01 0.01 0.02 0.03 0.03 0.03 0.11 0.11 0.10 0.10 0.09 0.15 0.14 0.12 0.12 0.14 0.10 0.13 0.28 0.01 0.31 0.03 0.05 0.05 0.04 0.03 0.08 0.14 0.13 0.05 0.09 0.06 0.02 0.02 0.01 0.01 0.01
2.01 0.02 0.01 3.61 3.64 0.01 0.01 0.01 0.01 0.01 0.01 0.01 0.01 0.02 0.01 0.00 0.01 0.01 0.01 0.01 0.01 0.01 0.01 0.01 0.01 0.00 0.01 0.01 0.02 0.02 0.02 0.01 0.01 0.01 0.01 0.02 0.04 0.08 0.02 2.29 1.70 2.37 0.01 0.01 0.01 0.00 0.01 0.03 0.04 0.02 0.02 0.11 0.17 0.15 0.12 0.07 0.06 0.09 0.09 0.15 0.13 0.11 0.10 0.09 0.09 0.17 0.19 0.49 0.06 0.07 0.04 0.03 0.05 0.12 0.08 0.07 0.06 0.09 0.01 0.01 0.02 0.01 0.01 0.01
1.91 1.62 3.70 3.58 3.67 0.01 0.02 0.01 0.01 0.01 0.02 0.01 0.02 0.05 0.01 0.02 0.01 0.01 0.01 0.01 0.01 0.01 0.01 0.01 0.01 0.01 0.01 0.01 0.02 0.03 0.01 0.01 0.01 0.02 2.01 2.58 2.66 2.96 2.81 2.60 0.24 0.01 0.01 0.01 0.01 0.01 0.01 0.02 0.04 0.04 0.11 0.10 0.10 0.09 0.07 0.09 0.10 0.09 0.07 0.08 0.11 0.10 0.09 0.07 0.08 0.16 0.41 0.51 0.11 0.08 0.02 0.03 0.05 0.11 0.03 0.10 0.10 0.02 0.01 0.01 0.02 0.01 0.01 0.01
0.02 0.02 0.05 0.01 3.58 3.47 3.35 0.01 0.01 0.01 0.01 0.01 0.02 0.04 0.04 0.02 0.01 0.01 0.01 0.01 0.01 0.01 0.01 0.01 0.01 0.01 0.01 0.02 0.02 0.02 0.02 0.02 1.61 1.77 1.81 0.01 0.01 0.01 0.02 0.02 0.01 0.01 0.01 0.01 0.01 0.01 0.01 0.04 0.10 0.16 0.14 0.11 0.08 0.04 0.04 0.05 0.05 0.05 0.07 0.08 0.08 0.07 0.06 0.07 0.07 0.08 0.20 0.19 0.11 0.11 0.03 0.03 0.05 0.10 0.06 0.23 0.01 0.03 0.01 0.02 0.01 0.01 0.04 0.05
0.02 0.02 0.03 0.04 0.02 0.02 3.20 0.04 0.01 0.01 0.01 0.02 0.01 0.02 0.02 0.01 0.01 0.01 0.01 0.02 0.01 0.01 0.01 0.01 0.01 0.02 0.01 0.07 0.04 0.03 1.65 1.65 1.65 0.01 0.03 0.01 0.01 0.01 0.02 0.03 0.01 0.01 0.00 0.01 0.01 0.06 0.13 0.10 0.09 0.08 0.09 0.07 0.03 0.07 0.06 0.04 0.03 0.06 0.08 0.06 0.06 0.07 0.07 0.06 0.06 0.05 0.06 0.32 0.29 0.30 0.24 0.04 0.06 0.09 0.03 0.15 0.01 0.02 0.01 0.01 0.01 0.05 0.02 0.02
0.02 0.02 0.02 0.02 0.03 0.02 3.01 0.01 0.19 0.01 0.01 0.02 0.01 0.03 0.02 0.01 0.02 0.01 0.01 0.01 0.01 0.01 0.01 0.01 0.02 0.01 0.04 0.00 0.00 2.17 2.03 0.02 0.01 0.01 0.03 0.01 0.01 0.01 0.02 0.01 0.01 0.01 0.01 0.05 0.09 0.11 0.09 0.05 0.05 0.05 0.08 0.05 0.07 0.06 0.03 0.04 0.02 0.09 0.07 0.06 0.07 0.08 0.07 0.06 0.05 0.04 0.06 0.06 0.09 0.13 0.12 0.09 0.08 0.08 0.06 0.21 0.17 0.01 0.01 0.01 0.05 0.02 0.07 0.04
0.02 0.02 0.02 0.02 0.02 0.02 2.78 2.46 1.94 2.43 2.07 1.28 2.19 1.54 0.02 0.01 0.01 0.01 0.01 0.01 0.01 0.01 0.01 0.01 0.02 0.02 0.13 0.06 2.69 2.22 0.01 0.01 0.01 0.01 0.02 0.01 0.01 0.01 0.01 0.01 0.01 0.04 0.09 0.07 0.07 0.06 0.06 0.05 0.05 0.06 0.06 0.08 0.07 0.04 0.03 0.09 0.28 0.20 0.06 0.06 0.07 0.08 0.07 0.04 0.04 0.04 0.08 0.08 0.08 0.09 0.08 0.07 0.07 0.06 0.06 0.04 0.22 0.21 0.18 0.01 0.01 0.07 0.06 0.14
0.02 0.02 0.02 0.02 0.02 0.03 0.02 0.03 0.00 0.01 0.01 0.18 2.33 2.44 2.22 2.01 0.01 0.01 0.02 0.01 0.01 0.02 0.04 0.03 0.06 0.09 0.09 0.07 3.01 0.04 0.01 0.01 0.01 0.01 0.01 0.01 0.01 0.00 0.00 0.01 0.05 0.06 0.06 0.05 0.05 0.06 0.05 0.05 0.06 0.07 0.06 0.04 0.04 0.04 0.09 0.07 0.19 0.04 0.06 0.07 0.08 0.09 0.04 0.04 0.05 0.03 0.08 0.10 0.09 0.08 0.07 0.10 0.10 0.01 0.03 0.03 0.02 0.04 0.02 0.01 0.04 0.13 0.01 0.10
0.01 0.02 0.02 0.02 0.03 0.03 0.01 0.02 0.00 0.01 0.01 0.01 0.29 0.09 0.58 1.53 1.24 1.38 1.46 0.01 0.01 0.03 0.04 0.00 0.01 0.02 0.01 0.19 3.26 1.26 0.01 0.01 0.01 0.01 0.01 0.01 0.01 0.02 0.01 0.05 0.09 0.09 0.07 0.06 0.05 0.05 0.05 0.06 0.06 0.06 0.05 0.03 0.03 0.03 0.03 0.05 0.04 0.04 0.08 0.07 0.06 0.07 0.04 0.04 0.06 0.03 0.13 0.11 0.05 0.07 0.11 0.10 0.05 0.02 0.04 0.03 0.03 0.04 0.02 0.02 0.03 0.04 0.02 0.09
0.01 0.01 0.01 0.01 0.01 0.01 0.03 0.03 0.05 0.05 0.04 0.31 0.36 0.01 0.02 0.01 0.02 0.01 1.48 1.72 0.01 0.01 0.02 0.01 0.00 0.00 0.01 0.93 3.46 0.02 0.01 0.01 0.00 0.00 0.01 0.05 0.07 0.09 0.09 0.11 0.07 0.05 0.04 0.05 0.04 0.04 0.07 0.06 0.05 0.04 0.04 0.03 0.02 0.02 0.03 0.05 0.04 0.04 0.05 0.06 0.05 0.07 0.13 0.06 0.12 0.24 0.25 0.01 0.01 0.13 0.07 0.05 0.03 0.03 0.04 0.03 0.04 0.05 0.06 0.05 0.04 0.07 0.07 0.06
0.01 0.01 0.01 0.01 0.01 0.01 0.01 0.01 0.04 0.03 0.02 0.30 0.17 0.01 0.03 0.01 0.02 0.03 0.03 2.03 2.09 0.00 0.00 0.01 0.00 0.01 0.01 1.49 1.68 0.02 0.01 0.01 0.01 0.01 0.04 0.04 0.04 0.04 0.04 0.04 0.03 0.03 0.03 0.04 0.04 0.03 0.04 0.04 0.03 0.03 0.03 0.03 0.02 0.02 0.04 0.05 0.04 0.04 0.05 0.06 0.07 0.07 0.10 0.13 0.19 0.09 0.05 0.09 0.16 0.15 0.02 0.04 0.02 0.02 0.03 0.05 0.05 0.06 0.03 0.03 0.02 0.04 0.04 0.03
0.01 0.01 0.01 0.01 0.01 0.01 0.01 0.01 0.09 0.29 0.34 0.39 0.02 0.01 0.02 0.02 0.02 0.02 0.02 0.02 2.23 2.50 2.34 2.09 1.61 1.57 1.62 1.59 0.03 0.02 0.02 0.01 0.01 0.03 0.03 0.04 0.03 0.03 0.03 0.04 0.03 0.03 0.03 0.04 0.04 0.03 0.03 0.04 0.03 0.03 0.03 0.02 0.02 0.03 0.04 0.05 0.05 0.05 0.06 0.08 0.07 0.08 0.09 0.11 0.14 0.01 0.07 0.07 0.05 0.06 0.02 0.03 0.02 0.02 0.05 0.08 0.07 0.04 0.02 0.02 0.02 0.02 0.03 0.02
0.01 0.01 0.01 0.01 0.01 0.01 0.01 0.40 0.27 0.26 0.10 0.01 0.01 0.02 0.02 0.03 0.03 0.02 0.02 0.02 0.03 0.07 0.01 0.01 0.02 0.02 0.03 0.06 0.02 0.01 0.01 0.01 0.01 0.03 0.03 0.03 0.03 0.02 0.02 0.02 0.03 0.03 0.03 0.03 0.03 0.03 0.03 0.03 0.02 0.02 0.02 0.03 0.02 0.03 0.04 0.05 0.06 0.06 0.06 0.11 0.07 0.08 0.08 0.06 0.07 0.10 0.09 0.05 0.03 0.02 0.02 0.03 0.03 0.03 0.08 0.13 0.01 0.01 0.01 0.01 0.02 0.01 0.02 0.02
0.02 0.02 0.02 0.02 0.01 0.16 0.40 0.45 0.01 0.01 0.01 0.01 0.02 0.02 0.03 0.08 0.03 0.03 0.03 0.02 0.04 0.07 0.01 0.01 0.02 0.02 0.02 0.03 0.02 0.01 0.01 0.01 0.02 0.03 0.03 0.03 0.03 0.02 0.02 0.02 0.02 0.02 0.02 0.02 0.04 0.03 0.04 0.02 0.01 0.01 0.01 0.03 0.04 0.06 0.06 0.06 0.08 0.10 0.07 0.09 0.08 0.08 0.06 0.06 0.12 0.04 0.05 0.02 0.02 0.02 0.02 0.03 0.04 0.02 0.13 0.01 0.01 0.01 0.01 0.01 0.01 0.02 0.02 0.04
