NEW_versions/S_Waiehu/Scripts/Results/S_Waiehu_50m/MaxFloodMaps/S_Waiehu_50m_1.5.asc
NCOLS 296
NROWS 126
XLLCENTER 753498.390000
YLLCENTER 2312278.410000
CELLSIZE 25.000000
NODATA_value -99999.000000
[rows 38 to 75 of 126, columns 84 to 167 of 296]
0.00 0.00 0.00 0.00 0.00 0.00 0.00 0.00 0.00 0.00 0.00 0.00 0.00 0.00 0.00 0.00 0.00 0.00 0.00 0.00 0.00 0.00 0.00 0.00 0.00 0.00 0.00 0.00 0.00 0.00 0.00 0.00 0.00 0.00 0.00 0.00 0.00 0.00 0.00 0.00 0.00 0.00 0.00 0.00 0.00 0.00 0.00 0.00 0.00 0.00 0.00 0.00 0.00 0.00 0.00 0.00 0.00 0.01 0.01 0.01 0.01 0.01 0.01 0.00 0.00 0.00 0.00 0.00 0.00 0.00 0.00 0.00 0.01 0.02 0.02 0.02 0.02 0.05 0.15 0.06 0.05 0.05 0.06 0.07
0.00 0.00 0.00 0.00 0.00 0.00 0.00 0.00 0.00 0.00 0.00 0.00 0.00 0.00 0.00 0.00 0.00 0.00 0.00 0.00 0.00 0.00 0.00 0.00 0.00 0.00 0.00 0.00 0.00 0.00 0.00 0.00 0.00 0.00 0.00 0.00 0.00 0.00 0.00 0.00 0.00 0.00 0.00 0.00 0.00 0.01 0.01 0.01 0.01 0.01 0.01 0.01 0.01 0.00 0.01 0.00 0.01 0.01 0.01 0.01 0.01 0.02 0.01 0.01 0.00 0.00 0.00 0.00 0.00 0.00 0.00 0.01 0.01 0.01 0.01 0.02 0.02 0.02 0.02 0.03 0.03 0.03 0.04 0.03
0.01 0.01 0.01 0.00 0.00 0.00 0.00 0.00 0.00 0.00 0.00 0.00 0.00 0.00 0.00 0.00 0.00 0.00 0.00 0.00 0.00 0.00 0.00 0.00 0.00 0.00 0.00 0.00 0.00 0.00 0.00 0.00 0.00 0.00 0.00 0.00 0.00 0.00 0.00 0.00 0.00 0.00 0.00 0.01 0.01 0.01 0.01 0.01 0.01 0.01 0.01 0.01 0.01 0.01 0.01 0.01 0.01 0.02 0.01 0.01 0.01 0.03 0.01 0.01 0.01 0.00 0.01 0.01 0.01 0.01 0.00 0.01 0.01 0.01 0.01 0.01 0.01 0.01 0.01 0.03 0.03 0.04 0.03 0.02
0.01 0.01 0.01 0.01 0.01 0.01 0.01 0.00 0.00 0.00 0.00 0.00 0.00 0.00 0.00 0.00 0.00 0.00 0.00 0.00 0.00 0.00 0.00 0.00 0.00 0.00 0.00 0.00 0.00 0.00 0.00 0.00 0.00 0.00 0.00 0.00 0.00 0.00 0.01 0.01 0.01 0.01 0.01 0.01 0.01 0.02 0.01 0.01 0.01 0.02 0.01 0.01 0.02 0.01 0.01 0.01 0.01 0.02 0.02 0.01 0.01 0.04 0.01 0.01 0.01 0.01 0.01 0.01 0.01 0.02 0.01 0.01 0.02 0.01 0.01 0.01 0.01 0.01 0.01 0.02 0.02 0.02 0.02 0.02
0.01 0.01 0.01 0.01 0.01 0.01 0.01 0.01 0.01 0.01 0.00 0.00 0.00 0.00 0.00 0.00 0.01 0.01 0.01 0.01 0.01 0.01 0.01 0.01 0.01 0.01 0.01 0.01 0.01 0.01 0.01 0.01 0.01 0.01 0.01 0.01 0.01 0.01 0.01 0.01 0.01 0.01 0.01 0.01 0.01 0.02 0.02 0.01 0.01 0.03 0.01 0.01 0.02 0.02 0.01 0.02 0.01 0.02 0.03 0.01 0.01 0.04 0.01 0.01 0.01 0.01 0.01 0.01 0.01 0.02 0.01 0.01 0.02 0.01 0.01 0.01 0.01 0.01 0.01 0.01 0.02 0.02 0.02 0.03
0.01 0.01 0.02 0.02 0.02 0.01 0.01 0.01 0.01 0.01 0.01 0.00 0.01 0.01 0.01 0.01 0.01 0.01 0.01 0.01 0.01 0.01 0.02 0.01 0.01 0.01 0.01 0.01 0.01 0.01 0.01 0.01 0.01 0.01 0.01 0.01 0.01 0.01 0.01 0.01 0.01 0.01 0.01 0.01 0.01 0.02 0.03 0.02 0.01 0.03 0.01 0.01 0.02 0.03 0.02 0.02 0.01 0.01 0.04 0.02 0.01 0.03 0.04 0.01 0.01 0.01 0.01 0.01 0.03 0.02 0.01 0.01 0.02 0.01 0.02 0.01 0.01 0.01 0.02 0.02 0.02 0.02 0.02 0.02
0.01 0.02 0.03 0.02 0.03 0.02 0.01 0.01 0.01 0.01 0.01 0.01 0.01 0.01 0.01 0.01 0.01 0.01 0.01 0.01 0.01 0.02 0.02 0.02 0.02 0.02 0.02 0.01 0.01 0.02 0.01 0.01 0.01 0.01 0.01 0.02 0.02 0.02 0.01 0.01 0.01 0.01 0.01 0.01 0.02 0.02 0.03 0.04 0.01 0.03 0.02 0.01 0.02 0.03 0.03 0.02 0.01 0.01 0.03 0.03 0.01 0.02 0.05 0.01 0.01 0.01 0.01 0.01 0.02 0.04 0.01 0.02 0.04 0.02 0.02 0.01 0.01 0.01 0.02 0.02 0.02 0.03 0.01 0.02
0.02 0.02 0.03 0.02 0.03 0.02 0.02 0.02 0.01 0.01 0.01 0.01 0.01 0.01 0.01 0.01 0.02 0.02 0.02 0.02 0.01 0.02 0.02 0.02 0.02 0.02 0.02 0.02 0.01 0.03 0.02 0.01 0.01 0.01 0.01 0.01 0.02 0.02 0.02 0.02 0.02 0.02 0.02 0.01 0.02 0.02 0.02 0.04 0.02 0.03 0.04 0.01 0.02 0.03 0.04 0.02 0.01 0.01 0.03 0.04 0.01 0.02 0.06 0.01 0.01 0.01 0.01 0.01 0.02 0.05 0.01 0.01 0.05 0.02 0.01 0.02 0.02 0.02 0.01 0.02 0.02 0.04 0.01 0.01
0.02 0.02 0.04 0.03 0.03 0.02 0.02 0.02 0.02 0.01 0.01 0.01 0.01 0.01 0.01 0.01 0.02 0.02 0.02 0.02 0.02 0.02 0.01 0.01 0.01 0.01 0.02 0.02 0.02 0.03 0.02 0.01 0.01 0.01 0.02 0.01 0.02 0.02 0.02 0.02 0.02 0.02 0.02 0.02 0.02 0.02 0.02 0.04 0.03 0.02 0.05 0.02 0.01 0.02 0.06 0.04 0.01 0.01 0.02 0.06 0.01 0.02 0.08 0.01 0.01 0.02 0.01 0.01 0.02 0.04 0.04 0.01 0.08 0.01 0.02 0.02 0.04 0.02 0.01 0.02 0.04 0.04 0.01 0.01
0.02 0.02 0.05 0.02 0.02 0.02 0.02 0.02 0.02 0.01 0.01 0.01 0.01 0.01 0.01 0.02 0.02 0.02 0.02 0.02 0.02 0.01 0.01 0.02 0.01 0.02 0.02 0.03 0.02 0.03 0.04 0.01 0.01 0.01 0.01 0.02 0.02 0.02 0.03 0.02 0.02 0.02 0.02 0.03 0.02 0.02 0.02 0.03 0.05 0.02 0.04 0.04 0.01 0.02 0.04 0.06 0.04 0.01 0.02 0.05 0.04 0.01 0.09 0.01 0.01 0.03 0.01 0.01 0.02 0.03 0.07 0.02 0.04 0.01 0.02 0.04 0.03 0.02 0.02 0.01 0.04 0.04 0.02 0.01
0.05 0.04 0.05 0.04 0.02 0.02 0.03 0.02 0.02 0.02 0.01 0.01 0.01 0.01 0.01 0.02 0.02 0.02 0.02 0.02 0.02 0.01 0.02 0.02 0.03 0.03 0.03 0.04 0.02 0.03 0.04 0.03 0.02 0.01 0.01 0.02 0.01 0.02 0.03 0.02 0.02 0.02 0.02 0.03 0.03 0.03 0.03 0.03 0.06 0.02 0.02 0.05 0.01 0.02 0.03 0.05 0.05 0.02 0.02 0.10 0.04 0.01 0.08 0.01 0.01 0.02 0.03 0.01 0.02 0.03 0.10 0.03 0.04 0.01 0.02 0.04 0.03 0.01 0.03 0.02 0.03 0.04 0.02 0.02
0.07 0.04 0.06 0.03 0.03 0.04 0.03 0.02 0.02 0.01 0.01 0.01 0.01 0.01 0.01 0.02 0.02 0.02 0.02 0.02 0.03 0.02 0.02 0.02 0.02 0.03 0.03 0.04 0.04 0.02 0.04 0.04 0.03 0.03 0.01 0.02 0.01 0.01 0.03 0.02 0.02 0.03 0.02 0.03 0.03 0.03 0.03 0.04 0.07 0.02 0.02 0.05 0.02 0.02 0.03 0.08 0.03 0.03 0.05 2.22 2.20 2.10 1.82 0.01 0.01 0.03 0.04 0.01 0.02 0.03 0.09 0.04 0.02 0.01 0.02 0.07 0.03 0.01 0.04 0.02 0.02 0.04 0.02 0.02
0.08 0.04 0.04 0.02 0.03 0.06 0.03 0.02 0.02 0.01 0.01 0.01 0.01 0.01 0.02 0.02 0.02 0.02 0.02 0.02 0.03 0.03 0.02 0.02 0.02 0.02 0.03 0.03 0.05 0.01 0.02 0.03 0.04 0.04 0.04 0.03 0.02 0.01 0.03 0.03 0.02 0.03 0.03 0.03 0.03 0.04 0.06 0.48 0.56 0.02 0.01 0.03 0.03 0.03 0.03 0.07 3.39 3.41 3.16 2.81 0.01 0.02 1.45 1.56 0.01 0.03 0.06 0.02 0.01 0.03 0.13 0.03 0.02 0.01 0.02 0.05 0.03 0.02 0.04 0.03 0.02 0.03 0.03 0.02
0.08 0.05 0.03 0.01 0.02 0.06 0.03 0.02 0.02 0.01 0.01 0.01 0.01 0.01 0.02 0.02 0.02 0.02 0.02 0.02 0.03 0.03 0.03 0.03 0.02 0.02 0.02 0.03 0.07 0.02 0.02 0.03 0.04 0.04 2.61 2.33 1.81 0.01 0.02 0.03 0.02 0.03 0.04 0.03 0.03 0.03 1.64 1.23 1.71 2.23 2.08 2.07 2.02 1.86 2.05 3.34 3.36 0.02 0.01 0.01 0.01 0.01 0.02 2.54 2.36 1.98 3.19 2.70 1.83 2.51 1.55 0.02 0.01 0.01 0.02 0.04 0.04 0.01 0.03 0.04 0.03 0.02 0.03 0.03
0.06 0.07 0.02 0.01 0.02 0.10 0.02 0.02 0.02 0.01 0.01 0.01 0.01 0.01 0.02 0.02 0.02 0.02 0.02 0.02 0.03 0.03 0.04 0.04 0.03 0.03 0.09 0.04 0.05 0.02 0.01 0.02 0.03 2.91 2.78 0.04 1.61 0.02 0.01 0.03 0.03 0.04 0.05 2.70 3.02 2.79 2.41 0.01 0.01 0.03 0.04 0.04 0.07 0.16 0.03 0.02 0.02 0.01 0.01 0.01 0.02 0.02 0.02 0.02 0.05 0.11 0.02 0.86 0.02 0.02 2.85 2.95 0.02 0.01 0.02 0.05 0.03 0.02 0.02 0.04 0.03 0.03 0.82 1.32
0.06 0.07 0.02 0.01 0.02 0.10 0.03 0.02 0.01 0.01 0.01 0.01 0.01 0.01 0.02 0.02 0.02 0.03 0.02 0.02 0.02 0.03 0.03 0.03 1.92 1.89 1.35 1.18 1.34 0.01 0.01 0.01 3.06 2.99 0.01 0.01 1.59 1.44 0.01 0.02 1.84 2.00 2.04 2.19 0.02 0.02 0.01 0.01 0.02 0.03 0.03 0.02 0.03 0.02 0.02 0.02 0.01 0.01 0.01 0.01 0.02 0.02 0.02 0.02 0.02 0.02 0.03 0.02 0.01 0.01 0.02 3.13 3.41 3.02 0.56 0.04 0.06 0.02 0.01 0.04 2.39 2.24 1.93 1.52
0.06 7.52 11.84 11.82 11.81 11.79 8.84 0.03 0.01 0.01 0.01 0.01 0.01 0.01 0.02 0.02 0.03 0.03 0.02 0.02 0.02 0.02 0.02 1.87 1.89 0.01 0.01 0.01 1.20 1.44 2.64 2.72 2.86 0.01 0.01 0.02 0.03 1.54 2.35 2.33 2.28 0.03 0.03 0.02 0.02 0.01 0.01 0.01 0.01 0.02 0.02 0.01 0.02 0.02 0.02 0.01 0.01 0.01 0.01 0.01 0.01 0.01 0.01 0.01 0.02 0.01 0.01 0.01 0.02 0.01 0.01 0.01 0.01 2.51 1.52 1.98 2.52 2.12 1.29 2.50 2.46 0.01 0.01 0.02
5.34 5.56 0.00 0.01 0.01 0.01 8.31 7.78 7.25 0.01 0.01 0.01 0.01 0.01 0.01 0.02 0.03 0.04 0.04 0.04 0.07 0.01 2.08 2.02 0.01 0.01 0.01 0.02 0.03 0.03 0.01 0.01 0.01 0.01 0.01 0.02 0.03 0.03 0.04 0.02 0.02 0.02 0.03 0.02 0.01 0.01 0.01 0.01 0.01 0.02 0.01 0.01 0.02 0.02 0.01 0.01 0.01 0.01 0.01 0.01 0.01 0.01 0.01 0.01 0.01 0.01 0.01 0.01 0.01 0.01 0.01 0.01 0.01 0.01 0.01 0.01 0.02 0.03 0.01 0.02 0.01 0.01 0.02 0.02
0.01 0.01 0.01 0.01 0.01 0.01 0.02 0.02 1.27 1.28 1.30 0.01 0.01 0.01 0.01 0.01 0.02 0.03 1.69 1.61 1.16 1.42 2.11 0.01 0.01 0.00 0.01 0.02 0.03 0.01 0.01 0.01 0.01 0.01 0.02 0.03 0.03 0.02 0.01 0.01 0.01 0.03 0.02 0.01 0.01 0.01 0.01 0.01 0.01 0.01 0.01 0.01 0.01 0.01 0.01 0.01 0.00 0.00 0.00 0.01 0.01 0.01 0.01 0.01 0.01 0.01 0.01 0.01 0.01 0.01 0.01 0.01 0.01 0.01 0.01 0.01 0.01 0.01 0.01 0.01 0.01 0.01 0.01 0.01
0.01 0.01 0.00 0.01 0.01 0.01 0.02 0.02 0.02 0.03 1.46 1.46 1.42 0.01 0.01 0.01 0.02 0.03 1.54 0.01 0.01 0.04 0.02 0.01 0.01 0.01 0.01 0.02 0.03 0.01 0.01 0.01 0.01 0.01 0.01 0.02 0.03 0.01 0.01 0.01 0.01 0.02 0.01 0.01 0.01 0.01 0.01 0.01 0.01 0.01 0.01 0.01 0.01 0.01 0.01 0.01 0.01 0.01 0.01 0.01 0.01 0.01 0.01 0.01 0.01 0.01 0.01 0.01 0.01 0.01 0.01 0.01 0.01 0.01 0.01 0.01 0.01 0.00 0.00 0.01 0.01 0.00 0.01 0.01
0.01 0.01 0.01 0.01 0.01 0.01 0.01 0.02 0.02 0.03 0.03 0.03 1.15 1.42 1.43 0.01 0.01 1.71 0.95 0.01 0.02 0.02 0.01 0.01 0.01 0.01 0.01 0.02 0.02 0.01 0.01 0.01 0.01 0.01 0.01 0.01 0.02 0.01 0.01 0.01 0.01 0.01 0.01 0.01 0.01 0.01 0.00 0.00 0.01 0.01 0.01 0.00 0.00 0.01 0.01 0.01 0.01 0.01 0.01 0.01 0.01 0.01 0.02 0.01 0.02 0.02 0.02 0.02 0.02 0.02 0.02 0.02 0.02 0.01 0.02 0.02 0.01 0.01 0.01 0.02 0.01 0.01 0.01 0.01
0.01 0.01 0.01 0.01 0.01 0.01 0.02 0.03 0.03 0.03 0.03 0.03 0.03 0.03 1.48 1.79 2.04 1.95 0.01 0.01 0.01 0.02 0.01 0.01 0.01 0.01 0.01 0.01 0.01 0.01 0.00 0.00 0.00 0.01 0.01 0.01 0.01 0.01 0.01 0.01 0.01 0.01 0.01 0.01 0.01 0.01 0.01 0.01 0.01 0.01 0.01 0.01 0.01 0.01 0.01 0.01 0.01 0.01 0.01 0.01 0.01 0.01 0.02 0.02 0.02 0.01 0.02 0.02 0.02 0.01 0.02 0.02 0.02 0.02 0.02 0.03 0.02 0.02 0.01 0.01 0.02 0.01 0.01 0.02
0.01 0.01 0.01 0.01 0.01 0.02 0.02 0.02 0.03 0.03 0.04 0.03 0.03 0.03 0.03 0.07 0.09 0.02 0.01 0.01 0.01 0.02 0.01 0.01 0.01 0.01 0.01 0.01 0.01 0.00 0.01 0.01 0.01 0.01 0.01 0.00 0.00 0.00 0.01 0.01 0.00 0.01 0.01 0.01 0.01 0.01 0.01 0.01 0.01 0.01 0.02 0.01 0.01 0.01 0.01 0.02 0.02 0.01 0.02 0.02 0.02 0.02 0.02 0.02 0.03 0.01 0.02 0.02 0.04 0.01 0.01 0.02 0.03 0.03 0.03 0.03 0.05 0.03 0.05 0.01 0.03 0.01 0.01 0.01
0.01 0.01 0.01 0.01 0.01 0.02 0.02 0.02 0.02 0.02 0.02 0.03 0.04 0.04 0.03 0.06 0.03 0.01 0.01 0.01 0.01 0.01 0.01 0.01 0.00 0.00 0.00 0.00 0.01 0.01 0.01 0.01 0.01 0.01 0.01 0.01 0.01 0.01 0.01 0.01 0.00 0.01 0.01 0.01 0.01 0.01 0.01 0.01 0.01 0.02 0.02 0.03 0.01 0.01 0.02 0.02 0.02 0.03 0.05 0.02 0.02 0.02 0.02 0.02 0.04 0.02 0.02 0.02 1.36 2.65 3.54 3.58 3.64 3.75 0.02 3.62 3.16 2.38 1.08 0.02 0.02 2.97 2.38 2.78
0.01 0.01 0.01 0.01 0.01 0.02 0.02 0.02 0.02 0.02 0.02 0.03 0.03 0.04 0.03 0.03 0.04 0.01 0.01 0.01 0.01 0.01 0.01 0.00 0.01 0.01 0.01 0.01 0.01 0.01 0.01 0.02 0.02 0.02 0.02 0.02 0.01 0.01 0.01 0.01 0.00 0.01 0.01 0.02 0.02 0.02 0.02 0.02 0.02 0.02 0.02 0.04 0.02 0.01 0.02 0.02 0.05 0.04 0.04 0.03 0.02 0.02 1.95 2.16 2.60 3.44 3.09 2.46 1.69 1.85 0.02 0.01 0.03 3.90 3.90 3.92 0.03 2.30 2.43 3.38 3.28 3.15 0.01 0.01
0.01 0.01 0.01 0.01 0.01 0.02 0.02 0.02 0.02 0.02 0.02 0.03 0.03 0.03 0.02 0.04 0.02 0.01 0.01 0.01 0.00 0.00 0.01 0.01 0.01 0.01 0.01 0.02 0.01 0.02 0.02 0.02 0.02 0.02 0.02 0.02 0.02 0.01 0.01 0.01 0.01 0.01 0.01 0.01 0.02 0.02 0.02 0.02 0.02 0.02 0.02 0.03 0.03 0.02 0.02 0.03 0.02 0.02 2.12 1.88 2.51 2.52 2.51 0.01 0.04 0.05 0.02 0.03 0.04 0.02 0.03 0.03 0.05 0.04 0.03 0.04 0.03 0.03 0.03 0.04 0.06 0.03 0.01 0.02
0.01 0.01 0.01 0.01 0.01 0.02 0.02 0.02 0.02 0.02 0.03 0.03 0.03 0.02 0.02 0.03 0.01 0.01 0.01 0.01 0.00 0.01 0.01 0.01 0.01 0.01 0.01 0.01 0.02 0.02 0.02 0.02 0.02 0.03 0.03 0.03 0.04 0.01 0.02 0.01 0.01 0.01 0.01 0.01 0.02 0.02 0.04 0.04 0.04 0.02 0.02 0.03 0.04 0.03 0.04 0.04 1.92 2.15 2.17 0.12 0.01 0.10 0.09 0.01 0.03 0.04 0.02 0.03 0.02 0.01 0.03 0.03 0.04 0.03 0.03 0.03 0.02 0.03 0.03 0.03 0.03 0.04 0.02 0.02
0.01 0.01 0.01 0.01 0.01 0.02 0.02 0.02 0.02 0.03 0.03 0.03 0.02 0.02 0.02 0.02 0.01 0.01 0.01 0.01 0.01 0.01 0.01 0.01 0.01 0.02 0.02 0.02 0.03 0.02 0.02 0.02 0.02 0.03 0.04 0.03 0.04 0.03 0.03 0.01 0.01 0.01 0.01 0.01 0.01 0.02 0.02 0.03 0.04 0.04 0.01 0.02 0.02 0.03 3.32 2.86 2.59 0.07 0.10 0.01 0.01 0.15 0.05 0.01 0.03 0.04 0.02 0.02 0.03 0.01 0.03 0.04 0.05 0.02 0.02 0.02 0.02 0.03 0.03 0.03 0.05 0.02 0.03 0.03
0.01 0.01 0.01 0.01 0.02 0.02 0.02 0.02 0.02 0.02 0.02 0.02 0.02 0.02 0.01 0.01 0.01 0.00 0.01 0.01 0.02 0.02 0.02 0.02 0.02 0.02 0.02 0.02 0.03 0.03 0.02 0.02 0.03 0.03 0.03 0.03 0.05 0.03 0.06 0.02 0.01 0.01 0.01 0.01 0.01 0.01 0.02 0.03 0.04 0.07 0.01 3.43 3.73 4.04 3.73 0.03 0.02 0.23 0.04 0.01 0.01 0.17 0.09 0.02 0.03 0.03 0.02 0.02 0.03 0.02 0.03 0.03 0.05 0.01 0.02 0.02 0.02 0.02 0.03 0.02 0.03 0.03 0.03 0.03
0.01 0.01 0.01 0.01 0.02 0.02 0.02 0.02 0.02 0.02 0.02 0.02 0.01 0.01 0.01 0.01 0.01 0.01 0.01 0.01 0.01 0.02 0.02 0.02 0.02 0.02 0.02 0.02 0.03 0.03 0.03 0.03 0.03 0.03 2.45 1.92 1.67 3.00 2.81 0.03 0.01 0.01 0.00 0.01 0.01 0.02 0.02 0.03 0.74 3.32 3.33 3.26 1.17 2.43 0.03 0.02 0.02 0.10 0.06 0.01 0.02 0.35 0.13 0.03 0.02 0.02 0.01 0.02 0.02 0.01 0.04 0.03 0.04 0.01 0.02 0.02 0.02 0.02 0.02 0.02 0.03 0.02 0.03 0.03
0.01 0.01 0.01 0.01 0.01 0.01 0.01 0.01 0.01 0.01 0.02 0.02 0.01 0.01 0.01 0.01 0.01 0.01 0.01 0.01 0.01 0.01 0.01 0.02 0.02 0.02 0.03 0.03 0.03 0.03 0.03 0.03 0.02 0.02 2.58 0.57 0.01 0.01 2.51 1.94 0.01 0.01 0.00 0.01 0.01 0.02 0.04 2.21 3.11 3.24 0.65 0.04 0.03 0.04 0.02 0.01 0.04 0.05 0.06 0.01 0.01 0.14 0.16 0.04 0.01 0.02 0.01 0.02 0.01 0.01 0.02 0.03 0.04 0.02 0.02 0.02 0.02 0.02 0.02 0.02 0.02 0.02 0.02 0.03
0.01 0.01 0.01 0.01 0.01 0.01 0.01 0.01 0.01 0.01 0.01 0.01 0.01 0.01 0.01 0.02 0.02 0.02 0.02 0.01 0.01 0.01 0.01 0.02 0.02 0.02 0.03 0.03 0.03 0.02 2.55 2.77 2.88 2.82 2.74 0.01 0.01 0.02 0.03 2.30 0.01 0.01 0.01 0.01 0.02 0.02 0.02 2.26 2.58 0.02 0.04 0.03 0.02 0.02 0.03 0.01 0.01 0.03 0.08 0.01 0.01 0.02 0.17 0.06 0.02 0.01 0.01 0.01 0.01 0.01 0.02 0.02 0.03 0.01 0.02 0.02 0.02 0.02 0.02 0.02 0.02 0.02 0.02 0.02
0.01 0.00 0.00 0.00 0.00 0.00 0.00 0.00 0.00 0.01 0.01 0.01 0.01 0.01 0.01 0.02 0.02 0.03 0.04 0.04 0.03 0.03 0.02 0.02 0.03 0.02 0.02 0.02 2.57 2.51 2.39 1.55 1.34 0.01 0.01 0.01 0.01 0.02 0.03 3.32 3.23 0.01 0.01 0.01 0.02 0.02 0.02 2.63 0.03 0.02 0.03 0.03 0.02 0.02 0.03 0.01 0.01 0.03 0.07 0.01 0.01 0.02 0.13 0.09 0.02 0.01 0.01 0.01 0.01 0.01 0.02 0.02 0.02 0.02 0.02 0.02 0.01 0.02 0.02 0.01 0.01 0.01 0.01 0.01
0.00 0.01 0.01 0.01 0.01 0.01 0.01 0.01 0.01 0.01 0.01 0.01 0.01 0.01 0.01 0.01 0.01 0.01 0.01 0.02 0.04 0.05 0.05 0.04 0.03 0.03 0.03 2.61 2.60 0.04 0.02 0.01 0.01 0.01 0.01 0.01 0.02 0.02 0.03 0.03 3.11 2.92 2.61 2.05 1.42 2.76 2.84 2.78 0.03 0.02 0.02 0.02 0.02 0.01 0.03 0.01 0.01 0.03 0.07 0.01 0.01 0.02 0.11 0.09 0.02 0.01 0.01 0.01 0.01 0.02 0.02 0.02 0.02 0.02 0.02 0.01 0.01 0.01 0.01 0.01 0.01 0.01 0.01 0.01
0.01 0.01 0.01 0.01 0.01 0.01 0.01 0.02 0.01 0.01 0.01 0.01 0.01 0.01 0.01 0.01 0.01 0.01 0.01 0.01 0.01 0.01 0.03 0.06 0.06 0.05 2.61 2.61 0.01 0.02 0.02 0.01 0.01 0.01 0.01 0.01 0.02 0.02 0.02 0.03 0.04 0.05 0.08 0.14 1.80 2.14 0.09 0.04 0.03 0.02 0.02 0.02 0.02 0.01 0.02 0.01 0.01 0.03 0.06 0.01 0.01 0.01 0.05 0.13 0.01 0.01 0.01 0.01 0.01 0.02 0.02 0.01 0.01 0.01 0.01 0.01 0.01 0.01 0.01 0.01 0.01 0.01 0.01 0.01
0.01 0.01 0.01 0.01 0.02 0.02 0.02 0.03 0.01 0.01 0.01 0.01 0.02 0.02 0.02 0.01 0.01 0.01 0.01 0.01 0.01 0.01 0.01 0.01 0.04 0.10 1.42 0.01 0.02 0.02 0.01 0.01 0.01 0.01 0.01 0.01 0.02 0.02 0.02 0.04 0.05 0.05 0.08 0.08 0.06 0.17 0.10 0.04 0.03 0.02 0.02 0.02 0.02 0.01 0.01 0.01 0.01 0.04 0.04 0.01 0.01 0.01 0.06 0.08 0.01 0.01 0.01 0.01 0.01 0.01 0.01 0.01 0.01 0.01 0.01 0.01 0.01 0.01 0.01 0.01 0.01 0.01 0.01 0.01
0.01 0.01 0.02 0.02 0.02 0.02 0.02 0.04 0.01 0.01 0.01 0.01 0.02 0.02 0.03 0.03 0.02 0.01 0.01 0.01 0.01 0.01 0.01 0.01 0.01 0.01 1.67 0.01 0.02 0.01 0.01 0.01 0.01 0.01 0.01 0.01 0.02 0.03 0.04 0.05 0.06 0.07 0.11 0.08 0.05 0.11 0.10 0.06 0.04 0.02 0.02 0.02 0.02 0.02 0.01 0.01 0.01 0.05 0.02 0.01 0.01 0.02 0.07 0.06 0.01 0.01 0.01 0.01 0.01 0.01 0.01 0.01 0.01 0.01 0.01 0.01 0.01 0.01 0.01 0.01 0.02 0.02 0.01 0.02
0.01 0.01 0.02 0.02 0.02 0.02 0.02 0.04 0.01 0.01 0.01 0.01 0.01 0.01 0.02 0.02 0.03 0.02 0.02 0.02 0.01 0.01 0.01 0.01 0.01 1.71 1.71 0.02 0.01 0.01 0.01 0.01 0.00 0.01 0.01 0.01 0.02 0.04 0.04 0.05 0.05 0.07 0.13 0.05 0.01 0.07 0.11 0.07 0.06 0.03 0.01 0.01 0.01 0.01 0.01 0.01 0.01 0.04 0.02 0.01 0.01 0.02 0.07 0.05 0.01 0.01 0.01 0.01 0.01 0.01 0.01 0.01 0.01 0.01 0.01 0.01 0.01 0.01 0.02 0.02 0.03 0.02 0.03 0.02
