NEW_versions/S_Waiehu/Scripts/Results/S_Waiehu_50m/MaxFloodMaps/S_Waiehu_50m_1.6.asc
NCOLS 296
NROWS 126
XLLCENTER 753498.390000
YLLCENTER 2312278.410000
CELLSIZE 25.000000
NODATA_value -99999.000000
[rows 38 to 75 of 126, columns 168 to 251 of 296]
0.23 0.07 0.10 0.11 0.07 0.05 0.04 0.03 0.03 0.02 0.02 0.02 0.02 0.02 0.02 0.02 0.02 0.02 0.02 0.02 0.02 0.02 0.01 0.01 0.01 0.01 0.01 0.03 0.03 0.01 0.01 0.01 0.02 0.03 0.01 0.01 0.01 0.02 0.07 0.09 0.06 0.03 0.03 0.02 0.02 0.02 2.23 0.02 0.05 0.01 0.01 0.01 0.02 0.02 0.04 0.03 3.48 3.35 0.02 0.01 0.01 0.01 0.03 0.02 0.05 0.07 0.08 0.25 0.27 0.18 0.12 0.10 0.08 0.08 0.05 0.04 0.05 0.30 0.43 0.54 0.34 0.22 0.03 0.03
0.03 0.09 0.08 0.02 0.02 0.02 0.02 0.02 0.02 0.02 0.02 0.02 0.02 0.02 0.02 0.01 0.02 0.02 0.02 0.02 0.02 0.02 0.03 0.02 0.02 0.02 0.05 0.03 0.02 0.01 0.01 0.01 0.02 0.03 0.01 0.01 0.01 0.02 0.02 0.02 0.01 0.02 0.02 0.05 0.08 2.44 2.10 0.01 0.03 0.01 0.02 0.03 0.04 0.04 1.55 3.24 3.32 0.01 0.01 0.01 0.01 0.01 0.02 0.03 0.05 0.12 0.30 0.15 0.10 0.05 0.12 0.07 0.10 0.08 0.07 0.36 0.64 0.58 0.01 0.02 0.04 0.14 0.09 0.04
0.02 0.02 0.01 0.01 0.01 0.02 0.02 0.02 0.02 0.02 0.02 0.02 0.02 0.02 0.01 0.01 0.01 0.01 0.01 0.01 0.01 0.02 0.05 0.01 0.01 0.02 0.10 0.01 0.00 0.01 0.01 0.01 0.03 0.02 0.01 0.02 0.02 0.02 0.01 0.02 0.02 0.03 0.11 2.37 2.36 2.38 0.01 0.01 0.02 0.01 0.01 0.01 0.01 0.17 3.25 2.91 0.01 0.01 0.01 0.01 0.01 0.01 0.02 0.04 0.06 0.05 0.03 0.02 0.02 0.01 0.01 0.03 0.18 0.30 0.32 0.33 0.01 0.01 0.01 0.01 0.06 0.12 0.07 0.11
0.03 0.02 0.02 0.02 0.02 0.03 0.03 0.03 0.02 0.02 0.02 0.02 0.01 0.02 0.01 0.01 0.01 0.01 0.01 0.01 0.02 0.02 0.04 0.02 0.02 0.02 0.03 0.01 0.01 0.01 0.01 0.01 0.01 0.01 0.01 0.02 0.02 0.02 0.02 0.02 2.75 2.09 3.14 2.66 0.01 0.01 0.01 0.02 0.02 0.02 0.02 0.02 0.06 0.27 3.77 0.02 0.01 0.01 0.01 0.02 0.02 0.02 0.01 0.03 0.10 0.01 0.02 0.01 0.01 0.02 0.03 0.05 0.12 0.13 0.04 0.01 0.02 0.07 0.05 0.05 0.20 0.18 0.27 0.26
0.03 0.03 0.02 0.02 0.02 0.01 0.02 0.02 0.03 0.03 0.02 0.01 0.01 0.02 0.02 0.02 0.01 0.01 0.01 0.01 0.02 0.02 0.02 0.02 0.02 0.04 0.04 0.03 0.03 0.03 0.04 0.03 0.02 0.02 0.02 0.03 0.02 0.03 0.03 3.38 3.11 0.42 0.01 0.01 0.01 0.01 0.01 0.02 0.02 0.02 0.02 0.03 0.10 0.39 2.78 0.01 0.01 0.01 0.01 0.02 0.01 0.02 0.02 0.02 0.08 0.01 0.01 0.01 0.01 0.03 0.03 0.03 0.21 0.01 0.01 0.02 0.02 0.06 0.20 0.31 0.30 0.22 0.19 0.22
0.01 0.02 0.02 0.02 0.02 0.02 0.01 0.01 0.03 0.02 0.02 0.02 0.01 0.02 0.02 0.02 0.02 0.02 0.02 0.02 0.02 0.03 0.03 0.03 0.03 0.03 0.04 0.04 0.03 0.04 0.03 0.02 0.02 0.03 0.04 0.04 0.03 0.03 3.71 3.57 0.03 0.01 0.01 0.01 0.02 0.02 0.01 0.01 0.02 0.02 0.03 0.06 0.13 0.90 2.25 0.01 0.01 0.02 0.01 0.02 0.02 0.01 0.01 0.03 0.05 0.06 0.02 0.04 0.08 0.05 0.03 0.01 0.22 0.01 0.01 0.02 0.03 0.07 0.19 0.23 0.21 0.20 0.13 0.20
0.01 0.02 0.02 0.02 0.03 0.02 0.01 0.01 0.01 0.02 0.02 0.02 0.02 0.02 0.02 0.02 0.02 0.02 0.02 0.03 0.04 0.04 0.06 0.05 0.04 0.04 0.07 0.07 0.05 0.05 0.03 0.03 0.03 0.04 0.04 0.05 1.34 2.32 3.81 0.02 0.01 0.01 0.01 0.01 0.02 0.02 0.02 0.02 0.02 0.03 0.05 0.05 0.27 1.12 2.67 0.01 0.01 0.02 0.03 0.04 0.06 0.07 0.09 0.07 0.06 0.13 0.11 0.10 0.07 0.07 0.05 0.04 0.20 0.16 0.15 0.17 0.16 0.12 0.24 0.24 0.17 0.13 0.13 0.23
0.02 0.02 0.02 0.03 0.03 0.03 0.01 0.01 0.01 0.02 0.02 0.02 0.02 0.02 0.02 0.02 0.02 0.02 0.03 0.05 0.08 0.03 0.05 0.05 0.04 0.05 0.04 0.05 0.06 0.05 0.04 0.04 0.04 0.03 0.05 2.78 2.24 1.65 0.02 0.01 0.01 0.01 0.01 0.01 0.01 0.02 0.02 0.02 0.03 0.07 0.08 0.05 0.37 2.68 2.27 0.01 0.01 0.01 0.02 0.02 0.02 0.02 0.03 0.03 0.03 0.05 0.05 0.03 0.06 0.08 0.07 0.03 0.27 0.07 0.05 0.03 0.53 0.56 0.40 0.20 0.18 0.15 0.14 0.40
0.02 0.02 0.02 0.03 0.03 0.05 0.01 0.01 0.01 0.02 0.02 0.02 0.03 0.03 0.03 0.03 0.03 0.03 0.04 0.03 0.02 0.04 0.08 0.08 0.06 0.07 0.05 0.05 0.06 0.06 0.05 0.05 0.05 0.04 0.02 2.82 0.02 0.01 0.01 0.01 0.01 0.01 0.02 0.01 0.02 0.02 0.02 0.05 0.07 0.05 0.07 0.06 0.68 3.25 0.02 0.01 0.01 0.01 0.02 0.02 0.02 0.03 0.03 0.02 0.02 0.02 0.01 0.01 0.01 0.01 0.03 0.06 0.29 0.01 0.01 0.14 0.51 0.11 0.10 0.06 0.10 0.12 0.11 0.91
0.02 0.02 0.02 0.04 0.04 0.06 0.04 0.01 0.02 0.02 0.02 0.02 0.03 0.03 0.04 0.03 0.04 0.04 0.04 0.04 0.04 0.04 0.02 0.04 0.06 0.06 0.06 0.06 0.07 0.09 0.08 1.09 2.08 2.75 2.76 2.78 0.02 0.01 0.01 0.01 0.01 0.01 0.01 0.02 0.02 0.02 0.03 0.03 0.02 0.02 0.06 0.56 1.06 3.51 0.01 0.01 0.01 0.01 0.02 0.03 0.03 0.03 0.02 0.03 0.03 0.03 0.02 0.02 0.03 0.07 0.11 0.09 0.20 0.11 0.16 0.24 0.40 0.12 0.07 0.06 0.10 0.17 0.12 1.09
0.02 0.02 0.03 0.04 0.04 0.07 0.03 0.01 0.02 0.02 0.02 0.02 0.03 0.03 0.04 0.03 0.04 0.03 0.06 0.00 0.01 0.01 0.01 0.03 0.04 0.05 0.05 0.07 0.07 1.29 2.02 2.00 1.17 1.08 0.02 0.01 0.01 0.01 0.01 0.01 0.01 0.01 0.01 0.02 0.02 0.02 0.02 0.03 0.06 0.07 0.08 0.30 2.04 1.89 0.01 0.01 0.01 0.02 0.02 0.02 0.02 0.02 0.02 0.05 0.05 0.18 0.15 0.15 0.16 0.12 0.10 0.06 0.06 0.22 0.11 0.21 0.22 0.29 0.20 0.08 0.25 0.20 1.17 1.15
0.02 0.03 0.03 0.04 0.04 0.06 0.05 0.01 0.01 0.02 0.02 0.02 0.04 0.04 0.05 0.05 0.04 0.06 0.12 0.12 0.01 0.01 0.01 0.03 0.03 0.04 1.14 1.52 1.93 1.98 1.41 0.24 0.02 0.01 0.01 0.01 0.01 0.01 0.01 0.01 0.01 0.02 0.02 0.02 0.03 0.03 0.05 0.06 0.06 0.04 0.05 0.95 2.90 1.03 0.01 0.01 0.01 0.02 0.03 0.02 0.02 0.04 0.05 0.05 0.04 0.12 0.01 0.01 0.01 0.01 0.05 0.08 0.08 0.08 0.05 0.37 0.22 0.31 0.41 0.33 0.38 0.79 1.13 0.45
0.02 0.02 0.03 0.03 0.03 0.05 0.08 0.02 0.01 0.01 0.02 0.03 0.02 0.03 0.03 0.03 0.04 0.03 0.01 0.06 0.04 0.04 0.03 0.03 0.04 1.39 1.71 1.45 1.14 0.65 0.38 0.01 0.01 0.01 0.01 0.01 0.01 0.01 0.01 0.02 0.02 0.02 0.02 0.02 0.03 0.05 0.05 0.04 0.04 0.10 4.15 3.84 3.47 0.02 0.01 0.01 0.03 0.03 0.03 0.02 0.03 0.03 0.03 0.03 0.02 0.06 0.01 0.01 0.04 0.08 0.07 0.03 0.07 0.04 0.02 0.36 0.28 0.24 0.26 0.81 0.55 0.92 0.36 0.10
0.04 0.04 0.05 0.02 0.02 0.05 0.13 0.02 0.02 0.01 0.02 0.03 0.02 0.02 0.03 0.03 0.06 0.01 0.01 0.04 0.05 0.05 0.05 0.05 2.51 2.22 1.83 0.71 0.38 0.03 0.02 0.01 0.01 0.00 0.01 0.01 0.00 0.01 0.01 0.02 0.02 0.03 0.03 0.04 0.04 0.04 0.03 0.04 0.02 0.17 4.38 1.34 0.02 0.01 0.01 0.02 0.01 0.02 0.03 0.03 0.03 0.02 0.02 0.01 0.01 0.02 0.08 0.07 0.08 0.05 0.04 0.03 0.05 0.22 0.55 0.62 0.21 0.12 0.26 0.78 0.49 0.32 0.12 0.21
2.03 2.16 2.35 2.99 0.01 0.04 0.13 0.03 0.01 0.01 0.01 0.04 0.04 0.02 0.02 0.03 0.88 0.46 0.42 1.29 1.58 1.62 2.12 2.85 2.65 0.90 0.02 0.02 0.01 0.02 0.01 0.01 0.00 0.01 0.04 0.02 0.01 0.01 0.02 0.02 0.02 0.03 0.03 0.06 0.04 0.03 0.03 0.04 0.04 3.51 2.96 0.02 0.01 0.01 0.01 0.01 0.01 0.02 0.03 0.04 0.05 0.04 0.04 0.03 0.04 0.04 0.05 0.01 0.01 0.01 0.01 0.02 0.03 0.57 0.58 0.30 0.01 0.13 0.36 0.88 0.05 0.02 0.03 0.02
1.48 0.01 0.03 2.77 2.36 2.90 2.49 1.36 2.32 2.28 2.13 1.56 2.14 1.79 2.62 2.43 1.47 2.10 1.99 1.82 1.33 0.75 0.53 0.30 0.20 0.16 0.01 0.01 0.01 0.00 0.00 0.01 0.01 0.02 0.04 0.02 0.02 0.02 0.02 0.02 0.03 0.03 0.04 0.02 0.03 0.04 0.03 0.04 4.04 3.89 0.80 0.02 0.01 0.01 0.01 0.02 0.04 0.05 0.06 0.08 0.08 0.06 0.07 0.07 0.05 0.03 0.11 0.01 0.01 0.03 0.02 0.02 0.08 0.61 0.01 0.27 0.01 0.24 0.56 0.57 0.03 0.03 0.01 0.03
0.02 0.02 0.04 0.03 0.03 0.01 0.02 1.50 1.63 0.03 0.04 0.08 0.01 0.02 0.02 0.02 0.02 0.02 0.02 0.02 0.03 0.01 0.01 0.01 0.01 0.01 0.01 0.01 0.01 0.01 0.02 0.03 0.01 0.02 0.03 0.02 0.02 0.02 0.02 0.02 0.03 0.04 0.04 0.05 0.02 0.03 0.05 3.39 4.17 2.61 0.03 0.02 0.01 0.01 0.02 0.03 0.04 0.03 0.02 0.02 0.03 0.04 0.04 0.04 0.04 0.03 0.08 0.01 0.02 0.02 0.02 0.02 0.12 0.60 0.01 0.86 0.90 0.53 0.62 0.44 0.03 0.03 0.01 0.03
0.01 0.02 0.02 0.02 0.01 0.02 0.02 0.02 0.03 0.05 0.03 0.02 0.02 0.02 0.02 0.02 0.02 0.02 0.02 0.02 0.01 0.02 0.01 0.01 0.01 0.01 0.02 0.02 0.01 0.02 0.02 0.03 0.02 0.02 0.03 0.02 0.24 0.25 0.01 0.02 0.03 0.04 0.05 0.06 0.04 0.03 0.05 3.01 0.11 0.01 0.01 0.01 0.01 0.02 0.02 0.02 0.02 0.03 0.03 0.03 0.03 0.04 0.04 0.04 0.04 0.06 0.19 0.20 0.01 0.01 0.02 0.03 0.15 0.37 0.66 0.90 0.93 0.55 0.24 0.16 0.02 0.03 0.02 0.04
0.01 0.01 0.01 0.02 0.01 0.02 0.02 0.02 0.02 0.03 0.04 0.02 0.01 0.02 0.02 0.02 0.01 0.01 0.01 0.01 0.01 0.01 0.01 0.01 0.01 0.01 0.02 0.03 0.03 0.00 0.00 0.03 0.02 0.03 0.03 0.35 0.22 0.21 0.14 0.09 0.09 0.11 0.08 0.07 0.07 0.05 0.13 3.43 0.02 0.01 0.01 0.01 0.01 0.02 0.02 0.01 0.01 0.02 0.02 0.03 0.04 0.04 0.05 0.04 0.11 0.15 0.09 0.21 0.09 0.08 0.06 0.70 0.34 0.23 0.79 0.83 0.82 0.09 0.01 0.02 0.02 0.01 0.02 0.04
0.01 0.01 0.01 0.01 0.01 0.01 0.01 0.02 0.02 0.03 0.02 0.02 0.02 0.01 0.01 0.01 0.01 0.01 0.01 0.01 0.01 0.01 0.04 0.04 0.07 0.10 0.14 0.11 0.21 0.04 0.05 0.01 0.00 0.02 0.02 0.36 0.01 0.08 0.13 0.14 0.12 0.11 0.09 0.26 0.65 0.70 2.92 2.44 0.01 0.01 0.01 0.01 0.02 0.03 0.03 0.03 0.02 0.03 0.03 0.03 0.03 0.09 0.11 0.10 0.37 0.01 0.01 0.04 0.07 0.10 0.48 0.80 0.24 0.19 0.18 0.19 0.45 0.17 0.17 0.01 0.02 0.01 0.02 0.06
0.01 0.01 0.00 0.01 0.01 0.01 0.01 0.01 0.01 0.02 0.01 0.01 0.01 0.01 0.02 0.02 0.02 0.02 0.01 0.02 0.03 0.06 0.07 0.11 0.12 0.08 0.08 0.28 0.19 0.12 0.07 0.08 0.26 0.53 0.49 0.35 0.14 0.09 0.08 0.06 0.09 0.08 0.17 1.98 2.83 2.86 2.88 0.01 0.01 0.01 0.01 0.01 0.02 0.02 0.02 0.02 0.02 0.03 0.03 0.09 0.14 0.12 0.06 0.12 0.52 0.01 0.01 0.03 0.05 0.68 0.87 0.74 0.67 0.34 0.14 0.12 0.19 0.14 0.17 0.11 0.02 0.01 0.01 0.10
0.01 0.01 0.01 0.02 0.02 0.01 0.01 0.01 0.01 0.01 0.01 0.01 0.02 0.02 0.02 0.04 0.05 0.06 0.06 0.10 0.10 0.08 0.06 0.06 0.05 0.04 0.03 0.05 0.01 0.01 0.02 0.09 0.01 0.02 0.02 0.09 0.12 0.10 0.08 0.07 0.09 0.14 3.58 3.17 2.99 0.60 0.03 0.02 0.01 0.01 0.01 0.02 0.02 0.02 0.02 0.03 0.03 0.06 0.05 0.08 0.10 0.08 0.08 0.12 0.56 0.04 0.03 0.19 0.80 0.94 0.62 0.07 0.14 0.42 0.06 0.15 0.14 0.18 0.03 0.03 0.03 0.08 0.17 0.15
0.02 0.01 0.01 0.03 0.02 0.01 0.01 0.01 0.01 0.01 0.01 0.01 0.01 0.01 0.02 0.02 0.03 0.03 0.03 0.03 0.03 0.03 0.04 0.04 0.03 0.02 0.02 0.01 0.01 0.02 0.01 0.02 0.03 0.02 0.02 0.01 0.07 0.08 0.07 0.07 0.11 3.46 3.57 0.02 0.02 0.03 0.03 0.01 0.01 0.01 0.02 0.02 0.03 0.02 0.03 0.04 0.04 0.08 0.29 0.12 0.07 0.13 0.17 0.16 0.58 0.36 0.46 0.80 0.71 0.63 0.07 0.07 0.09 0.22 0.11 0.19 0.17 0.20 0.04 0.02 0.02 0.06 0.01 0.13
2.90 0.01 0.01 0.03 0.01 0.02 0.01 0.01 0.01 0.01 0.01 0.01 0.01 0.01 0.01 0.01 0.02 0.02 0.02 0.02 0.03 0.03 0.02 0.02 0.02 0.02 0.01 0.01 0.01 0.01 0.01 0.01 0.02 0.01 0.01 0.02 0.05 0.06 0.05 0.07 0.67 3.39 0.84 0.05 0.04 0.01 0.01 0.01 0.01 0.01 0.02 0.03 0.03 0.04 0.10 0.15 0.19 0.20 0.11 0.06 0.14 0.19 0.19 0.17 0.31 0.39 0.37 0.42 0.24 0.11 0.09 0.09 0.07 0.09 0.14 0.22 0.18 0.13 0.06 0.03 0.04 0.02 0.01 0.02
2.87 0.02 0.02 0.02 0.02 0.02 0.02 0.01 0.01 0.01 0.01 0.01 0.01 0.01 0.01 0.01 0.01 0.02 0.02 0.02 0.02 0.02 0.02 0.01 0.01 0.01 0.01 0.01 0.02 0.03 0.02 0.01 0.01 0.01 0.01 0.02 0.04 0.06 0.04 0.06 1.02 3.73 0.79 0.01 0.04 0.01 0.01 0.01 0.01 0.03 0.04 0.04 0.04 0.16 0.15 0.14 0.14 0.13 0.21 0.19 0.17 0.18 0.19 0.14 0.19 0.39 0.05 0.43 0.07 0.09 0.08 0.07 0.05 0.13 0.21 0.19 0.08 0.14 0.10 0.03 0.03 0.01 0.02 0.02
2.80 0.24 0.01 4.82 4.84 0.02 0.01 0.02 0.02 0.02 0.01 0.02 0.02 0.02 0.01 0.01 0.01 0.01 0.01 0.01 0.01 0.02 0.01 0.01 0.01 0.01 0.01 0.01 0.02 0.02 0.02 0.02 0.02 0.01 0.02 0.03 0.37 0.73 0.03 3.06 2.39 3.29 0.02 0.02 0.01 0.01 0.01 0.05 0.05 0.03 0.03 0.15 0.24 0.21 0.17 0.10 0.09 0.12 0.12 0.21 0.19 0.15 0.14 0.12 0.12 0.27 0.32 0.66 0.11 0.10 0.06 0.05 0.08 0.17 0.12 0.10 0.09 0.14 0.02 0.02 0.03 0.02 0.02 0.01
2.71 2.45 4.95 4.79 4.86 0.02 0.02 0.02 0.02 0.01 0.03 0.02 0.02 0.06 0.01 0.03 0.01 0.01 0.01 0.01 0.01 0.01 0.02 0.01 0.01 0.01 0.01 0.01 0.03 0.04 0.02 0.02 0.02 0.24 3.02 3.70 3.76 4.01 3.77 3.43 0.89 0.02 0.01 0.02 0.01 0.01 0.01 0.03 0.06 0.05 0.16 0.14 0.14 0.13 0.11 0.13 0.14 0.12 0.09 0.11 0.15 0.14 0.13 0.10 0.11 0.24 0.57 0.68 0.18 0.12 0.04 0.05 0.09 0.17 0.05 0.16 0.15 0.04 0.02 0.02 0.02 0.02 0.02 0.01
0.03 0.03 0.07 0.02 4.74 4.58 4.42 0.02 0.02 0.01 0.02 0.02 0.02 0.05 0.06 0.03 0.01 0.01 0.02 0.01 0.01 0.01 0.02 0.02 0.02 0.01 0.01 0.03 0.03 0.03 0.02 0.02 2.36 2.56 2.66 0.02 0.01 0.01 0.04 0.04 0.01 0.02 0.01 0.01 0.01 0.01 0.01 0.06 0.14 0.23 0.19 0.15 0.11 0.06 0.06 0.07 0.07 0.07 0.10 0.10 0.11 0.10 0.09 0.10 0.10 0.12 0.29 0.26 0.17 0.17 0.07 0.05 0.08 0.14 0.09 0.32 0.03 0.05 0.01 0.02 0.02 0.01 0.06 0.07
0.03 0.03 0.04 0.05 0.03 0.03 4.21 0.54 0.02 0.01 0.01 0.03 0.02 0.03 0.02 0.02 0.02 0.01 0.02 0.02 0.02 0.02 0.02 0.02 0.02 0.02 0.02 0.09 0.05 0.05 2.38 2.40 2.39 0.02 0.04 0.02 0.01 0.02 0.03 0.04 0.01 0.01 0.01 0.01 0.01 0.08 0.18 0.15 0.12 0.11 0.13 0.10 0.05 0.09 0.08 0.05 0.04 0.08 0.11 0.08 0.09 0.10 0.10 0.09 0.08 0.07 0.09 0.42 0.38 0.39 0.32 0.06 0.09 0.13 0.05 0.22 0.04 0.04 0.01 0.01 0.01 0.07 0.03 0.03
0.03 0.03 0.03 0.03 0.04 0.02 3.97 0.42 1.08 0.01 0.01 0.03 0.01 0.04 0.03 0.02 0.03 0.01 0.01 0.02 0.02 0.02 0.02 0.01 0.02 0.01 0.05 0.00 0.01 3.07 2.86 0.18 0.01 0.02 0.03 0.02 0.01 0.01 0.02 0.01 0.01 0.01 0.01 0.07 0.12 0.15 0.13 0.08 0.07 0.07 0.11 0.08 0.10 0.08 0.04 0.05 0.03 0.13 0.10 0.08 0.10 0.11 0.10 0.09 0.07 0.06 0.09 0.09 0.14 0.18 0.17 0.13 0.11 0.11 0.09 0.30 0.25 0.01 0.01 0.02 0.07 0.02 0.11 0.05
0.03 0.03 0.03 0.03 0.03 0.02 3.70 3.34 2.77 3.28 2.79 1.79 3.02 2.35 0.02 0.01 0.02 0.02 0.02 0.01 0.01 0.02 0.01 0.02 0.03 0.03 0.18 0.09 3.65 3.17 0.02 0.02 0.01 0.01 0.02 0.02 0.01 0.01 0.01 0.01 0.01 0.06 0.13 0.10 0.09 0.09 0.08 0.07 0.08 0.08 0.08 0.11 0.09 0.05 0.04 0.13 0.37 0.27 0.09 0.08 0.10 0.11 0.10 0.06 0.06 0.06 0.12 0.11 0.12 0.13 0.11 0.10 0.10 0.08 0.08 0.06 0.31 0.31 0.28 0.01 0.01 0.10 0.08 0.21
0.02 0.03 0.03 0.03 0.03 0.04 0.02 0.04 0.01 0.02 0.02 0.49 3.20 3.29 2.92 2.66 0.01 0.02 0.03 0.01 0.02 0.02 0.05 0.05 0.09 0.12 0.13 0.12 4.00 0.83 0.01 0.01 0.01 0.01 0.01 0.02 0.01 0.01 0.01 0.01 0.07 0.09 0.09 0.07 0.07 0.08 0.08 0.07 0.08 0.10 0.08 0.06 0.05 0.06 0.13 0.10 0.25 0.07 0.10 0.11 0.11 0.13 0.05 0.05 0.07 0.05 0.12 0.15 0.13 0.11 0.10 0.14 0.14 0.02 0.04 0.04 0.04 0.06 0.03 0.02 0.05 0.18 0.01 0.15
0.02 0.02 0.02 0.03 0.04 0.04 0.02 0.03 0.01 0.02 0.01 0.01 0.40 0.15 1.14 2.17 1.79 1.99 2.10 0.01 0.01 0.04 0.06 0.01 0.01 0.02 0.01 0.59 4.29 2.26 0.01 0.01 0.01 0.01 0.01 0.01 0.01 0.02 0.02 0.07 0.12 0.12 0.10 0.08 0.07 0.07 0.07 0.08 0.08 0.08 0.06 0.05 0.04 0.04 0.04 0.08 0.06 0.05 0.11 0.09 0.09 0.10 0.06 0.06 0.08 0.05 0.19 0.15 0.07 0.11 0.15 0.14 0.08 0.03 0.06 0.05 0.05 0.06 0.04 0.03 0.05 0.05 0.03 0.13
0.01 0.01 0.02 0.02 0.02 0.02 0.04 0.04 0.06 0.07 0.05 0.42 0.49 0.01 0.03 0.02 0.03 0.02 2.16 2.51 0.01 0.01 0.03 0.01 0.00 0.01 0.01 1.45 4.53 0.04 0.02 0.01 0.01 0.01 0.01 0.06 0.09 0.12 0.12 0.15 0.10 0.07 0.06 0.07 0.05 0.06 0.10 0.09 0.07 0.06 0.05 0.04 0.03 0.03 0.05 0.07 0.06 0.06 0.07 0.08 0.08 0.09 0.18 0.09 0.17 0.34 0.35 0.01 0.01 0.18 0.11 0.08 0.04 0.04 0.06 0.05 0.05 0.07 0.09 0.08 0.06 0.10 0.10 0.08
0.01 0.01 0.01 0.01 0.01 0.01 0.02 0.02 0.05 0.04 0.03 0.41 0.24 0.01 0.04 0.01 0.02 0.04 0.05 2.94 3.03 0.00 0.01 0.02 0.01 0.01 0.01 2.13 2.54 0.02 0.02 0.02 0.01 0.01 0.05 0.06 0.05 0.06 0.05 0.06 0.04 0.05 0.04 0.05 0.05 0.05 0.06 0.05 0.04 0.04 0.04 0.04 0.03 0.03 0.05 0.06 0.05 0.06 0.07 0.09 0.10 0.09 0.14 0.18 0.26 0.13 0.07 0.13 0.22 0.22 0.02 0.05 0.03 0.03 0.04 0.08 0.07 0.08 0.05 0.04 0.03 0.06 0.06 0.05
0.01 0.01 0.01 0.01 0.01 0.01 0.01 0.01 0.13 0.39 0.45 0.52 0.03 0.02 0.03 0.02 0.03 0.03 0.03 0.03 3.19 3.45 3.23 2.90 2.31 2.27 2.32 2.27 0.20 0.03 0.03 0.01 0.01 0.04 0.05 0.05 0.05 0.04 0.04 0.06 0.05 0.04 0.04 0.05 0.05 0.05 0.04 0.05 0.04 0.04 0.04 0.03 0.03 0.04 0.06 0.07 0.07 0.06 0.09 0.11 0.10 0.11 0.13 0.15 0.19 0.02 0.11 0.11 0.08 0.08 0.02 0.04 0.04 0.03 0.07 0.11 0.09 0.06 0.03 0.03 0.03 0.04 0.05 0.02
0.02 0.01 0.01 0.01 0.01 0.01 0.01 0.54 0.36 0.34 0.14 0.02 0.02 0.03 0.03 0.04 0.03 0.03 0.03 0.03 0.04 0.09 0.01 0.02 0.02 0.03 0.04 0.08 0.03 0.02 0.02 0.01 0.01 0.04 0.04 0.05 0.04 0.03 0.03 0.03 0.04 0.04 0.04 0.04 0.04 0.04 0.04 0.04 0.03 0.03 0.03 0.04 0.03 0.05 0.05 0.07 0.08 0.08 0.09 0.15 0.10 0.11 0.12 0.08 0.10 0.14 0.12 0.08 0.05 0.03 0.03 0.04 0.05 0.04 0.11 0.18 0.02 0.02 0.02 0.01 0.02 0.02 0.03 0.03
0.02 0.02 0.02 0.02 0.02 0.22 0.55 0.60 0.02 0.01 0.02 0.02 0.02 0.03 0.05 0.10 0.04 0.04 0.03 0.03 0.05 0.10 0.01 0.01 0.02 0.03 0.03 0.04 0.02 0.01 0.02 0.01 0.03 0.05 0.04 0.04 0.04 0.03 0.03 0.03 0.03 0.03 0.03 0.03 0.05 0.04 0.06 0.03 0.02 0.02 0.02 0.04 0.05 0.08 0.08 0.08 0.11 0.14 0.10 0.13 0.12 0.12 0.08 0.09 0.16 0.06 0.07 0.02 0.02 0.02 0.03 0.05 0.05 0.03 0.19 0.02 0.01 0.02 0.02 0.01 0.02 0.02 0.02 0.05
