NEW_versions/S_Waiehu/Scripts/Results/S_Waiehu_50m/MaxFloodMaps/S_Waiehu_50m_1.4.asc
NCOLS 296
NROWS 126
XLLCENTER 753498.390000
YLLCENTER 2312278.410000
CELLSIZE 25.000000
NODATA_value -99999.000000
[rows 38 to 75 of 126, columns 84 to 167 of 296]
0.00 0.00 0.00 0.00 0.00 0.00 0.00 0.00 0.00 0.00 0.00 0.00 0.00 0.00 0.00 0.00 0.00 0.00 0.00 0.00 0.00 0.00 0.00 0.00 0.00 0.00 0.00 0.00 0.00 0.00 0.00 0.00 0.00 0.00 0.00 0.00 0.00 0.00 0.00 0.00 0.00 0.00 0.00 0.00 0.00 0.00 0.00 0.00 0.00 0.00 0.00 0.00 0.00 0.00 0.00 0.00 0.00 0.01 0.01 0.01 0.01 0.01 0.01 0.00 0.00 0.00 0.00 0.00 0.00 0.00 0.00 0.00 0.01 0.02 0.02 0.02 0.02 0.05 0.14 0.06 0.04 0.05 0.06 0.07
0.00 0.00 0.00 0.00 0.00 0.00 0.00 0.00 0.00 0.00 0.00 0.00 0.00 0.00 0.00 0.00 0.00 0.00 0.00 0.00 0.00 0.00 0.00 0.00 0.00 0.00 0.00 0.00 0.00 0.00 0.00 0.00 0.00 0.00 0.00 0.00 0.00 0.00 0.00 0.00 0.00 0.00 0.00 0.00 0.00 0.01 0.01 0.01 0.01 0.01 0.01 0.01 0.01 0.00 0.01 0.00 0.01 0.01 0.01 0.01 0.01 0.02 0.01 0.01 0.00 0.00 0.00 0.00 0.00 0.00 0.00 0.01 0.01 0.01 0.01 0.02 0.02 0.02 0.02 0.03 0.03 0.03 0.04 0.03
0.01 0.01 0.01 0.00 0.00 0.00 0.00 0.00 0.00 0.00 0.00 0.00 0.00 0.00 0.00 0.00 0.00 0.00 0.00 0.00 0.00 0.00 0.00 0.00 0.00 0.00 0.00 0.00 0.00 0.00 0.00 0.00 0.00 0.00 0.00 0.00 0.00 0.00 0.00 0.00 0.00 0.00 0.00 0.01 0.01 0.01 0.01 0.01 0.01 0.01 0.01 0.01 0.01 0.01 0.01 0.01 0.01 0.01 0.01 0.01 0.01 0.03 0.01 0.01 0.01 0.00 0.01 0.01 0.01 0.01 0.00 0.01 0.01 0.01 0.01 0.01 0.01 0.01 0.01 0.02 0.03 0.04 0.02 0.02
0.01 0.01 0.01 0.01 0.01 0.01 0.01 0.00 0.00 0.00 0.00 0.00 0.00 0.00 0.00 0.00 0.00 0.00 0.00 0.00 0.00 0.00 0.00 0.00 0.00 0.00 0.00 0.00 0.00 0.00 0.00 0.00 0.00 0.00 0.00 0.00 0.00 0.00 0.01 0.01 0.01 0.01 0.01 0.01 0.01 0.02 0.01 0.01 0.01 0.02 0.01 0.01 0.02 0.01 0.01 0.01 0.01 0.02 0.02 0.01 0.01 0.03 0.01 0.01 0.01 0.01 0.01 0.01 0.01 0.02 0.01 0.01 0.01 0.01 0.01 0.01 0.01 0.01 0.01 0.01 0.02 0.01 0.02 0.02
0.01 0.01 0.01 0.01 0.01 0.01 0.01 0.01 0.01 0.01 0.00 0.00 0.00 0.00 0.00 0.00 0.01 0.01 0.01 0.01 0.01 0.01 0.01 0.01 0.01 0.01 0.01 0.01 0.01 0.01 0.01 0.01 0.01 0.01 0.01 0.01 0.01 0.01 0.01 0.01 0.01 0.01 0.01 0.01 0.01 0.02 0.02 0.01 0.01 0.03 0.01 0.01 0.02 0.02 0.01 0.02 0.01 0.02 0.03 0.01 0.01 0.04 0.01 0.01 0.01 0.00 0.01 0.01 0.01 0.02 0.01 0.01 0.02 0.01 0.01 0.01 0.01 0.01 0.01 0.01 0.02 0.02 0.02 0.02
0.01 0.01 0.02 0.02 0.02 0.01 0.01 0.01 0.01 0.01 0.01 0.00 0.00 0.01 0.01 0.01 0.01 0.01 0.01 0.01 0.01 0.01 0.02 0.01 0.01 0.01 0.01 0.01 0.01 0.01 0.01 0.01 0.01 0.01 0.01 0.01 0.01 0.01 0.01 0.01 0.01 0.01 0.01 0.01 0.01 0.02 0.03 0.02 0.01 0.03 0.01 0.01 0.02 0.03 0.02 0.02 0.01 0.01 0.03 0.02 0.01 0.03 0.04 0.01 0.01 0.01 0.01 0.01 0.03 0.02 0.01 0.01 0.02 0.01 0.02 0.01 0.01 0.01 0.02 0.02 0.02 0.02 0.02 0.02
0.01 0.01 0.02 0.02 0.03 0.01 0.01 0.01 0.01 0.01 0.01 0.01 0.01 0.01 0.01 0.01 0.01 0.01 0.01 0.01 0.01 0.01 0.02 0.02 0.01 0.02 0.02 0.01 0.01 0.02 0.01 0.01 0.01 0.01 0.01 0.02 0.02 0.02 0.01 0.01 0.01 0.01 0.01 0.01 0.01 0.02 0.03 0.04 0.01 0.03 0.02 0.01 0.02 0.03 0.03 0.02 0.01 0.01 0.03 0.03 0.01 0.02 0.05 0.01 0.01 0.01 0.01 0.01 0.02 0.04 0.01 0.01 0.04 0.02 0.02 0.01 0.01 0.01 0.02 0.02 0.02 0.03 0.01 0.02
0.02 0.02 0.03 0.02 0.03 0.02 0.01 0.02 0.01 0.01 0.01 0.01 0.01 0.01 0.01 0.01 0.01 0.02 0.02 0.02 0.01 0.02 0.02 0.02 0.02 0.02 0.02 0.02 0.01 0.02 0.02 0.01 0.01 0.01 0.01 0.01 0.02 0.02 0.02 0.01 0.01 0.02 0.01 0.01 0.01 0.02 0.02 0.03 0.02 0.02 0.04 0.01 0.01 0.03 0.04 0.02 0.01 0.01 0.02 0.04 0.01 0.02 0.05 0.01 0.01 0.01 0.01 0.01 0.02 0.05 0.01 0.01 0.05 0.02 0.01 0.02 0.02 0.02 0.01 0.02 0.02 0.03 0.01 0.01
0.02 0.02 0.03 0.03 0.03 0.02 0.02 0.02 0.01 0.01 0.01 0.01 0.01 0.01 0.01 0.01 0.02 0.02 0.02 0.02 0.02 0.02 0.01 0.01 0.01 0.01 0.02 0.02 0.02 0.03 0.01 0.01 0.01 0.01 0.02 0.01 0.02 0.02 0.02 0.01 0.02 0.02 0.02 0.02 0.02 0.02 0.02 0.03 0.03 0.02 0.05 0.02 0.01 0.02 0.06 0.04 0.01 0.01 0.02 0.05 0.01 0.02 0.08 0.01 0.01 0.02 0.01 0.01 0.02 0.04 0.04 0.01 0.07 0.01 0.02 0.01 0.04 0.02 0.01 0.02 0.04 0.04 0.01 0.01
0.02 0.02 0.05 0.02 0.02 0.02 0.02 0.02 0.02 0.01 0.01 0.01 0.01 0.01 0.01 0.02 0.02 0.02 0.02 0.02 0.02 0.01 0.01 0.01 0.01 0.02 0.02 0.03 0.02 0.03 0.04 0.01 0.01 0.01 0.01 0.02 0.02 0.02 0.03 0.02 0.02 0.02 0.02 0.02 0.02 0.02 0.02 0.03 0.05 0.02 0.04 0.04 0.01 0.02 0.04 0.06 0.03 0.01 0.02 0.05 0.04 0.01 0.08 0.01 0.01 0.03 0.01 0.01 0.02 0.03 0.07 0.02 0.04 0.01 0.02 0.03 0.03 0.02 0.02 0.01 0.03 0.03 0.02 0.01
0.05 0.04 0.05 0.04 0.02 0.02 0.03 0.02 0.02 0.02 0.01 0.01 0.01 0.01 0.01 0.02 0.02 0.02 0.02 0.02 0.02 0.01 0.02 0.02 0.03 0.03 0.03 0.03 0.02 0.03 0.04 0.03 0.02 0.01 0.01 0.02 0.01 0.02 0.03 0.02 0.02 0.02 0.02 0.02 0.03 0.03 0.02 0.03 0.06 0.02 0.02 0.05 0.01 0.02 0.03 0.05 0.04 0.02 0.02 0.09 0.03 0.01 0.08 0.01 0.01 0.02 0.03 0.01 0.02 0.03 0.10 0.03 0.04 0.01 0.01 0.04 0.02 0.01 0.03 0.02 0.03 0.04 0.02 0.02
0.07 0.03 0.06 0.03 0.03 0.03 0.03 0.02 0.02 0.01 0.01 0.01 0.01 0.01 0.01 0.02 0.02 0.02 0.02 0.02 0.02 0.02 0.02 0.02 0.02 0.03 0.03 0.04 0.04 0.02 0.04 0.04 0.03 0.02 0.01 0.02 0.01 0.01 0.03 0.02 0.02 0.03 0.02 0.03 0.03 0.03 0.03 0.04 0.06 0.02 0.02 0.04 0.02 0.02 0.03 0.08 0.03 0.03 0.04 2.11 2.09 2.00 1.74 0.01 0.01 0.03 0.04 0.01 0.02 0.03 0.09 0.04 0.02 0.01 0.02 0.07 0.03 0.01 0.04 0.02 0.02 0.03 0.02 0.02
0.08 0.04 0.04 0.01 0.03 0.06 0.03 0.02 0.01 0.01 0.01 0.01 0.01 0.01 0.01 0.02 0.02 0.02 0.02 0.02 0.03 0.03 0.02 0.02 0.02 0.02 0.03 0.03 0.04 0.01 0.02 0.03 0.04 0.04 0.04 0.03 0.02 0.01 0.03 0.02 0.02 0.03 0.02 0.02 0.03 0.03 0.06 0.45 0.52 0.02 0.01 0.03 0.03 0.03 0.03 0.07 3.24 3.27 3.03 2.69 0.01 0.02 1.38 1.48 0.01 0.03 0.06 0.02 0.01 0.03 0.12 0.03 0.01 0.01 0.02 0.04 0.03 0.02 0.04 0.03 0.02 0.03 0.02 0.02
0.08 0.05 0.03 0.01 0.02 0.06 0.02 0.02 0.02 0.01 0.01 0.01 0.01 0.01 0.02 0.02 0.02 0.02 0.02 0.02 0.03 0.03 0.03 0.03 0.02 0.02 0.02 0.03 0.06 0.02 0.02 0.03 0.04 0.04 2.51 2.23 1.73 0.01 0.02 0.03 0.02 0.03 0.04 0.03 0.03 0.03 1.56 1.18 1.62 2.12 1.98 1.97 1.93 1.76 1.94 3.18 3.21 0.02 0.01 0.01 0.01 0.01 0.02 2.42 2.25 1.88 3.06 2.58 1.73 2.40 1.47 0.02 0.01 0.01 0.02 0.04 0.04 0.01 0.03 0.04 0.03 0.02 0.03 0.03
0.06 0.07 0.02 0.01 0.02 0.10 0.02 0.02 0.01 0.01 0.01 0.01 0.01 0.01 0.02 0.02 0.02 0.02 0.02 0.02 0.03 0.03 0.04 0.04 0.03 0.03 0.09 0.04 0.05 0.02 0.01 0.02 0.03 2.79 2.67 0.02 1.53 0.02 0.01 0.03 0.02 0.03 0.04 2.58 2.90 2.68 2.31 0.01 0.01 0.03 0.04 0.04 0.06 0.14 0.03 0.02 0.02 0.01 0.01 0.01 0.02 0.02 0.02 0.02 0.05 0.10 0.02 0.75 0.01 0.02 2.71 2.81 0.01 0.01 0.01 0.05 0.03 0.02 0.02 0.04 0.03 0.03 0.75 1.24
0.05 0.07 0.02 0.01 0.01 0.09 0.03 0.02 0.01 0.01 0.01 0.01 0.01 0.01 0.02 0.02 0.02 0.02 0.02 0.02 0.02 0.03 0.03 0.03 1.83 1.81 1.29 1.12 1.28 0.01 0.01 0.01 2.93 2.87 0.01 0.01 1.52 1.37 0.01 0.02 1.75 1.90 1.94 2.08 0.02 0.02 0.01 0.01 0.02 0.02 0.03 0.02 0.03 0.02 0.02 0.02 0.01 0.01 0.01 0.01 0.02 0.02 0.02 0.02 0.02 0.02 0.02 0.02 0.01 0.01 0.02 2.99 3.29 2.91 0.48 0.04 0.06 0.02 0.01 0.04 2.28 2.14 1.85 1.44
0.06 7.43 11.79 11.69 11.78 11.68 8.77 0.02 0.01 0.01 0.01 0.01 0.01 0.01 0.02 0.02 0.03 0.03 0.02 0.02 0.02 0.02 0.02 1.79 1.80 0.01 0.01 0.01 1.14 1.37 2.52 2.60 2.73 0.01 0.01 0.02 0.03 1.47 2.25 2.22 2.18 0.02 0.03 0.02 0.02 0.01 0.01 0.01 0.01 0.02 0.02 0.01 0.02 0.02 0.02 0.01 0.01 0.01 0.01 0.01 0.01 0.01 0.01 0.01 0.02 0.01 0.01 0.01 0.01 0.01 0.01 0.01 0.01 2.41 1.45 1.88 2.41 2.03 1.22 2.38 2.34 0.01 0.01 0.02
5.25 5.47 0.00 0.01 0.01 0.01 8.24 7.70 7.17 0.01 0.01 0.01 0.01 0.01 0.01 0.02 0.03 0.04 0.04 0.04 0.06 0.01 1.99 1.94 0.01 0.00 0.01 0.02 0.03 0.03 0.01 0.01 0.01 0.01 0.01 0.02 0.03 0.03 0.04 0.02 0.02 0.02 0.03 0.02 0.01 0.01 0.01 0.01 0.01 0.02 0.01 0.01 0.02 0.01 0.01 0.01 0.01 0.01 0.01 0.01 0.01 0.01 0.01 0.01 0.01 0.01 0.01 0.01 0.01 0.01 0.01 0.01 0.01 0.01 0.01 0.01 0.02 0.03 0.01 0.02 0.01 0.01 0.01 0.02
0.01 0.01 0.00 0.01 0.01 0.01 0.02 0.02 1.22 1.22 1.24 0.01 0.01 0.01 0.01 0.01 0.02 0.03 1.62 1.54 1.11 1.35 2.01 0.01 0.01 0.00 0.01 0.02 0.03 0.01 0.01 0.01 0.01 0.01 0.01 0.03 0.02 0.02 0.01 0.01 0.01 0.03 0.02 0.01 0.01 0.01 0.01 0.01 0.01 0.01 0.01 0.01 0.01 0.01 0.01 0.01 0.00 0.00 0.00 0.01 0.01 0.01 0.01 0.01 0.01 0.01 0.01 0.01 0.01 0.01 0.01 0.01 0.01 0.01 0.01 0.01 0.01 0.01 0.01 0.01 0.01 0.01 0.01 0.01
0.01 0.01 0.00 0.01 0.01 0.01 0.02 0.02 0.02 0.03 1.40 1.40 1.36 0.01 0.01 0.01 0.01 0.03 1.47 0.01 0.01 0.04 0.02 0.01 0.01 0.01 0.01 0.02 0.02 0.01 0.01 0.01 0.01 0.01 0.01 0.02 0.02 0.01 0.01 0.01 0.01 0.02 0.01 0.01 0.01 0.01 0.01 0.01 0.01 0.01 0.01 0.01 0.01 0.01 0.01 0.01 0.01 0.01 0.01 0.01 0.01 0.01 0.01 0.01 0.01 0.01 0.01 0.01 0.01 0.01 0.01 0.01 0.01 0.01 0.01 0.01 0.01 0.00 0.00 0.01 0.01 0.00 0.01 0.01
0.01 0.01 0.01 0.01 0.01 0.01 0.01 0.02 0.02 0.02 0.03 0.03 1.10 1.35 1.36 0.01 0.01 1.65 0.90 0.01 0.01 0.02 0.01 0.01 0.01 0.01 0.01 0.02 0.01 0.01 0.01 0.01 0.01 0.01 0.01 0.01 0.02 0.01 0.01 0.01 0.01 0.01 0.01 0.01 0.01 0.01 0.00 0.00 0.00 0.01 0.01 0.00 0.00 0.01 0.01 0.01 0.01 0.01 0.01 0.01 0.01 0.01 0.02 0.01 0.01 0.02 0.02 0.02 0.02 0.02 0.02 0.02 0.02 0.01 0.02 0.02 0.01 0.01 0.01 0.01 0.01 0.01 0.01 0.01
0.01 0.01 0.01 0.01 0.01 0.01 0.02 0.03 0.03 0.03 0.03 0.02 0.03 0.03 1.41 1.71 1.95 1.87 0.01 0.01 0.01 0.02 0.01 0.01 0.01 0.01 0.01 0.01 0.01 0.01 0.00 0.00 0.00 0.01 0.01 0.01 0.01 0.01 0.01 0.01 0.01 0.01 0.01 0.01 0.00 0.01 0.01 0.01 0.01 0.01 0.01 0.01 0.01 0.01 0.01 0.01 0.01 0.01 0.01 0.01 0.01 0.01 0.01 0.02 0.02 0.01 0.02 0.02 0.02 0.01 0.01 0.02 0.02 0.02 0.02 0.02 0.02 0.02 0.01 0.01 0.02 0.01 0.01 0.02
0.01 0.01 0.01 0.01 0.01 0.02 0.02 0.02 0.03 0.03 0.04 0.03 0.03 0.03 0.03 0.07 0.08 0.02 0.01 0.01 0.01 0.02 0.01 0.01 0.01 0.00 0.01 0.01 0.01 0.00 0.01 0.01 0.01 0.01 0.01 0.00 0.00 0.00 0.01 0.01 0.00 0.00 0.01 0.01 0.01 0.01 0.01 0.01 0.01 0.01 0.01 0.01 0.01 0.01 0.01 0.02 0.02 0.01 0.02 0.01 0.01 0.02 0.02 0.02 0.03 0.01 0.02 0.02 0.04 0.01 0.01 0.02 0.02 0.02 0.03 0.02 0.05 0.03 0.05 0.01 0.03 0.01 0.01 0.01
0.01 0.01 0.01 0.01 0.01 0.02 0.02 0.02 0.02 0.02 0.02 0.03 0.04 0.04 0.03 0.06 0.03 0.01 0.01 0.01 0.01 0.01 0.01 0.01 0.00 0.00 0.00 0.00 0.01 0.01 0.01 0.01 0.01 0.01 0.01 0.01 0.01 0.01 0.01 0.01 0.00 0.01 0.01 0.01 0.01 0.01 0.01 0.01 0.01 0.01 0.02 0.02 0.01 0.01 0.01 0.02 0.02 0.03 0.04 0.02 0.02 0.02 0.02 0.02 0.03 0.02 0.02 0.02 1.28 2.51 3.37 3.41 3.47 3.57 0.02 3.48 3.04 2.28 0.99 0.02 0.02 2.84 2.25 2.65
0.01 0.01 0.01 0.01 0.01 0.02 0.02 0.02 0.02 0.02 0.02 0.03 0.03 0.04 0.03 0.03 0.04 0.01 0.01 0.01 0.01 0.01 0.01 0.00 0.01 0.01 0.01 0.01 0.01 0.01 0.01 0.02 0.02 0.02 0.02 0.02 0.01 0.01 0.01 0.01 0.00 0.01 0.01 0.02 0.02 0.02 0.01 0.02 0.02 0.02 0.02 0.04 0.02 0.01 0.02 0.02 0.05 0.04 0.04 0.03 0.02 0.02 1.85 2.06 2.47 3.30 2.96 2.36 1.61 1.75 0.02 0.01 0.03 3.73 3.74 3.77 0.03 2.20 2.31 3.23 3.14 3.01 0.01 0.01
0.01 0.01 0.01 0.01 0.01 0.02 0.02 0.02 0.02 0.02 0.02 0.03 0.03 0.03 0.02 0.03 0.02 0.01 0.01 0.01 0.00 0.00 0.01 0.01 0.01 0.01 0.01 0.01 0.01 0.01 0.02 0.02 0.02 0.02 0.02 0.02 0.02 0.01 0.01 0.01 0.01 0.01 0.01 0.01 0.02 0.02 0.02 0.02 0.02 0.02 0.02 0.03 0.03 0.02 0.02 0.03 0.02 0.02 2.03 1.79 2.39 2.40 2.40 0.01 0.04 0.05 0.01 0.03 0.03 0.02 0.03 0.03 0.05 0.03 0.03 0.03 0.03 0.03 0.03 0.04 0.06 0.03 0.01 0.01
0.01 0.01 0.01 0.01 0.01 0.02 0.02 0.02 0.02 0.02 0.03 0.03 0.03 0.02 0.02 0.03 0.01 0.01 0.01 0.01 0.00 0.01 0.01 0.01 0.01 0.01 0.01 0.01 0.02 0.02 0.02 0.02 0.02 0.03 0.03 0.03 0.03 0.01 0.02 0.01 0.01 0.01 0.01 0.01 0.01 0.02 0.03 0.03 0.04 0.02 0.02 0.02 0.03 0.03 0.04 0.04 1.83 2.05 2.08 0.08 0.01 0.10 0.08 0.01 0.03 0.04 0.02 0.03 0.02 0.01 0.03 0.03 0.04 0.03 0.03 0.03 0.02 0.02 0.03 0.03 0.03 0.04 0.02 0.02
0.01 0.01 0.01 0.01 0.01 0.02 0.02 0.02 0.02 0.02 0.03 0.03 0.02 0.02 0.02 0.02 0.01 0.01 0.00 0.01 0.01 0.01 0.01 0.01 0.01 0.02 0.02 0.02 0.03 0.02 0.02 0.02 0.02 0.03 0.04 0.03 0.04 0.03 0.03 0.01 0.01 0.01 0.01 0.01 0.01 0.02 0.02 0.03 0.04 0.04 0.01 0.02 0.02 0.03 3.19 2.74 2.49 0.06 0.10 0.01 0.01 0.14 0.05 0.01 0.02 0.04 0.02 0.02 0.03 0.01 0.03 0.03 0.05 0.02 0.02 0.02 0.02 0.02 0.03 0.03 0.05 0.02 0.03 0.03
0.01 0.01 0.01 0.01 0.02 0.02 0.02 0.02 0.02 0.02 0.02 0.02 0.02 0.02 0.01 0.01 0.01 0.00 0.00 0.01 0.02 0.02 0.02 0.02 0.01 0.02 0.02 0.02 0.03 0.03 0.02 0.02 0.03 0.03 0.03 0.03 0.05 0.03 0.05 0.02 0.01 0.01 0.01 0.01 0.01 0.01 0.02 0.03 0.04 0.07 0.01 3.28 3.58 3.89 3.59 0.03 0.02 0.22 0.04 0.01 0.01 0.16 0.08 0.02 0.03 0.02 0.02 0.02 0.02 0.02 0.02 0.03 0.05 0.01 0.02 0.02 0.02 0.02 0.03 0.02 0.03 0.03 0.03 0.02
0.01 0.01 0.01 0.01 0.02 0.02 0.02 0.02 0.02 0.02 0.02 0.02 0.01 0.01 0.01 0.01 0.00 0.00 0.01 0.01 0.01 0.01 0.02 0.02 0.02 0.02 0.02 0.02 0.03 0.03 0.03 0.03 0.03 0.03 2.37 1.83 1.59 2.88 2.70 0.03 0.01 0.01 0.00 0.01 0.01 0.02 0.02 0.03 0.64 3.19 3.19 3.13 1.04 2.28 0.03 0.02 0.02 0.10 0.06 0.01 0.02 0.33 0.12 0.03 0.02 0.02 0.01 0.02 0.02 0.01 0.03 0.02 0.04 0.01 0.01 0.02 0.02 0.02 0.02 0.02 0.03 0.02 0.03 0.03
0.01 0.01 0.01 0.01 0.01 0.01 0.01 0.01 0.01 0.01 0.02 0.02 0.01 0.01 0.01 0.01 0.01 0.01 0.01 0.01 0.01 0.01 0.01 0.02 0.02 0.02 0.03 0.03 0.03 0.03 0.03 0.03 0.02 0.02 2.50 0.50 0.01 0.01 2.41 1.85 0.01 0.01 0.00 0.01 0.01 0.02 0.04 2.10 2.99 3.12 0.55 0.04 0.02 0.04 0.02 0.01 0.03 0.05 0.05 0.01 0.01 0.13 0.16 0.04 0.01 0.02 0.01 0.01 0.01 0.01 0.02 0.03 0.04 0.02 0.01 0.02 0.02 0.02 0.02 0.02 0.02 0.02 0.02 0.02
0.01 0.01 0.01 0.01 0.01 0.01 0.01 0.01 0.01 0.01 0.01 0.01 0.01 0.01 0.01 0.02 0.02 0.02 0.02 0.01 0.01 0.01 0.01 0.02 0.02 0.02 0.03 0.03 0.03 0.02 2.44 2.66 2.76 2.71 2.64 0.01 0.01 0.02 0.03 2.19 0.01 0.01 0.01 0.01 0.01 0.02 0.01 2.15 2.46 0.01 0.04 0.03 0.02 0.02 0.03 0.01 0.01 0.03 0.08 0.01 0.01 0.02 0.16 0.05 0.01 0.01 0.01 0.01 0.01 0.01 0.01 0.02 0.03 0.01 0.02 0.02 0.02 0.02 0.02 0.02 0.02 0.02 0.02 0.02
0.01 0.00 0.00 0.00 0.00 0.00 0.00 0.00 0.00 0.01 0.01 0.01 0.01 0.01 0.01 0.02 0.02 0.03 0.04 0.04 0.03 0.03 0.02 0.02 0.02 0.02 0.02 0.02 2.47 2.41 2.29 1.45 1.24 0.01 0.01 0.01 0.01 0.02 0.03 3.19 3.11 0.01 0.01 0.01 0.02 0.02 0.02 2.51 0.03 0.02 0.03 0.02 0.02 0.02 0.03 0.01 0.01 0.03 0.07 0.01 0.01 0.02 0.13 0.09 0.02 0.01 0.01 0.01 0.01 0.01 0.02 0.02 0.02 0.02 0.02 0.01 0.01 0.02 0.02 0.01 0.01 0.01 0.01 0.01
0.00 0.01 0.01 0.01 0.01 0.01 0.01 0.01 0.01 0.00 0.01 0.01 0.01 0.01 0.01 0.01 0.01 0.01 0.01 0.02 0.04 0.05 0.05 0.04 0.03 0.03 0.03 2.50 2.49 0.03 0.02 0.01 0.01 0.01 0.01 0.01 0.02 0.02 0.02 0.03 2.99 2.80 2.51 1.96 1.35 2.64 2.71 2.66 0.03 0.02 0.02 0.02 0.01 0.01 0.03 0.01 0.01 0.03 0.07 0.01 0.01 0.01 0.10 0.09 0.02 0.01 0.01 0.01 0.01 0.02 0.02 0.02 0.02 0.01 0.02 0.01 0.01 0.01 0.01 0.01 0.01 0.01 0.01 0.01
0.01 0.01 0.01 0.01 0.01 0.01 0.01 0.02 0.01 0.01 0.01 0.01 0.01 0.01 0.01 0.01 0.01 0.01 0.00 0.01 0.01 0.01 0.03 0.05 0.06 0.05 2.50 2.50 0.01 0.02 0.01 0.01 0.01 0.01 0.01 0.01 0.02 0.02 0.02 0.03 0.03 0.04 0.08 0.13 1.70 2.03 0.09 0.04 0.02 0.02 0.02 0.02 0.02 0.01 0.02 0.01 0.01 0.03 0.05 0.01 0.01 0.01 0.05 0.12 0.01 0.01 0.01 0.01 0.01 0.02 0.01 0.01 0.01 0.01 0.01 0.01 0.01 0.01 0.01 0.01 0.01 0.01 0.01 0.01
0.01 0.01 0.01 0.01 0.02 0.02 0.02 0.03 0.01 0.01 0.01 0.01 0.02 0.02 0.02 0.01 0.01 0.01 0.01 0.01 0.01 0.01 0.01 0.01 0.04 0.09 1.35 0.01 0.02 0.01 0.01 0.01 0.01 0.01 0.01 0.01 0.02 0.02 0.02 0.03 0.05 0.05 0.08 0.07 0.06 0.16 0.10 0.04 0.03 0.02 0.02 0.02 0.02 0.01 0.01 0.01 0.01 0.04 0.04 0.01 0.01 0.01 0.06 0.08 0.01 0.01 0.01 0.01 0.01 0.01 0.01 0.01 0.01 0.01 0.01 0.01 0.01 0.01 0.01 0.01 0.01 0.01 0.01 0.01
0.01 0.01 0.01 0.02 0.02 0.02 0.02 0.03 0.01 0.01 0.01 0.01 0.02 0.02 0.03 0.03 0.02 0.01 0.01 0.01 0.01 0.01 0.01 0.01 0.01 0.01 1.60 0.01 0.02 0.01 0.01 0.01 0.01 0.01 0.01 0.01 0.02 0.02 0.04 0.04 0.05 0.06 0.11 0.08 0.05 0.10 0.10 0.06 0.03 0.02 0.01 0.02 0.02 0.01 0.01 0.01 0.01 0.05 0.02 0.01 0.01 0.01 0.06 0.06 0.01 0.01 0.01 0.01 0.01 0.01 0.01 0.01 0.01 0.01 0.01 0.01 0.01 0.01 0.01 0.01 0.01 0.02 0.01 0.02
0.01 0.01 0.02 0.02 0.02 0.02 0.02 0.04 0.01 0.01 0.01 0.01 0.01 0.01 0.02 0.02 0.03 0.02 0.02 0.02 0.01 0.01 0.01 0.01 0.01 1.63 1.63 0.02 0.01 0.01 0.01 0.01 0.00 0.01 0.01 0.01 0.02 0.04 0.04 0.05 0.05 0.07 0.13 0.05 0.01 0.06 0.11 0.07 0.06 0.03 0.01 0.01 0.01 0.01 0.01 0.01 0.01 0.04 0.02 0.01 0.01 0.02 0.07 0.04 0.01 0.01 0.01 0.01 0.01 0.01 0.01 0.01 0.01 0.01 0.01 0.01 0.01 0.01 0.02 0.02 0.03 0.02 0.03 0.02
