NEW_versions/S_Waiehu/Scripts/Results/S_Waiehu_50m/MaxFloodMaps/S_Waiehu_50m_1.2.asc
NCOLS 296
NROWS 126
XLLCENTER 753498.390000
YLLCENTER 2312278.410000
CELLSIZE 25.000000
NODATA_value -99999.000000
[rows 38 to 75 of 126, columns 168 to 251 of 296]
0.19 0.05 0.08 0.09 0.06 0.04 0.03 0.03 0.03 0.02 0.01 0.01 0.02 0.02 0.02 0.02 0.02 0.02 0.02 0.02 0.02 0.02 0.01 0.01 0.01 0.01 0.01 0.02 0.02 0.01 0.01 0.01 0.01 0.03 0.01 0.01 0.01 0.02 0.06 0.08 0.05 0.02 0.03 0.02 0.01 0.01 1.73 0.01 0.04 0.01 0.00 0.01 0.01 0.02 0.03 0.02 2.82 2.73 0.01 0.01 0.01 0.01 0.03 0.02 0.04 0.06 0.07 0.20 0.22 0.15 0.10 0.08 0.07 0.06 0.04 0.03 0.04 0.25 0.35 0.45 0.28 0.18 0.02 0.02
0.03 0.07 0.06 0.02 0.01 0.01 0.01 0.02 0.02 0.01 0.01 0.01 0.02 0.02 0.01 0.01 0.01 0.02 0.01 0.01 0.01 0.02 0.02 0.02 0.01 0.01 0.04 0.03 0.02 0.01 0.01 0.01 0.02 0.03 0.01 0.01 0.01 0.01 0.02 0.01 0.01 0.02 0.01 0.02 0.02 1.94 1.64 0.01 0.02 0.01 0.02 0.02 0.04 0.03 1.03 2.58 2.65 0.01 0.01 0.01 0.01 0.01 0.01 0.03 0.04 0.10 0.25 0.12 0.08 0.04 0.10 0.06 0.08 0.07 0.06 0.29 0.54 0.49 0.01 0.01 0.03 0.11 0.07 0.03
0.01 0.01 0.01 0.01 0.01 0.02 0.01 0.02 0.02 0.02 0.02 0.02 0.01 0.01 0.01 0.01 0.01 0.01 0.01 0.01 0.01 0.02 0.04 0.00 0.01 0.01 0.09 0.01 0.00 0.01 0.01 0.01 0.02 0.02 0.01 0.01 0.02 0.01 0.01 0.02 0.02 0.02 0.02 1.86 1.86 1.88 0.01 0.01 0.02 0.01 0.01 0.01 0.01 0.10 2.69 2.34 0.01 0.01 0.01 0.01 0.01 0.01 0.01 0.04 0.05 0.04 0.03 0.02 0.02 0.01 0.01 0.02 0.15 0.25 0.26 0.27 0.01 0.01 0.01 0.01 0.04 0.09 0.05 0.08
0.02 0.02 0.02 0.01 0.01 0.03 0.03 0.03 0.02 0.02 0.01 0.01 0.01 0.01 0.01 0.01 0.01 0.01 0.01 0.01 0.01 0.02 0.03 0.01 0.01 0.02 0.02 0.01 0.01 0.01 0.01 0.01 0.01 0.01 0.01 0.02 0.02 0.02 0.02 0.02 2.25 1.62 2.55 2.12 0.01 0.01 0.01 0.01 0.01 0.02 0.02 0.02 0.04 0.17 3.13 0.01 0.01 0.01 0.01 0.02 0.01 0.02 0.01 0.02 0.08 0.01 0.01 0.01 0.01 0.01 0.03 0.04 0.10 0.11 0.03 0.01 0.01 0.05 0.04 0.03 0.15 0.14 0.21 0.20
0.02 0.02 0.02 0.02 0.02 0.01 0.02 0.02 0.03 0.02 0.02 0.01 0.01 0.01 0.01 0.01 0.01 0.01 0.01 0.01 0.01 0.02 0.02 0.02 0.02 0.03 0.03 0.03 0.02 0.02 0.03 0.02 0.02 0.02 0.02 0.03 0.02 0.02 0.02 2.78 2.57 0.06 0.01 0.01 0.01 0.00 0.01 0.01 0.02 0.02 0.02 0.03 0.06 0.25 2.21 0.01 0.01 0.01 0.01 0.01 0.01 0.01 0.01 0.02 0.07 0.01 0.01 0.01 0.01 0.03 0.02 0.02 0.17 0.01 0.01 0.01 0.02 0.04 0.15 0.24 0.23 0.17 0.15 0.16
0.01 0.01 0.02 0.02 0.02 0.02 0.01 0.01 0.02 0.02 0.02 0.01 0.01 0.01 0.02 0.02 0.01 0.01 0.02 0.02 0.02 0.02 0.03 0.03 0.03 0.03 0.03 0.03 0.03 0.03 0.02 0.02 0.02 0.03 0.03 0.03 0.03 0.02 3.02 2.92 0.02 0.01 0.00 0.01 0.01 0.02 0.01 0.01 0.01 0.02 0.02 0.05 0.08 0.64 1.80 0.01 0.01 0.01 0.01 0.01 0.02 0.01 0.01 0.03 0.04 0.05 0.02 0.03 0.07 0.04 0.02 0.01 0.18 0.01 0.01 0.02 0.02 0.05 0.14 0.17 0.16 0.15 0.10 0.15
0.01 0.01 0.02 0.02 0.03 0.02 0.01 0.01 0.01 0.01 0.02 0.02 0.01 0.02 0.02 0.02 0.02 0.02 0.02 0.02 0.03 0.04 0.05 0.04 0.03 0.04 0.06 0.06 0.04 0.04 0.03 0.03 0.03 0.04 0.04 0.04 0.99 1.77 3.10 0.02 0.01 0.01 0.01 0.01 0.01 0.01 0.01 0.01 0.02 0.02 0.04 0.04 0.18 0.81 2.19 0.01 0.01 0.02 0.03 0.04 0.05 0.06 0.07 0.06 0.05 0.11 0.09 0.08 0.06 0.06 0.04 0.03 0.17 0.13 0.12 0.14 0.12 0.08 0.19 0.18 0.13 0.10 0.09 0.17
0.01 0.02 0.02 0.02 0.02 0.03 0.01 0.01 0.01 0.01 0.02 0.02 0.02 0.02 0.02 0.02 0.02 0.02 0.02 0.04 0.06 0.03 0.04 0.04 0.04 0.04 0.03 0.04 0.05 0.04 0.03 0.03 0.03 0.02 0.04 2.27 1.84 1.28 0.02 0.01 0.01 0.01 0.01 0.01 0.01 0.01 0.02 0.02 0.03 0.06 0.06 0.04 0.25 2.25 1.86 0.01 0.01 0.01 0.01 0.02 0.02 0.02 0.02 0.02 0.02 0.04 0.04 0.02 0.05 0.07 0.06 0.03 0.24 0.05 0.03 0.03 0.43 0.46 0.32 0.15 0.13 0.11 0.10 0.31
0.01 0.02 0.02 0.02 0.03 0.05 0.01 0.01 0.01 0.01 0.02 0.02 0.02 0.02 0.02 0.03 0.02 0.02 0.03 0.02 0.02 0.04 0.07 0.07 0.05 0.06 0.04 0.04 0.05 0.05 0.04 0.04 0.04 0.03 0.01 2.26 0.02 0.01 0.01 0.01 0.00 0.01 0.01 0.01 0.01 0.02 0.02 0.04 0.06 0.04 0.06 0.05 0.50 2.72 0.01 0.01 0.01 0.01 0.01 0.02 0.02 0.02 0.02 0.02 0.01 0.01 0.01 0.01 0.01 0.01 0.03 0.05 0.25 0.01 0.01 0.11 0.41 0.07 0.06 0.04 0.07 0.08 0.07 0.76
0.01 0.02 0.02 0.03 0.03 0.05 0.04 0.01 0.01 0.02 0.02 0.02 0.02 0.02 0.03 0.03 0.03 0.03 0.03 0.04 0.03 0.03 0.02 0.03 0.05 0.05 0.05 0.05 0.06 0.07 0.06 0.81 1.59 2.17 2.18 2.21 0.01 0.01 0.01 0.00 0.01 0.01 0.01 0.01 0.02 0.02 0.02 0.03 0.02 0.02 0.04 0.24 0.81 2.92 0.01 0.01 0.01 0.01 0.02 0.03 0.02 0.02 0.02 0.02 0.02 0.02 0.02 0.02 0.03 0.06 0.09 0.08 0.17 0.09 0.13 0.19 0.31 0.09 0.04 0.05 0.07 0.11 0.07 0.90
0.02 0.02 0.02 0.04 0.03 0.05 0.03 0.01 0.01 0.01 0.01 0.02 0.02 0.03 0.03 0.02 0.03 0.03 0.05 0.00 0.00 0.01 0.01 0.02 0.03 0.04 0.04 0.05 0.05 1.00 1.63 1.65 0.92 0.81 0.01 0.01 0.01 0.01 0.01 0.01 0.01 0.01 0.01 0.01 0.01 0.02 0.02 0.02 0.05 0.05 0.06 0.11 1.71 1.49 0.01 0.01 0.01 0.01 0.01 0.02 0.02 0.01 0.02 0.04 0.04 0.15 0.12 0.13 0.13 0.10 0.08 0.05 0.05 0.18 0.09 0.17 0.17 0.23 0.15 0.06 0.19 0.13 0.96 0.92
0.02 0.02 0.02 0.03 0.03 0.05 0.04 0.01 0.01 0.01 0.02 0.02 0.03 0.04 0.04 0.04 0.03 0.05 0.10 0.10 0.01 0.01 0.01 0.02 0.03 0.04 0.88 1.20 1.55 1.64 1.13 0.09 0.01 0.01 0.01 0.01 0.01 0.00 0.01 0.01 0.01 0.01 0.01 0.02 0.02 0.03 0.04 0.05 0.05 0.03 0.03 0.57 2.50 0.70 0.01 0.01 0.01 0.01 0.02 0.01 0.02 0.03 0.04 0.04 0.03 0.10 0.01 0.01 0.01 0.01 0.04 0.07 0.07 0.06 0.04 0.29 0.17 0.23 0.31 0.24 0.29 0.65 0.94 0.29
0.02 0.02 0.02 0.02 0.03 0.04 0.06 0.02 0.01 0.01 0.02 0.02 0.02 0.02 0.03 0.03 0.03 0.02 0.01 0.05 0.03 0.03 0.03 0.03 0.03 1.07 1.41 1.16 0.89 0.49 0.27 0.01 0.01 0.01 0.01 0.00 0.01 0.01 0.01 0.01 0.01 0.02 0.02 0.02 0.02 0.04 0.04 0.03 0.03 0.05 3.59 3.33 3.00 0.01 0.01 0.01 0.02 0.02 0.02 0.02 0.03 0.03 0.02 0.02 0.02 0.05 0.01 0.01 0.03 0.07 0.06 0.03 0.05 0.03 0.02 0.28 0.21 0.17 0.19 0.67 0.44 0.77 0.25 0.07
0.03 0.03 0.04 0.02 0.02 0.04 0.11 0.02 0.01 0.01 0.02 0.03 0.01 0.02 0.02 0.03 0.05 0.01 0.01 0.03 0.04 0.04 0.04 0.04 2.10 1.84 1.53 0.51 0.25 0.02 0.01 0.01 0.01 0.00 0.00 0.01 0.00 0.01 0.01 0.02 0.02 0.02 0.03 0.03 0.03 0.03 0.02 0.03 0.02 0.02 3.79 0.79 0.01 0.01 0.01 0.01 0.01 0.02 0.02 0.03 0.03 0.02 0.02 0.01 0.01 0.02 0.07 0.06 0.07 0.04 0.03 0.03 0.04 0.14 0.44 0.50 0.14 0.09 0.20 0.64 0.39 0.25 0.09 0.16
1.61 1.71 1.86 2.43 0.01 0.03 0.10 0.02 0.01 0.01 0.01 0.03 0.03 0.01 0.02 0.03 0.67 0.34 0.29 0.98 1.25 1.27 1.67 2.34 2.21 0.55 0.02 0.01 0.01 0.02 0.01 0.00 0.00 0.01 0.03 0.02 0.01 0.01 0.01 0.02 0.02 0.02 0.02 0.05 0.03 0.03 0.02 0.03 0.03 2.93 2.37 0.01 0.01 0.01 0.01 0.01 0.01 0.02 0.03 0.04 0.04 0.04 0.03 0.03 0.03 0.04 0.04 0.01 0.01 0.01 0.01 0.02 0.03 0.47 0.48 0.20 0.01 0.10 0.28 0.72 0.03 0.02 0.03 0.01
1.18 0.01 0.02 2.24 1.87 2.39 2.07 1.07 1.86 1.83 1.71 1.24 1.71 1.41 2.11 1.98 1.18 1.69 1.60 1.49 1.07 0.58 0.41 0.22 0.14 0.11 0.01 0.01 0.01 0.00 0.00 0.01 0.01 0.01 0.03 0.01 0.01 0.01 0.02 0.02 0.03 0.03 0.03 0.01 0.02 0.03 0.03 0.03 3.42 3.29 0.30 0.01 0.01 0.01 0.01 0.01 0.03 0.04 0.05 0.06 0.06 0.05 0.06 0.06 0.04 0.03 0.09 0.01 0.01 0.02 0.02 0.02 0.06 0.49 0.01 0.18 0.01 0.19 0.45 0.45 0.02 0.02 0.01 0.02
0.02 0.02 0.03 0.02 0.02 0.01 0.01 1.17 1.24 0.03 0.03 0.06 0.01 0.02 0.02 0.02 0.02 0.02 0.02 0.02 0.02 0.01 0.01 0.01 0.01 0.01 0.01 0.00 0.01 0.01 0.01 0.02 0.01 0.02 0.03 0.02 0.01 0.01 0.02 0.02 0.02 0.04 0.04 0.04 0.02 0.02 0.04 2.73 3.53 1.99 0.02 0.01 0.01 0.01 0.02 0.03 0.03 0.03 0.02 0.02 0.03 0.04 0.03 0.03 0.03 0.03 0.07 0.01 0.01 0.01 0.02 0.01 0.10 0.48 0.01 0.73 0.76 0.44 0.51 0.34 0.02 0.02 0.01 0.02
0.01 0.01 0.01 0.01 0.01 0.01 0.02 0.02 0.02 0.04 0.02 0.02 0.02 0.02 0.02 0.02 0.01 0.01 0.01 0.01 0.01 0.01 0.01 0.01 0.01 0.01 0.01 0.01 0.01 0.01 0.01 0.02 0.02 0.02 0.03 0.02 0.21 0.21 0.01 0.02 0.02 0.03 0.04 0.05 0.03 0.02 0.02 2.39 0.02 0.01 0.01 0.01 0.01 0.01 0.02 0.02 0.02 0.02 0.02 0.02 0.03 0.04 0.04 0.03 0.03 0.05 0.16 0.16 0.01 0.01 0.02 0.03 0.12 0.28 0.51 0.75 0.78 0.45 0.18 0.12 0.02 0.03 0.01 0.03
0.01 0.01 0.01 0.01 0.01 0.01 0.01 0.02 0.02 0.03 0.03 0.02 0.01 0.01 0.02 0.01 0.01 0.01 0.01 0.01 0.01 0.01 0.01 0.01 0.01 0.01 0.02 0.02 0.02 0.00 0.00 0.02 0.02 0.02 0.03 0.30 0.18 0.18 0.12 0.08 0.08 0.09 0.07 0.06 0.05 0.04 0.03 2.78 0.01 0.01 0.01 0.01 0.01 0.01 0.01 0.01 0.01 0.02 0.02 0.03 0.03 0.03 0.04 0.04 0.08 0.11 0.07 0.17 0.07 0.06 0.05 0.60 0.28 0.19 0.64 0.67 0.66 0.06 0.01 0.02 0.02 0.01 0.02 0.03
0.01 0.01 0.01 0.01 0.01 0.01 0.01 0.01 0.02 0.03 0.02 0.01 0.01 0.01 0.01 0.01 0.01 0.01 0.01 0.01 0.01 0.01 0.03 0.03 0.06 0.08 0.11 0.09 0.17 0.03 0.04 0.00 0.00 0.01 0.02 0.31 0.01 0.06 0.11 0.12 0.10 0.09 0.07 0.10 0.28 0.29 2.37 1.92 0.01 0.01 0.01 0.01 0.01 0.02 0.02 0.02 0.02 0.02 0.02 0.02 0.03 0.08 0.09 0.08 0.29 0.01 0.01 0.03 0.05 0.08 0.36 0.68 0.17 0.15 0.14 0.14 0.34 0.13 0.13 0.01 0.01 0.01 0.02 0.05
0.01 0.01 0.00 0.01 0.01 0.00 0.01 0.01 0.01 0.02 0.01 0.01 0.01 0.01 0.02 0.02 0.02 0.02 0.01 0.02 0.02 0.05 0.06 0.09 0.10 0.07 0.07 0.23 0.16 0.10 0.05 0.06 0.17 0.44 0.42 0.30 0.11 0.08 0.06 0.05 0.08 0.06 0.10 1.53 2.38 2.38 2.38 0.01 0.01 0.00 0.01 0.01 0.01 0.02 0.02 0.02 0.02 0.02 0.03 0.08 0.12 0.09 0.05 0.10 0.43 0.01 0.01 0.02 0.04 0.55 0.73 0.62 0.58 0.28 0.11 0.09 0.15 0.11 0.13 0.08 0.02 0.01 0.01 0.08
0.01 0.01 0.01 0.02 0.01 0.01 0.01 0.01 0.01 0.01 0.01 0.01 0.01 0.02 0.02 0.04 0.04 0.05 0.05 0.08 0.08 0.07 0.05 0.05 0.04 0.04 0.03 0.04 0.01 0.01 0.02 0.07 0.01 0.01 0.02 0.06 0.10 0.08 0.06 0.06 0.07 0.09 2.99 2.68 2.55 0.26 0.02 0.02 0.01 0.01 0.01 0.01 0.01 0.02 0.02 0.02 0.03 0.05 0.04 0.07 0.08 0.06 0.06 0.10 0.47 0.01 0.01 0.11 0.65 0.79 0.50 0.03 0.08 0.33 0.04 0.12 0.11 0.14 0.02 0.02 0.02 0.06 0.13 0.12
0.02 0.01 0.01 0.03 0.02 0.01 0.01 0.01 0.00 0.00 0.01 0.01 0.01 0.01 0.01 0.02 0.02 0.02 0.03 0.03 0.02 0.03 0.03 0.03 0.03 0.02 0.02 0.01 0.01 0.01 0.01 0.02 0.02 0.02 0.02 0.01 0.05 0.06 0.06 0.06 0.08 2.86 2.93 0.01 0.02 0.02 0.02 0.01 0.01 0.01 0.01 0.02 0.02 0.02 0.03 0.03 0.03 0.07 0.24 0.10 0.06 0.11 0.14 0.13 0.49 0.29 0.37 0.67 0.59 0.51 0.05 0.05 0.06 0.16 0.09 0.15 0.13 0.15 0.03 0.02 0.01 0.05 0.01 0.11
2.37 0.01 0.01 0.02 0.01 0.02 0.01 0.01 0.01 0.01 0.01 0.01 0.01 0.01 0.01 0.01 0.02 0.02 0.02 0.02 0.02 0.02 0.02 0.02 0.01 0.01 0.01 0.01 0.01 0.01 0.01 0.01 0.01 0.01 0.01 0.02 0.04 0.05 0.04 0.06 0.40 2.82 0.30 0.04 0.03 0.01 0.00 0.01 0.01 0.01 0.02 0.02 0.02 0.04 0.08 0.12 0.16 0.17 0.09 0.05 0.11 0.15 0.16 0.14 0.25 0.32 0.29 0.34 0.19 0.08 0.07 0.06 0.05 0.07 0.11 0.17 0.14 0.10 0.05 0.02 0.03 0.02 0.01 0.02
2.35 0.02 0.02 0.02 0.02 0.02 0.01 0.01 0.01 0.01 0.01 0.01 0.01 0.01 0.01 0.01 0.01 0.01 0.01 0.01 0.02 0.02 0.01 0.01 0.01 0.01 0.01 0.01 0.01 0.02 0.02 0.01 0.01 0.01 0.01 0.02 0.03 0.05 0.03 0.04 0.69 3.15 0.28 0.01 0.03 0.01 0.00 0.01 0.01 0.02 0.03 0.04 0.03 0.13 0.13 0.11 0.12 0.11 0.17 0.16 0.14 0.14 0.16 0.12 0.15 0.33 0.01 0.35 0.04 0.07 0.06 0.05 0.04 0.10 0.16 0.15 0.06 0.11 0.08 0.02 0.02 0.01 0.01 0.01
2.31 0.03 0.01 4.08 4.11 0.01 0.01 0.01 0.01 0.01 0.01 0.01 0.01 0.02 0.01 0.00 0.01 0.01 0.01 0.01 0.01 0.01 0.01 0.01 0.01 0.01 0.01 0.01 0.02 0.02 0.02 0.02 0.01 0.01 0.01 0.02 0.05 0.14 0.02 2.58 1.95 2.72 0.02 0.02 0.01 0.00 0.01 0.04 0.04 0.02 0.02 0.12 0.19 0.17 0.14 0.08 0.07 0.10 0.10 0.17 0.15 0.13 0.12 0.10 0.10 0.21 0.24 0.56 0.08 0.08 0.05 0.03 0.06 0.14 0.10 0.08 0.07 0.11 0.02 0.01 0.02 0.02 0.02 0.01
2.21 1.92 4.18 4.05 4.13 0.01 0.02 0.01 0.01 0.01 0.02 0.01 0.02 0.05 0.01 0.02 0.01 0.01 0.01 0.01 0.01 0.01 0.01 0.01 0.01 0.01 0.01 0.01 0.03 0.03 0.02 0.01 0.02 0.03 2.38 2.99 3.07 3.35 3.17 2.91 0.48 0.02 0.01 0.01 0.01 0.01 0.01 0.02 0.04 0.04 0.13 0.11 0.12 0.11 0.09 0.11 0.11 0.10 0.08 0.09 0.12 0.12 0.11 0.08 0.09 0.18 0.47 0.58 0.13 0.09 0.03 0.04 0.07 0.13 0.04 0.13 0.12 0.03 0.02 0.01 0.02 0.02 0.01 0.01
0.02 0.02 0.05 0.02 4.03 3.91 3.77 0.02 0.01 0.01 0.01 0.02 0.02 0.04 0.05 0.02 0.01 0.01 0.01 0.01 0.01 0.01 0.01 0.01 0.01 0.01 0.01 0.03 0.02 0.03 0.02 0.02 1.88 2.07 2.13 0.01 0.01 0.01 0.03 0.03 0.01 0.02 0.01 0.01 0.01 0.01 0.01 0.05 0.12 0.19 0.16 0.12 0.09 0.05 0.05 0.06 0.06 0.06 0.08 0.09 0.09 0.08 0.07 0.08 0.08 0.10 0.23 0.22 0.13 0.14 0.04 0.04 0.06 0.12 0.07 0.26 0.02 0.04 0.01 0.02 0.01 0.01 0.05 0.06
0.02 0.02 0.03 0.04 0.02 0.02 3.60 0.05 0.01 0.01 0.01 0.02 0.02 0.03 0.02 0.02 0.01 0.01 0.01 0.02 0.01 0.01 0.01 0.01 0.02 0.02 0.02 0.08 0.04 0.04 1.92 1.92 1.92 0.01 0.03 0.02 0.01 0.01 0.02 0.03 0.01 0.01 0.00 0.01 0.01 0.07 0.15 0.12 0.10 0.09 0.11 0.08 0.04 0.08 0.07 0.04 0.03 0.07 0.09 0.07 0.07 0.08 0.08 0.07 0.07 0.05 0.07 0.36 0.32 0.33 0.27 0.05 0.07 0.11 0.04 0.18 0.02 0.03 0.01 0.01 0.01 0.06 0.02 0.02
0.02 0.02 0.03 0.03 0.03 0.02 3.40 0.03 0.50 0.01 0.01 0.02 0.01 0.03 0.02 0.01 0.03 0.01 0.01 0.01 0.01 0.01 0.01 0.01 0.02 0.01 0.04 0.00 0.01 2.50 2.34 0.02 0.01 0.01 0.03 0.01 0.01 0.01 0.02 0.01 0.01 0.01 0.01 0.06 0.10 0.13 0.11 0.06 0.06 0.06 0.09 0.06 0.08 0.07 0.04 0.04 0.03 0.11 0.08 0.06 0.08 0.09 0.08 0.07 0.06 0.05 0.07 0.08 0.11 0.15 0.14 0.11 0.09 0.09 0.08 0.25 0.20 0.01 0.01 0.01 0.06 0.02 0.09 0.04
0.02 0.03 0.02 0.02 0.03 0.02 3.14 2.79 2.24 2.74 2.33 1.47 2.50 1.83 0.02 0.01 0.02 0.02 0.02 0.01 0.01 0.01 0.01 0.02 0.03 0.03 0.15 0.07 3.06 2.57 0.01 0.01 0.01 0.01 0.02 0.02 0.01 0.01 0.01 0.01 0.01 0.05 0.10 0.08 0.08 0.07 0.07 0.06 0.06 0.07 0.07 0.09 0.08 0.04 0.03 0.10 0.32 0.23 0.07 0.06 0.08 0.09 0.08 0.05 0.05 0.05 0.10 0.09 0.10 0.10 0.09 0.08 0.08 0.06 0.07 0.05 0.26 0.25 0.22 0.01 0.01 0.08 0.07 0.17
0.02 0.03 0.02 0.02 0.02 0.03 0.02 0.04 0.00 0.02 0.01 0.29 2.66 2.76 2.48 2.25 0.01 0.01 0.03 0.01 0.01 0.02 0.04 0.04 0.07 0.10 0.11 0.09 3.40 0.29 0.01 0.01 0.01 0.01 0.01 0.01 0.01 0.00 0.00 0.01 0.06 0.07 0.07 0.06 0.06 0.06 0.06 0.06 0.06 0.08 0.07 0.05 0.04 0.05 0.11 0.08 0.21 0.05 0.07 0.08 0.09 0.10 0.04 0.04 0.06 0.04 0.10 0.12 0.11 0.09 0.08 0.12 0.11 0.02 0.03 0.03 0.03 0.05 0.02 0.02 0.04 0.14 0.01 0.12
0.02 0.02 0.02 0.02 0.03 0.03 0.02 0.03 0.00 0.02 0.01 0.01 0.33 0.11 0.79 1.76 1.44 1.60 1.69 0.01 0.01 0.03 0.05 0.01 0.01 0.02 0.01 0.32 3.66 1.66 0.01 0.01 0.01 0.01 0.01 0.01 0.01 0.02 0.02 0.06 0.10 0.10 0.08 0.07 0.06 0.06 0.06 0.06 0.06 0.07 0.05 0.04 0.03 0.03 0.03 0.06 0.05 0.04 0.09 0.08 0.07 0.08 0.05 0.05 0.07 0.04 0.15 0.12 0.05 0.09 0.12 0.11 0.06 0.03 0.05 0.04 0.04 0.05 0.03 0.02 0.04 0.04 0.03 0.11
0.01 0.01 0.02 0.01 0.02 0.02 0.03 0.03 0.05 0.06 0.04 0.35 0.41 0.01 0.03 0.01 0.02 0.01 1.73 2.00 0.01 0.01 0.02 0.01 0.00 0.01 0.01 1.12 3.87 0.03 0.02 0.01 0.00 0.00 0.01 0.05 0.08 0.10 0.10 0.13 0.08 0.06 0.05 0.05 0.04 0.05 0.08 0.07 0.05 0.05 0.04 0.03 0.03 0.03 0.04 0.06 0.05 0.05 0.06 0.07 0.06 0.08 0.15 0.07 0.14 0.28 0.29 0.01 0.01 0.15 0.09 0.06 0.03 0.03 0.05 0.04 0.04 0.06 0.07 0.06 0.05 0.08 0.08 0.07
0.01 0.01 0.01 0.01 0.01 0.01 0.01 0.01 0.04 0.03 0.02 0.34 0.20 0.01 0.03 0.01 0.02 0.03 0.04 2.36 2.43 0.00 0.01 0.02 0.01 0.01 0.01 1.72 1.99 0.02 0.01 0.02 0.01 0.01 0.04 0.05 0.04 0.05 0.04 0.05 0.03 0.04 0.03 0.04 0.04 0.04 0.05 0.04 0.04 0.03 0.03 0.03 0.03 0.03 0.04 0.05 0.04 0.05 0.06 0.07 0.08 0.07 0.12 0.15 0.22 0.10 0.06 0.10 0.18 0.17 0.02 0.04 0.02 0.02 0.03 0.06 0.06 0.06 0.04 0.03 0.03 0.05 0.04 0.04
0.01 0.01 0.01 0.01 0.01 0.01 0.01 0.01 0.11 0.33 0.38 0.43 0.02 0.02 0.03 0.02 0.02 0.03 0.03 0.03 2.58 2.85 2.67 2.38 1.86 1.82 1.88 1.85 0.04 0.02 0.03 0.01 0.01 0.03 0.04 0.04 0.04 0.03 0.03 0.05 0.04 0.03 0.03 0.04 0.04 0.04 0.03 0.04 0.03 0.03 0.03 0.03 0.03 0.03 0.05 0.06 0.06 0.05 0.07 0.09 0.08 0.09 0.10 0.13 0.16 0.01 0.09 0.09 0.06 0.07 0.02 0.03 0.03 0.03 0.06 0.09 0.08 0.05 0.02 0.02 0.03 0.03 0.04 0.02
0.01 0.01 0.01 0.01 0.01 0.01 0.01 0.45 0.30 0.29 0.12 0.01 0.01 0.03 0.03 0.03 0.03 0.03 0.03 0.02 0.03 0.07 0.01 0.01 0.02 0.02 0.03 0.07 0.03 0.01 0.01 0.01 0.01 0.03 0.03 0.04 0.04 0.03 0.03 0.03 0.03 0.03 0.04 0.03 0.03 0.03 0.03 0.03 0.03 0.03 0.02 0.03 0.03 0.04 0.04 0.06 0.07 0.07 0.07 0.12 0.08 0.09 0.10 0.06 0.08 0.12 0.10 0.06 0.04 0.03 0.02 0.03 0.04 0.03 0.09 0.15 0.01 0.02 0.01 0.01 0.02 0.02 0.02 0.02
0.02 0.02 0.02 0.02 0.02 0.18 0.46 0.50 0.02 0.01 0.01 0.01 0.02 0.02 0.04 0.09 0.03 0.03 0.03 0.02 0.04 0.08 0.01 0.01 0.02 0.03 0.03 0.04 0.02 0.01 0.01 0.01 0.02 0.04 0.03 0.03 0.04 0.03 0.03 0.02 0.02 0.03 0.03 0.02 0.04 0.03 0.05 0.03 0.01 0.02 0.02 0.03 0.04 0.07 0.07 0.06 0.09 0.12 0.08 0.11 0.10 0.09 0.06 0.07 0.13 0.05 0.06 0.02 0.02 0.02 0.02 0.04 0.04 0.02 0.15 0.01 0.01 0.01 0.01 0.01 0.01 0.02 0.02 0.04
