NEW_versions/S_Waiehu/Scripts/Results/S_Waiehu_50m/MaxFloodMaps/S_Waiehu_50m_1.2.asc
NCOLS 296
NROWS 126
XLLCENTER 753498.390000
YLLCENTER 2312278.410000
CELLSIZE 25.000000
NODATA_value -99999.000000
[rows 38 to 75 of 126, columns 84 to 167 of 296]
0.00 0.00 0.00 0.00 0.00 0.00 0.00 0.00 0.00 0.00 0.00 0.00 0.00 0.00 0.00 0.00 0.00 0.00 0.00 0.00 0.00 0.00 0.00 0.00 0.00 0.00 0.00 0.00 0.00 0.00 0.00 0.00 0.00 0.00 0.00 0.00 0.00 0.00 0.00 0.00 0.00 0.00 0.00 0.00 0.00 0.00 0.00 0.00 0.00 0.00 0.00 0.00 0.00 0.00 0.00 0.00 0.00 0.01 0.01 0.01 0.01 0.01 0.00 0.00 0.00 0.00 0.00 0.00 0.00 0.00 0.00 0.00 0.01 0.02 0.02 0.02 0.02 0.04 0.13 0.05 0.04 0.04 0.05 0.06
0.00 0.00 0.00 0.00 0.00 0.00 0.00 0.00 0.00 0.00 0.00 0.00 0.00 0.00 0.00 0.00 0.00 0.00 0.00 0.00 0.00 0.00 0.00 0.00 0.00 0.00 0.00 0.00 0.00 0.00 0.00 0.00 0.00 0.00 0.00 0.00 0.00 0.00 0.00 0.00 0.00 0.00 0.00 0.00 0.00 0.01 0.00 0.01 0.01 0.01 0.01 0.01 0.01 0.00 0.01 0.00 0.01 0.01 0.01 0.01 0.01 0.02 0.01 0.00 0.00 0.00 0.00 0.00 0.00 0.00 0.00 0.01 0.01 0.01 0.01 0.01 0.01 0.02 0.02 0.02 0.03 0.03 0.03 0.03
0.01 0.01 0.01 0.00 0.00 0.00 0.00 0.00 0.00 0.00 0.00 0.00 0.00 0.00 0.00 0.00 0.00 0.00 0.00 0.00 0.00 0.00 0.00 0.00 0.00 0.00 0.00 0.00 0.00 0.00 0.00 0.00 0.00 0.00 0.00 0.00 0.00 0.00 0.00 0.00 0.00 0.00 0.00 0.01 0.01 0.01 0.01 0.01 0.01 0.01 0.01 0.01 0.01 0.01 0.01 0.01 0.01 0.01 0.01 0.01 0.01 0.02 0.01 0.01 0.01 0.00 0.01 0.01 0.01 0.01 0.00 0.01 0.01 0.01 0.01 0.01 0.01 0.01 0.01 0.02 0.02 0.03 0.02 0.01
0.01 0.01 0.01 0.01 0.01 0.00 0.01 0.00 0.00 0.00 0.00 0.00 0.00 0.00 0.00 0.00 0.00 0.00 0.00 0.00 0.00 0.00 0.00 0.00 0.00 0.00 0.00 0.00 0.00 0.00 0.00 0.00 0.00 0.00 0.00 0.00 0.00 0.00 0.00 0.01 0.01 0.01 0.01 0.01 0.01 0.02 0.01 0.01 0.01 0.02 0.01 0.01 0.02 0.01 0.01 0.01 0.01 0.01 0.01 0.01 0.01 0.03 0.01 0.01 0.01 0.00 0.01 0.01 0.01 0.02 0.01 0.01 0.01 0.01 0.01 0.01 0.01 0.01 0.01 0.01 0.02 0.01 0.02 0.02
0.01 0.01 0.01 0.01 0.01 0.01 0.01 0.01 0.00 0.01 0.00 0.00 0.00 0.00 0.00 0.00 0.01 0.01 0.01 0.01 0.01 0.01 0.01 0.01 0.01 0.01 0.01 0.00 0.01 0.01 0.01 0.01 0.01 0.01 0.01 0.01 0.01 0.00 0.01 0.01 0.01 0.01 0.01 0.01 0.01 0.01 0.02 0.01 0.01 0.03 0.01 0.01 0.02 0.02 0.01 0.01 0.01 0.02 0.02 0.01 0.01 0.03 0.01 0.01 0.01 0.00 0.01 0.01 0.01 0.02 0.01 0.01 0.02 0.01 0.01 0.01 0.01 0.01 0.01 0.01 0.01 0.01 0.02 0.02
0.01 0.01 0.01 0.02 0.02 0.01 0.01 0.01 0.01 0.01 0.00 0.00 0.00 0.00 0.01 0.01 0.01 0.01 0.01 0.01 0.01 0.01 0.01 0.01 0.01 0.01 0.01 0.01 0.01 0.01 0.01 0.01 0.01 0.01 0.01 0.01 0.01 0.01 0.01 0.01 0.01 0.01 0.01 0.01 0.01 0.02 0.03 0.02 0.01 0.03 0.01 0.01 0.02 0.03 0.02 0.02 0.01 0.01 0.03 0.02 0.01 0.03 0.03 0.01 0.01 0.00 0.01 0.01 0.03 0.02 0.01 0.01 0.02 0.01 0.01 0.01 0.01 0.01 0.01 0.02 0.01 0.01 0.02 0.01
0.01 0.01 0.02 0.02 0.02 0.01 0.01 0.01 0.01 0.01 0.00 0.01 0.01 0.01 0.01 0.01 0.01 0.01 0.01 0.01 0.01 0.01 0.02 0.02 0.01 0.01 0.02 0.01 0.01 0.02 0.01 0.01 0.01 0.01 0.01 0.01 0.02 0.02 0.01 0.01 0.01 0.01 0.01 0.01 0.01 0.02 0.02 0.04 0.01 0.03 0.02 0.01 0.02 0.03 0.03 0.02 0.01 0.01 0.02 0.03 0.01 0.02 0.04 0.01 0.01 0.01 0.01 0.01 0.02 0.03 0.01 0.01 0.03 0.01 0.01 0.01 0.01 0.01 0.02 0.01 0.01 0.03 0.01 0.01
0.02 0.02 0.03 0.02 0.02 0.02 0.01 0.01 0.01 0.01 0.01 0.01 0.01 0.01 0.01 0.01 0.01 0.02 0.02 0.01 0.01 0.01 0.02 0.02 0.02 0.02 0.02 0.01 0.01 0.02 0.01 0.01 0.01 0.01 0.01 0.01 0.02 0.02 0.01 0.01 0.01 0.01 0.01 0.01 0.01 0.02 0.02 0.03 0.02 0.02 0.03 0.01 0.01 0.02 0.04 0.02 0.01 0.01 0.02 0.04 0.01 0.02 0.05 0.01 0.01 0.01 0.01 0.01 0.02 0.04 0.01 0.01 0.05 0.02 0.01 0.01 0.02 0.01 0.01 0.01 0.02 0.03 0.01 0.01
0.02 0.02 0.03 0.02 0.03 0.02 0.02 0.02 0.01 0.01 0.01 0.01 0.01 0.01 0.01 0.01 0.01 0.02 0.02 0.02 0.01 0.01 0.01 0.01 0.01 0.01 0.01 0.02 0.02 0.03 0.01 0.01 0.01 0.01 0.01 0.01 0.02 0.02 0.02 0.01 0.01 0.01 0.02 0.02 0.01 0.02 0.02 0.03 0.03 0.02 0.04 0.02 0.01 0.02 0.05 0.04 0.01 0.01 0.02 0.05 0.01 0.02 0.07 0.01 0.01 0.02 0.01 0.01 0.02 0.04 0.03 0.01 0.07 0.01 0.02 0.01 0.03 0.01 0.01 0.02 0.04 0.03 0.01 0.01
0.02 0.02 0.04 0.02 0.02 0.02 0.02 0.01 0.01 0.01 0.01 0.01 0.01 0.01 0.01 0.02 0.02 0.02 0.02 0.02 0.02 0.01 0.01 0.01 0.01 0.02 0.02 0.02 0.02 0.03 0.03 0.01 0.01 0.01 0.01 0.01 0.01 0.02 0.03 0.01 0.02 0.02 0.02 0.02 0.02 0.02 0.02 0.03 0.04 0.01 0.03 0.03 0.01 0.02 0.04 0.05 0.03 0.01 0.01 0.04 0.03 0.01 0.07 0.01 0.01 0.02 0.01 0.01 0.01 0.03 0.06 0.02 0.03 0.01 0.02 0.03 0.03 0.02 0.02 0.01 0.03 0.03 0.02 0.01
0.04 0.03 0.05 0.04 0.02 0.01 0.03 0.01 0.01 0.01 0.01 0.01 0.01 0.01 0.01 0.02 0.02 0.02 0.02 0.02 0.02 0.01 0.02 0.02 0.02 0.03 0.02 0.03 0.02 0.02 0.03 0.02 0.02 0.01 0.01 0.02 0.01 0.02 0.03 0.02 0.02 0.02 0.02 0.02 0.02 0.02 0.02 0.03 0.05 0.02 0.02 0.04 0.01 0.01 0.03 0.05 0.04 0.02 0.02 0.08 0.03 0.01 0.07 0.01 0.01 0.02 0.03 0.01 0.01 0.03 0.09 0.03 0.03 0.01 0.01 0.04 0.02 0.01 0.02 0.02 0.02 0.03 0.02 0.01
0.06 0.03 0.05 0.02 0.02 0.03 0.03 0.01 0.01 0.01 0.01 0.01 0.01 0.01 0.01 0.02 0.02 0.02 0.02 0.02 0.02 0.02 0.02 0.02 0.02 0.03 0.03 0.03 0.04 0.02 0.03 0.03 0.03 0.02 0.01 0.02 0.01 0.01 0.03 0.01 0.02 0.03 0.02 0.02 0.03 0.03 0.03 0.04 0.06 0.02 0.01 0.04 0.02 0.02 0.02 0.07 0.03 0.03 0.04 1.89 1.87 1.80 1.55 0.01 0.01 0.02 0.04 0.01 0.01 0.03 0.08 0.03 0.02 0.01 0.02 0.06 0.03 0.01 0.04 0.02 0.02 0.03 0.02 0.02
0.07 0.03 0.04 0.01 0.03 0.06 0.02 0.02 0.01 0.01 0.01 0.01 0.01 0.01 0.01 0.02 0.02 0.02 0.02 0.02 0.02 0.02 0.02 0.02 0.02 0.02 0.02 0.03 0.04 0.01 0.02 0.03 0.03 0.03 0.04 0.02 0.01 0.01 0.03 0.02 0.01 0.03 0.02 0.02 0.03 0.03 0.05 0.38 0.44 0.02 0.01 0.03 0.02 0.02 0.03 0.06 2.93 2.97 2.75 2.43 0.01 0.02 1.23 1.31 0.01 0.02 0.05 0.01 0.01 0.03 0.11 0.03 0.01 0.01 0.02 0.04 0.03 0.02 0.04 0.03 0.01 0.03 0.02 0.02
0.07 0.05 0.03 0.01 0.02 0.06 0.02 0.02 0.01 0.01 0.01 0.01 0.01 0.01 0.01 0.02 0.02 0.02 0.02 0.02 0.02 0.03 0.03 0.02 0.02 0.02 0.02 0.03 0.06 0.02 0.02 0.02 0.03 0.03 2.28 2.03 1.55 0.01 0.02 0.03 0.02 0.03 0.03 0.02 0.03 0.03 1.40 1.06 1.45 1.90 1.77 1.77 1.73 1.57 1.70 2.86 2.89 0.01 0.01 0.01 0.01 0.01 0.02 2.17 2.02 1.66 2.78 2.34 1.54 2.17 1.30 0.02 0.01 0.01 0.01 0.04 0.04 0.01 0.03 0.03 0.02 0.02 0.03 0.02
0.06 0.06 0.02 0.01 0.02 0.09 0.02 0.02 0.01 0.01 0.01 0.01 0.01 0.01 0.02 0.02 0.02 0.02 0.02 0.02 0.02 0.03 0.04 0.04 0.03 0.02 0.08 0.04 0.05 0.01 0.01 0.02 0.02 2.54 2.44 0.01 1.38 0.02 0.01 0.02 0.02 0.03 0.04 2.31 2.64 2.44 2.10 0.01 0.01 0.02 0.03 0.04 0.05 0.12 0.03 0.02 0.01 0.01 0.01 0.01 0.02 0.02 0.02 0.02 0.04 0.08 0.02 0.50 0.01 0.02 2.41 2.50 0.01 0.01 0.01 0.04 0.03 0.01 0.02 0.04 0.02 0.03 0.60 1.08
0.05 0.06 0.02 0.01 0.01 0.08 0.03 0.02 0.01 0.01 0.01 0.01 0.01 0.01 0.01 0.02 0.02 0.02 0.02 0.02 0.02 0.03 0.03 0.03 1.66 1.65 1.16 1.01 1.15 0.01 0.01 0.01 2.66 2.61 0.01 0.01 1.36 1.23 0.01 0.02 1.57 1.70 1.73 1.85 0.02 0.02 0.01 0.01 0.01 0.02 0.03 0.02 0.03 0.02 0.02 0.02 0.01 0.01 0.01 0.01 0.01 0.02 0.02 0.02 0.02 0.01 0.02 0.02 0.01 0.01 0.02 2.69 3.02 2.68 0.31 0.03 0.05 0.02 0.01 0.03 2.04 1.93 1.68 1.29
0.05 7.26 11.62 11.63 11.61 11.57 8.61 0.02 0.01 0.01 0.01 0.01 0.01 0.01 0.02 0.02 0.03 0.03 0.02 0.02 0.02 0.02 0.02 1.61 1.62 0.01 0.01 0.01 1.02 1.22 2.25 2.33 2.46 0.01 0.01 0.02 0.03 1.31 2.02 2.00 1.97 0.02 0.02 0.02 0.01 0.01 0.01 0.01 0.01 0.02 0.02 0.01 0.02 0.01 0.01 0.01 0.01 0.01 0.01 0.01 0.01 0.01 0.01 0.01 0.02 0.01 0.01 0.01 0.01 0.01 0.01 0.01 0.01 2.21 1.28 1.66 2.18 1.83 1.08 2.12 2.10 0.01 0.01 0.02
5.06 5.29 0.00 0.01 0.01 0.01 8.07 7.54 7.01 0.01 0.01 0.01 0.01 0.01 0.01 0.02 0.02 0.03 0.03 0.04 0.06 0.01 1.80 1.75 0.01 0.00 0.01 0.01 0.02 0.03 0.01 0.01 0.01 0.01 0.01 0.02 0.03 0.02 0.04 0.02 0.01 0.02 0.03 0.02 0.01 0.01 0.01 0.01 0.01 0.02 0.01 0.01 0.01 0.01 0.01 0.01 0.01 0.01 0.01 0.01 0.01 0.01 0.01 0.01 0.01 0.01 0.01 0.01 0.01 0.01 0.01 0.01 0.01 0.01 0.01 0.01 0.02 0.02 0.01 0.02 0.01 0.01 0.01 0.02
0.01 0.01 0.00 0.01 0.01 0.01 0.01 0.02 1.10 1.10 1.12 0.01 0.01 0.01 0.01 0.01 0.02 0.02 1.46 1.39 0.99 1.21 1.81 0.01 0.01 0.00 0.01 0.02 0.02 0.01 0.01 0.01 0.01 0.01 0.01 0.02 0.02 0.02 0.01 0.01 0.01 0.03 0.01 0.01 0.01 0.01 0.01 0.01 0.01 0.01 0.01 0.01 0.01 0.01 0.01 0.01 0.00 0.00 0.00 0.01 0.01 0.01 0.01 0.01 0.01 0.01 0.00 0.01 0.00 0.00 0.00 0.01 0.00 0.01 0.01 0.01 0.01 0.01 0.01 0.01 0.01 0.01 0.01 0.01
0.01 0.01 0.00 0.01 0.01 0.01 0.01 0.02 0.02 0.02 1.26 1.26 1.23 0.01 0.01 0.01 0.01 0.02 1.33 0.01 0.01 0.03 0.01 0.01 0.01 0.00 0.01 0.02 0.02 0.01 0.01 0.01 0.01 0.01 0.01 0.02 0.02 0.01 0.01 0.01 0.01 0.02 0.01 0.01 0.01 0.01 0.01 0.01 0.01 0.01 0.01 0.01 0.01 0.01 0.00 0.00 0.01 0.01 0.01 0.01 0.01 0.01 0.01 0.01 0.01 0.01 0.01 0.01 0.01 0.01 0.01 0.01 0.01 0.01 0.01 0.01 0.00 0.00 0.00 0.01 0.01 0.00 0.00 0.01
0.01 0.01 0.00 0.01 0.01 0.01 0.01 0.02 0.02 0.02 0.02 0.03 0.99 1.22 1.22 0.01 0.01 1.50 0.81 0.01 0.01 0.02 0.01 0.01 0.01 0.01 0.01 0.02 0.01 0.01 0.00 0.01 0.01 0.01 0.01 0.01 0.02 0.01 0.01 0.01 0.01 0.01 0.01 0.01 0.01 0.01 0.00 0.00 0.00 0.00 0.01 0.00 0.00 0.01 0.01 0.01 0.01 0.01 0.01 0.01 0.01 0.01 0.01 0.01 0.01 0.02 0.01 0.02 0.01 0.01 0.01 0.01 0.02 0.01 0.01 0.02 0.01 0.01 0.01 0.01 0.01 0.01 0.01 0.01
0.01 0.01 0.01 0.01 0.01 0.01 0.02 0.02 0.03 0.03 0.03 0.02 0.02 0.03 1.27 1.53 1.77 1.70 0.01 0.01 0.01 0.02 0.01 0.01 0.01 0.01 0.01 0.01 0.01 0.01 0.00 0.00 0.00 0.00 0.01 0.01 0.01 0.01 0.01 0.01 0.01 0.01 0.01 0.01 0.00 0.01 0.01 0.01 0.01 0.01 0.01 0.01 0.01 0.01 0.01 0.01 0.01 0.01 0.01 0.01 0.01 0.01 0.01 0.02 0.02 0.01 0.01 0.02 0.02 0.01 0.01 0.02 0.02 0.02 0.02 0.02 0.02 0.02 0.01 0.01 0.02 0.01 0.01 0.01
0.01 0.01 0.00 0.01 0.01 0.01 0.02 0.02 0.03 0.02 0.04 0.03 0.02 0.03 0.03 0.06 0.07 0.02 0.01 0.01 0.01 0.01 0.01 0.01 0.01 0.00 0.01 0.01 0.00 0.00 0.01 0.01 0.01 0.01 0.01 0.00 0.00 0.00 0.00 0.01 0.00 0.00 0.00 0.01 0.01 0.01 0.01 0.01 0.01 0.01 0.01 0.01 0.01 0.01 0.01 0.02 0.02 0.01 0.01 0.01 0.01 0.02 0.02 0.02 0.03 0.01 0.01 0.02 0.03 0.01 0.01 0.01 0.02 0.02 0.03 0.02 0.04 0.02 0.04 0.01 0.03 0.01 0.01 0.01
0.01 0.01 0.00 0.01 0.01 0.02 0.02 0.02 0.02 0.02 0.02 0.03 0.03 0.03 0.03 0.05 0.03 0.01 0.01 0.01 0.01 0.01 0.01 0.01 0.00 0.00 0.00 0.00 0.01 0.01 0.01 0.01 0.01 0.01 0.01 0.01 0.01 0.01 0.01 0.01 0.00 0.01 0.01 0.01 0.01 0.01 0.01 0.01 0.01 0.01 0.02 0.02 0.01 0.01 0.01 0.02 0.02 0.03 0.04 0.02 0.02 0.02 0.02 0.02 0.03 0.02 0.02 0.02 1.13 2.22 3.02 3.05 3.11 3.21 0.01 3.18 2.77 2.08 0.83 0.02 0.02 2.56 2.00 2.37
0.01 0.01 0.01 0.01 0.01 0.02 0.02 0.02 0.02 0.02 0.02 0.02 0.03 0.03 0.02 0.03 0.03 0.01 0.01 0.01 0.01 0.01 0.01 0.00 0.01 0.01 0.01 0.01 0.01 0.01 0.01 0.01 0.02 0.01 0.02 0.02 0.01 0.01 0.01 0.01 0.00 0.01 0.01 0.01 0.01 0.01 0.01 0.01 0.02 0.02 0.02 0.03 0.02 0.01 0.02 0.02 0.04 0.03 0.03 0.02 0.02 0.02 1.66 1.84 2.21 3.00 2.69 2.13 1.44 1.55 0.02 0.01 0.03 3.37 3.40 3.44 0.02 1.99 2.05 2.92 2.84 2.72 0.01 0.01
0.01 0.01 0.01 0.01 0.01 0.01 0.02 0.02 0.02 0.02 0.02 0.03 0.03 0.02 0.02 0.03 0.02 0.01 0.01 0.01 0.00 0.00 0.01 0.01 0.01 0.01 0.01 0.01 0.01 0.01 0.01 0.02 0.02 0.02 0.02 0.02 0.02 0.01 0.01 0.01 0.01 0.01 0.01 0.01 0.02 0.02 0.02 0.02 0.02 0.02 0.02 0.03 0.03 0.02 0.02 0.02 0.02 0.02 1.83 1.60 2.15 2.16 2.17 0.01 0.03 0.04 0.01 0.03 0.03 0.02 0.02 0.03 0.04 0.03 0.03 0.03 0.03 0.03 0.03 0.03 0.05 0.03 0.01 0.01
0.01 0.01 0.01 0.01 0.01 0.02 0.02 0.02 0.02 0.02 0.03 0.03 0.02 0.02 0.02 0.02 0.01 0.01 0.01 0.01 0.00 0.01 0.01 0.01 0.01 0.01 0.01 0.01 0.02 0.01 0.02 0.02 0.02 0.02 0.03 0.02 0.03 0.01 0.02 0.01 0.01 0.00 0.01 0.01 0.01 0.02 0.03 0.03 0.04 0.02 0.02 0.02 0.03 0.03 0.03 0.03 1.64 1.85 1.88 0.02 0.01 0.09 0.08 0.01 0.03 0.03 0.02 0.03 0.02 0.01 0.03 0.02 0.04 0.03 0.03 0.03 0.02 0.02 0.02 0.03 0.03 0.04 0.02 0.02
0.01 0.01 0.01 0.01 0.01 0.01 0.02 0.02 0.02 0.02 0.03 0.03 0.02 0.02 0.02 0.02 0.01 0.01 0.00 0.00 0.01 0.01 0.01 0.01 0.01 0.01 0.01 0.01 0.02 0.02 0.02 0.02 0.02 0.02 0.03 0.03 0.03 0.02 0.03 0.01 0.01 0.01 0.00 0.01 0.01 0.01 0.02 0.03 0.04 0.03 0.01 0.02 0.02 0.02 2.91 2.48 2.26 0.06 0.08 0.01 0.01 0.13 0.05 0.01 0.02 0.04 0.02 0.02 0.03 0.01 0.02 0.03 0.05 0.02 0.02 0.02 0.02 0.02 0.03 0.03 0.04 0.02 0.03 0.02
0.01 0.01 0.01 0.01 0.01 0.01 0.02 0.02 0.02 0.02 0.02 0.02 0.02 0.02 0.01 0.01 0.01 0.00 0.00 0.01 0.01 0.02 0.02 0.01 0.01 0.02 0.02 0.02 0.02 0.03 0.02 0.02 0.02 0.02 0.03 0.03 0.04 0.02 0.05 0.01 0.01 0.01 0.00 0.01 0.01 0.01 0.02 0.02 0.03 0.06 0.01 2.99 3.26 3.57 3.29 0.02 0.01 0.20 0.04 0.01 0.01 0.15 0.08 0.02 0.02 0.02 0.02 0.02 0.02 0.02 0.02 0.03 0.04 0.01 0.02 0.02 0.02 0.02 0.02 0.02 0.03 0.02 0.03 0.02
0.01 0.01 0.01 0.01 0.01 0.01 0.02 0.01 0.02 0.01 0.02 0.02 0.01 0.01 0.01 0.01 0.00 0.00 0.01 0.01 0.01 0.01 0.01 0.02 0.02 0.02 0.02 0.02 0.02 0.03 0.03 0.02 0.02 0.02 2.19 1.66 1.43 2.63 2.47 0.03 0.01 0.01 0.00 0.01 0.01 0.02 0.02 0.02 0.43 2.90 2.90 2.86 0.79 1.95 0.02 0.01 0.02 0.09 0.05 0.01 0.02 0.31 0.11 0.03 0.02 0.02 0.01 0.02 0.02 0.01 0.03 0.02 0.03 0.01 0.01 0.02 0.02 0.02 0.02 0.02 0.02 0.02 0.02 0.02
0.01 0.01 0.01 0.01 0.01 0.01 0.01 0.01 0.01 0.01 0.01 0.02 0.01 0.01 0.01 0.01 0.01 0.01 0.01 0.01 0.01 0.00 0.01 0.01 0.02 0.02 0.02 0.03 0.03 0.03 0.03 0.02 0.02 0.02 2.31 0.36 0.01 0.01 2.20 1.66 0.01 0.01 0.00 0.01 0.01 0.02 0.04 1.87 2.74 2.86 0.34 0.03 0.02 0.03 0.02 0.01 0.03 0.05 0.05 0.01 0.01 0.12 0.14 0.03 0.01 0.01 0.01 0.01 0.01 0.01 0.01 0.03 0.04 0.01 0.01 0.02 0.02 0.02 0.02 0.02 0.02 0.02 0.02 0.02
0.01 0.01 0.01 0.01 0.01 0.01 0.01 0.01 0.01 0.01 0.01 0.01 0.01 0.01 0.01 0.01 0.02 0.02 0.01 0.01 0.01 0.01 0.01 0.02 0.02 0.02 0.02 0.03 0.02 0.02 2.22 2.42 2.52 2.48 2.42 0.01 0.01 0.02 0.03 1.95 0.01 0.01 0.01 0.01 0.01 0.02 0.01 1.93 2.21 0.01 0.04 0.03 0.02 0.02 0.02 0.01 0.01 0.03 0.07 0.01 0.01 0.02 0.15 0.05 0.01 0.01 0.01 0.01 0.01 0.01 0.01 0.02 0.03 0.01 0.02 0.02 0.02 0.02 0.02 0.01 0.02 0.01 0.01 0.02
0.01 0.00 0.00 0.00 0.00 0.00 0.00 0.00 0.00 0.01 0.01 0.01 0.00 0.01 0.01 0.02 0.02 0.03 0.04 0.04 0.03 0.02 0.02 0.02 0.02 0.02 0.02 0.02 2.24 2.19 2.08 1.25 1.03 0.01 0.01 0.01 0.01 0.02 0.03 2.91 2.84 0.01 0.01 0.01 0.01 0.02 0.02 2.27 0.02 0.02 0.03 0.02 0.01 0.01 0.02 0.01 0.01 0.03 0.06 0.01 0.01 0.02 0.11 0.08 0.02 0.01 0.01 0.01 0.01 0.01 0.01 0.02 0.02 0.02 0.01 0.01 0.01 0.01 0.01 0.01 0.01 0.01 0.01 0.01
0.00 0.00 0.01 0.01 0.01 0.01 0.01 0.01 0.01 0.00 0.00 0.01 0.01 0.01 0.01 0.01 0.01 0.01 0.01 0.02 0.03 0.04 0.04 0.04 0.03 0.02 0.02 2.26 2.26 0.03 0.02 0.01 0.01 0.01 0.01 0.01 0.02 0.02 0.02 0.02 2.73 2.56 2.29 1.78 1.21 2.38 2.45 2.40 0.03 0.02 0.02 0.02 0.01 0.01 0.02 0.01 0.01 0.03 0.06 0.01 0.01 0.01 0.09 0.08 0.01 0.01 0.01 0.01 0.01 0.01 0.01 0.01 0.02 0.01 0.01 0.01 0.01 0.01 0.01 0.01 0.01 0.01 0.01 0.01
0.01 0.01 0.01 0.01 0.01 0.01 0.01 0.01 0.01 0.00 0.01 0.01 0.01 0.01 0.01 0.01 0.01 0.00 0.00 0.01 0.01 0.01 0.03 0.05 0.05 0.05 2.26 2.26 0.01 0.01 0.01 0.01 0.01 0.00 0.01 0.01 0.02 0.02 0.02 0.03 0.03 0.04 0.07 0.11 1.51 1.80 0.08 0.04 0.02 0.02 0.02 0.02 0.01 0.01 0.02 0.01 0.01 0.03 0.05 0.01 0.01 0.01 0.05 0.11 0.01 0.01 0.01 0.01 0.01 0.01 0.01 0.01 0.01 0.01 0.01 0.01 0.01 0.01 0.01 0.01 0.01 0.01 0.01 0.01
0.01 0.01 0.01 0.01 0.01 0.02 0.01 0.02 0.01 0.01 0.01 0.01 0.02 0.02 0.02 0.01 0.01 0.01 0.01 0.01 0.01 0.01 0.01 0.01 0.03 0.08 1.22 0.01 0.02 0.01 0.01 0.01 0.01 0.00 0.01 0.01 0.01 0.02 0.02 0.03 0.05 0.05 0.07 0.07 0.06 0.14 0.09 0.04 0.02 0.02 0.02 0.02 0.02 0.01 0.01 0.01 0.01 0.04 0.04 0.01 0.01 0.01 0.06 0.07 0.01 0.01 0.01 0.01 0.01 0.01 0.01 0.01 0.01 0.01 0.01 0.01 0.01 0.01 0.01 0.01 0.01 0.01 0.01 0.01
0.01 0.01 0.01 0.01 0.02 0.02 0.02 0.03 0.01 0.01 0.01 0.01 0.01 0.02 0.03 0.03 0.02 0.01 0.01 0.01 0.01 0.01 0.01 0.01 0.01 0.01 1.45 0.01 0.01 0.01 0.01 0.01 0.01 0.01 0.01 0.01 0.02 0.02 0.03 0.04 0.05 0.06 0.10 0.07 0.04 0.09 0.09 0.05 0.03 0.02 0.01 0.01 0.02 0.01 0.01 0.01 0.01 0.04 0.02 0.01 0.01 0.01 0.06 0.05 0.01 0.01 0.01 0.01 0.01 0.01 0.01 0.01 0.01 0.01 0.01 0.01 0.01 0.01 0.01 0.01 0.01 0.01 0.01 0.01
0.01 0.01 0.02 0.02 0.02 0.02 0.02 0.04 0.01 0.01 0.01 0.01 0.01 0.01 0.01 0.02 0.03 0.02 0.02 0.02 0.01 0.01 0.01 0.01 0.01 1.48 1.48 0.02 0.01 0.01 0.01 0.01 0.00 0.01 0.01 0.01 0.02 0.03 0.04 0.04 0.05 0.06 0.12 0.05 0.01 0.06 0.10 0.06 0.05 0.02 0.01 0.01 0.01 0.01 0.01 0.01 0.01 0.03 0.02 0.01 0.01 0.01 0.06 0.04 0.01 0.01 0.01 0.01 0.00 0.01 0.01 0.01 0.01 0.01 0.01 0.01 0.01 0.01 0.01 0.02 0.02 0.02 0.02 0.02
