NEW_versions/S_Waiehu/Scripts/Results/S_Waiehu_50m/MaxFloodMaps/S_Waiehu_50m_1.3.asc
NCOLS 296
NROWS 126
XLLCENTER 753498.390000
YLLCENTER 2312278.410000
CELLSIZE 25.000000
NODATA_value -99999.000000
[rows 76 to 113 of 126, columns 0 to 83 of 296]
0.00 0.00 0.00 0.00 0.00 0.00 0.00 0.00 0.00 0.00 0.00 0.00 0.00 0.00 0.00 0.00 0.00 0.00 0.00 0.00 0.00 0.00 0.00 0.00 0.00 0.00 0.00 0.00 0.00 0.00 0.00 0.00 0.00 0.01 0.01 0.01 0.02 0.02 0.07 0.31 0.43 0.02 0.01 0.01 0.01 0.01 0.01 0.01 0.01 0.02 0.02 0.02 0.02 0.02 0.02 0.03 0.04 0.02 0.02 0.02 0.01 0.01 0.02 0.01 0.01 0.01 0.00 0.00 0.00 0.00 0.01 0.01 0.01 0.01 0.01 0.02 0.01 0.01 0.01 0.01 0.01 0.02 0.02 0.02
0.00 0.00 0.00 0.00 0.00 0.00 0.00 0.00 0.00 0.00 0.00 0.00 0.00 0.00 0.00 0.00 0.00 0.00 0.00 0.00 0.00 0.00 0.00 0.00 0.00 0.00 0.00 0.00 0.00 0.00 0.00 0.00 0.01 0.01 0.01 0.01 0.02 0.02 0.05 0.33 0.28 0.02 0.01 0.01 0.01 0.01 0.01 0.01 0.01 0.02 0.02 0.02 0.02 0.02 0.02 0.02 0.04 0.01 0.02 0.01 0.01 0.01 0.01 0.01 0.01 0.00 0.01 0.01 0.01 0.01 0.01 0.01 0.01 0.01 0.01 0.02 0.01 0.01 0.01 0.01 0.01 0.02 0.02 0.02
0.00 0.00 0.00 0.00 0.00 0.00 0.00 0.00 0.00 0.00 0.00 0.00 0.00 0.00 0.00 0.00 0.00 0.00 0.00 0.00 0.00 0.00 0.00 0.00 0.00 0.00 0.00 0.00 0.00 0.00 0.00 0.00 0.01 0.01 0.01 0.01 0.02 0.02 0.08 0.27 0.18 0.01 0.01 0.01 0.01 0.01 0.01 0.01 0.01 0.02 0.02 0.02 0.02 0.01 0.01 0.02 0.02 0.02 0.01 0.01 0.01 0.01 0.01 0.00 0.00 0.01 0.01 0.01 0.01 0.01 0.01 0.01 0.01 0.01 0.02 0.02 0.01 0.01 0.01 0.01 0.01 0.02 0.02 0.02
0.00 0.00 0.00 0.00 0.00 0.00 0.00 0.00 0.00 0.00 0.00 0.00 0.00 0.00 0.00 0.00 0.00 0.00 0.00 0.00 0.00 0.00 0.00 0.00 0.00 0.00 0.00 0.00 0.00 0.00 0.00 0.00 0.01 0.01 0.02 0.02 0.02 0.02 0.15 0.31 0.03 0.01 0.01 0.01 0.01 0.01 0.01 0.01 0.01 0.02 0.02 0.02 0.02 0.02 0.02 0.01 0.01 0.01 0.01 0.01 0.01 0.01 0.00 0.01 0.01 0.01 0.01 0.01 0.02 0.01 0.01 0.02 0.02 0.01 0.03 0.03 0.01 0.01 0.01 0.01 0.01 0.02 0.02 0.02
0.00 0.00 0.00 0.00 0.00 0.00 0.00 0.00 0.00 0.00 0.00 0.00 0.00 0.00 0.00 0.00 0.00 0.00 0.00 0.00 0.00 0.00 0.00 0.00 0.00 0.00 0.00 0.00 0.00 0.00 0.00 0.00 0.00 0.01 0.01 0.01 0.01 0.07 0.23 0.26 0.02 0.01 0.01 0.01 0.01 0.01 0.01 0.01 0.01 0.01 0.02 0.02 0.01 0.01 0.01 0.01 0.01 0.01 0.01 0.01 0.01 0.00 0.01 0.01 0.01 0.01 0.01 0.02 0.02 0.02 0.02 0.02 0.02 0.03 0.03 0.02 0.01 0.01 0.01 0.01 0.02 0.02 0.02 0.02
0.00 0.00 0.00 0.00 0.00 0.00 0.00 0.00 0.00 0.00 0.00 0.00 0.00 0.00 0.00 0.00 0.00 0.00 0.00 0.00 0.00 0.00 0.00 0.00 0.00 0.00 0.00 0.00 0.00 0.00 0.00 0.00 0.01 0.01 0.01 0.01 0.01 0.13 0.43 0.02 0.02 0.01 0.01 0.01 0.01 0.01 0.01 0.01 0.01 0.01 0.01 0.01 0.01 0.01 0.01 0.01 0.01 0.01 0.01 0.00 0.01 0.01 0.01 0.01 0.01 0.01 0.01 0.02 0.02 0.02 0.02 0.02 0.02 0.03 0.04 0.02 0.01 0.01 0.01 0.02 0.02 0.02 0.02 0.02
0.00 0.00 0.00 0.00 0.00 0.00 0.00 0.00 0.00 0.00 0.00 0.00 0.00 0.00 0.00 0.00 0.00 0.00 0.00 0.00 0.00 0.00 0.00 0.00 0.00 0.00 0.00 0.00 0.00 0.00 0.00 0.01 0.01 0.01 0.01 0.01 0.01 0.21 0.20 0.02 0.01 0.01 0.01 0.01 0.01 0.01 0.01 0.01 0.01 0.01 0.01 0.01 0.01 0.01 0.01 0.00 0.00 0.01 0.01 0.01 0.01 0.01 0.01 0.01 0.01 0.02 0.02 0.02 0.02 0.02 0.02 0.02 0.02 0.03 0.05 0.02 0.01 0.01 0.01 0.02 0.02 0.01 0.02 0.02
0.00 0.00 0.00 0.00 0.00 0.00 0.00 0.00 0.00 0.00 0.00 0.00 0.00 0.00 0.00 0.00 0.00 0.00 0.00 0.00 0.00 0.00 0.00 0.00 0.00 0.00 0.00 0.00 0.00 0.00 0.00 0.01 0.01 0.01 0.02 0.02 0.11 0.35 0.03 0.01 0.01 0.01 0.01 0.01 0.01 0.01 0.01 0.01 0.01 0.01 0.00 0.00 0.00 0.00 0.00 0.01 0.01 0.01 0.01 0.01 0.01 0.01 0.01 0.01 0.02 0.02 0.02 0.02 0.02 0.02 0.03 0.03 0.02 0.03 0.06 0.02 0.01 0.01 0.02 0.03 0.02 0.01 0.02 0.02
0.00 0.00 0.00 0.00 0.00 0.00 0.00 0.00 0.00 0.00 0.00 0.00 0.00 0.00 0.00 0.00 0.00 0.00 0.00 0.00 0.00 0.00 0.00 0.00 0.00 0.00 0.00 0.00 0.00 0.00 0.00 0.01 0.01 0.01 0.02 0.02 0.21 0.23 0.01 0.01 0.01 0.01 0.00 0.00 0.00 0.01 0.01 0.01 0.01 0.01 0.01 0.01 0.01 0.01 0.01 0.01 0.01 0.01 0.02 0.01 0.01 0.01 0.01 0.01 0.01 0.02 0.02 0.02 0.02 0.02 0.03 0.03 0.02 0.03 0.06 0.02 0.01 0.01 0.02 0.03 0.03 0.01 0.01 0.02
0.00 0.00 0.00 0.00 0.00 0.00 0.00 0.00 0.00 0.00 0.00 0.00 0.00 0.00 0.00 0.00 0.00 0.00 0.00 0.00 0.00 0.00 0.00 0.00 0.00 0.00 0.00 0.00 0.00 0.00 0.00 0.01 0.01 0.01 0.01 0.01 0.20 0.20 0.01 0.01 0.01 0.01 0.00 0.00 0.01 0.01 0.01 0.01 0.01 0.01 0.01 0.01 0.01 0.01 0.01 0.01 0.01 0.01 0.01 0.02 0.01 0.01 0.01 0.01 0.01 0.02 0.02 0.02 0.02 0.03 0.04 0.03 0.03 0.04 0.06 0.05 0.01 0.01 0.02 0.03 0.03 0.02 0.02 0.01
0.00 0.00 0.00 0.00 0.00 0.00 0.00 0.00 0.00 0.00 0.00 0.00 0.00 0.00 0.00 0.00 0.00 0.00 0.00 0.00 0.00 0.00 0.00 0.00 0.00 0.00 0.00 0.00 0.00 0.00 0.00 0.00 0.01 0.01 0.01 0.01 0.29 0.01 0.01 0.01 0.01 0.00 0.00 0.01 0.01 0.01 0.01 0.01 0.01 0.01 0.02 0.01 0.01 0.01 0.01 0.02 0.01 0.01 0.01 0.01 0.01 0.01 0.01 0.01 0.02 0.02 0.02 0.02 0.02 0.04 0.04 0.04 0.04 0.05 0.06 0.07 0.03 0.01 0.01 0.03 0.03 0.03 0.03 0.02
0.00 0.00 0.00 0.00 0.00 0.00 0.00 0.00 0.00 0.00 0.00 0.00 0.00 0.00 0.00 0.00 0.00 0.00 0.00 0.00 0.00 0.00 0.00 0.00 0.00 0.00 0.00 0.00 0.00 0.00 0.00 0.01 0.01 0.01 0.00 0.35 0.32 0.01 0.01 0.00 0.00 0.01 0.01 0.01 0.01 0.01 0.01 0.02 0.02 0.02 0.02 0.02 0.02 0.01 0.02 0.02 0.02 0.01 0.01 0.01 0.01 0.01 0.01 0.01 0.02 0.02 0.02 0.02 0.02 0.03 0.05 0.04 0.04 0.05 0.05 0.06 2.02 1.76 1.13 1.21 1.43 1.35 1.59 1.34
0.00 0.00 0.00 0.00 0.00 0.00 0.00 0.00 0.00 0.00 0.00 0.00 0.00 0.00 0.00 0.00 0.00 0.00 0.00 0.00 0.00 0.00 0.00 0.00 0.00 0.00 0.00 0.00 0.00 0.00 0.01 0.01 0.01 0.18 0.32 0.35 0.01 0.01 0.01 0.00 0.00 0.01 0.01 0.01 0.01 0.01 0.01 0.02 0.02 0.02 0.02 0.02 0.02 0.03 0.02 0.02 0.02 0.02 0.02 0.02 0.01 0.01 0.02 0.02 0.02 0.02 0.02 0.02 0.02 0.03 0.05 0.04 0.04 1.15 2.25 2.22 2.15 0.02 0.01 0.02 0.08 0.07 0.08 0.02
0.00 0.00 0.00 0.00 0.00 0.00 0.00 0.00 0.00 0.00 0.00 0.00 0.00 0.00 0.00 0.00 0.00 0.00 0.00 0.00 0.00 0.00 0.00 0.00 0.00 0.00 0.00 0.00 0.00 0.01 0.01 0.35 0.35 0.23 0.17 0.08 0.01 0.01 0.01 0.00 0.00 0.01 0.01 0.01 0.01 0.01 0.01 0.02 0.02 0.02 0.02 0.02 0.02 0.02 0.02 0.02 0.02 0.02 0.03 0.06 0.01 0.02 0.02 0.02 0.02 0.02 0.02 0.02 0.03 0.03 1.69 0.84 0.85 1.06 0.02 0.02 0.02 0.01 0.01 0.01 0.03 0.09 0.05 0.02
0.00 0.00 0.00 0.00 0.00 0.00 0.00 0.00 0.00 0.00 0.00 0.00 0.00 0.00 0.00 0.00 0.00 0.00 0.00 0.00 0.00 0.00 0.00 0.00 0.00 0.00 0.00 0.00 0.00 0.01 0.01 0.34 0.01 0.01 0.02 0.02 0.01 0.01 0.00 0.00 0.01 0.01 0.01 0.01 0.02 0.02 0.02 0.02 0.02 0.02 0.02 0.02 0.02 0.02 0.02 0.03 0.03 0.03 0.05 0.12 0.06 0.04 0.03 0.03 0.03 0.03 0.02 0.03 0.02 2.32 2.08 0.02 0.02 0.02 0.02 0.02 0.01 0.01 0.01 0.02 0.03 0.08 0.06 0.01
0.00 0.00 0.00 0.00 0.00 0.00 0.00 0.00 0.00 0.00 0.00 0.00 0.00 0.00 0.00 0.00 0.00 0.00 0.00 0.00 0.00 0.00 0.00 0.00 0.00 0.00 0.00 0.00 0.01 0.01 0.37 0.37 0.01 0.01 0.01 0.02 0.01 0.00 0.00 0.01 0.01 0.01 0.01 0.01 0.02 0.02 0.02 0.02 0.02 0.02 0.02 0.02 0.02 0.02 0.02 0.01 0.02 0.03 0.03 0.02 0.05 0.05 0.03 0.03 0.03 0.03 0.03 0.02 0.86 2.34 0.02 0.01 0.01 0.02 0.02 0.02 0.01 0.02 0.02 0.02 0.04 0.09 0.04 0.01
0.00 0.00 0.00 0.00 0.00 0.00 0.00 0.00 0.00 0.00 0.00 0.00 0.00 0.00 0.00 0.00 0.00 0.00 0.00 0.00 0.00 0.00 0.00 0.00 0.00 0.01 0.00 0.01 0.01 0.77 0.37 0.01 0.01 0.01 0.01 0.01 0.01 0.01 0.01 0.01 0.01 0.01 0.02 0.02 0.02 0.02 0.02 0.02 0.01 0.02 0.03 0.02 0.02 0.02 0.02 0.01 0.02 0.03 0.02 0.02 0.02 0.03 0.03 0.03 0.03 0.03 0.02 1.65 1.47 0.01 0.01 0.01 0.01 0.02 0.02 0.03 0.02 0.02 0.02 0.03 0.05 0.10 0.01 0.01
0.00 0.00 0.00 0.00 0.00 0.00 0.00 0.00 0.00 0.00 0.00 0.00 0.00 0.00 0.00 0.00 0.00 0.00 0.00 0.00 0.00 0.00 0.00 0.00 0.01 0.01 0.22 0.25 0.32 0.34 0.01 0.01 0.01 0.01 0.00 0.00 0.00 0.01 0.01 0.01 0.01 0.02 0.02 0.02 0.02 0.02 0.02 0.02 0.02 0.01 0.02 0.02 0.02 0.02 0.02 0.02 0.01 0.02 0.03 0.02 0.02 0.03 0.03 0.02 0.02 0.02 1.73 1.71 0.01 0.02 0.01 0.01 0.01 0.02 0.02 0.03 0.02 0.02 0.02 0.02 0.05 0.09 0.02 0.01
0.00 0.00 0.00 0.00 0.00 0.00 0.00 0.00 0.00 0.00 0.00 0.00 0.00 0.00 0.00 0.00 0.00 0.00 0.00 0.00 0.00 0.00 0.00 0.01 0.01 0.15 0.32 0.01 0.02 0.02 0.01 0.01 0.01 0.01 0.00 0.01 0.01 0.01 0.01 0.01 0.02 0.02 0.02 0.02 0.02 0.02 0.02 0.02 0.02 0.01 0.01 0.02 0.02 0.02 0.02 0.02 0.02 0.03 0.03 0.03 0.03 0.03 0.02 1.59 1.72 1.73 1.73 0.02 0.02 0.02 0.02 0.01 0.01 0.01 0.02 0.03 0.02 0.01 0.02 0.02 0.04 0.11 0.02 0.02
0.00 0.00 0.00 0.00 0.00 0.00 0.00 0.00 0.00 0.00 0.00 0.00 0.00 0.00 0.00 0.00 0.00 0.00 0.00 0.00 0.00 0.00 0.00 0.01 0.01 0.12 0.37 0.01 0.01 0.01 0.01 0.01 0.00 0.01 0.01 0.01 0.01 0.01 0.01 0.02 0.02 0.02 0.02 0.02 0.03 0.03 0.04 0.02 0.02 0.02 0.02 0.02 0.02 0.02 0.02 0.02 0.02 0.03 0.03 0.04 0.04 0.03 0.02 1.52 0.58 0.05 0.02 0.03 0.02 0.02 0.02 0.01 0.01 0.01 0.01 0.04 0.01 0.01 0.02 0.02 0.05 0.12 0.02 0.02
0.00 0.00 0.00 0.00 0.00 0.00 0.00 0.00 0.00 0.00 0.00 0.00 0.00 0.00 0.00 0.00 0.00 0.00 0.00 0.00 0.00 0.00 0.01 0.01 0.01 0.18 0.31 0.01 0.01 0.01 0.01 0.00 0.00 0.01 0.01 0.01 0.01 0.01 0.01 0.02 0.02 0.02 0.03 0.03 0.03 0.03 0.03 0.03 0.03 0.04 0.05 0.01 0.01 0.02 0.02 0.02 0.02 0.03 0.04 0.04 0.04 0.03 0.02 1.72 0.04 0.02 0.03 0.02 0.02 0.02 0.02 0.01 0.01 0.01 0.01 0.04 0.02 0.01 0.02 0.03 0.07 0.09 0.02 0.02
0.00 0.00 0.00 0.00 0.00 0.00 0.00 0.00 0.00 0.00 0.00 0.00 0.00 0.00 0.00 0.00 0.00 0.00 0.00 0.00 0.00 0.00 0.01 0.01 0.18 0.48 0.02 0.01 0.01 0.01 0.01 0.01 0.01 0.01 0.01 0.01 0.01 0.01 0.02 0.03 0.04 0.03 0.04 0.06 0.07 0.07 0.09 0.11 0.10 0.15 0.17 0.07 0.04 0.04 0.04 0.04 0.04 0.03 0.04 0.04 0.03 0.03 0.02 1.82 0.03 0.03 0.03 0.02 0.02 0.02 0.02 0.01 0.01 0.01 0.01 0.03 0.01 0.01 0.02 0.04 0.06 0.08 0.02 0.01
0.00 0.00 0.00 0.00 0.00 0.00 0.00 0.00 0.00 0.00 0.00 0.00 0.00 0.00 0.00 0.00 0.00 0.00 0.00 0.00 0.01 0.01 0.01 0.29 0.20 0.13 0.01 0.01 0.01 0.01 0.01 0.01 0.02 0.01 0.01 0.01 0.01 0.01 0.01 0.03 0.04 0.06 0.04 0.03 0.02 0.01 0.01 0.01 0.01 0.01 0.06 0.06 0.05 0.05 0.08 0.12 0.13 0.11 0.09 0.05 0.03 0.03 1.87 1.86 0.03 0.03 0.03 0.02 0.02 0.02 0.02 0.01 0.01 0.01 0.01 0.03 0.01 0.02 0.03 0.06 0.03 0.08 0.02 0.01
0.00 0.00 0.00 0.00 0.00 0.00 0.00 0.00 0.00 0.00 0.00 0.00 0.00 0.00 0.00 0.00 0.00 0.00 0.00 0.00 0.01 0.22 0.46 0.30 0.01 0.01 0.01 0.01 0.01 0.01 0.01 0.02 0.04 0.05 0.06 0.05 0.04 0.04 0.04 0.04 0.04 0.03 0.03 0.02 0.02 0.02 0.01 0.01 0.01 0.01 0.03 0.05 0.06 0.06 0.08 0.11 0.19 0.26 0.22 0.13 1.27 1.31 1.45 0.03 0.04 0.03 0.03 0.03 0.02 0.02 0.02 0.02 0.01 0.01 0.01 0.02 0.01 0.02 0.04 0.06 0.02 0.07 0.02 0.01
0.00 0.00 0.00 0.00 0.00 0.00 0.00 0.00 0.00 0.00 0.00 0.00 0.00 0.00 0.00 0.00 0.00 0.00 0.00 0.01 0.30 0.26 0.10 0.02 0.01 0.01 0.01 0.01 0.01 0.01 0.01 0.01 0.01 0.02 0.02 0.01 0.01 0.01 0.02 0.01 0.01 0.02 0.03 0.05 0.04 0.04 0.04 0.04 0.02 0.01 0.02 0.04 0.11 0.16 0.15 0.15 0.14 0.12 0.23 1.27 1.17 0.03 0.03 0.03 0.03 0.03 0.03 0.03 0.03 0.02 0.02 0.02 0.01 0.01 0.01 0.02 0.01 0.03 0.04 0.03 0.03 0.06 0.03 0.01
0.00 0.00 0.00 0.00 0.00 0.00 0.00 0.00 0.00 0.00 0.00 0.00 0.00 0.00 0.00 0.00 0.00 0.00 0.01 0.02 0.30 0.02 0.01 0.01 0.01 0.01 0.01 0.00 0.00 0.01 0.01 0.01 0.01 0.01 0.01 0.01 0.01 0.01 0.02 0.01 0.02 0.02 0.03 0.02 0.04 0.07 0.13 0.26 0.14 0.12 0.14 0.22 0.21 0.18 0.15 0.13 0.12 0.10 0.14 0.23 0.05 0.03 0.03 0.03 0.03 0.03 0.03 0.03 0.03 0.02 0.02 0.02 0.02 0.01 0.01 0.01 0.01 0.05 0.03 0.03 0.02 0.06 0.04 0.01
0.00 0.00 0.00 0.00 0.00 0.00 0.00 0.00 0.00 0.00 0.00 0.00 0.00 0.00 0.00 0.00 0.01 0.01 0.01 0.01 0.38 0.01 0.01 0.01 0.01 0.01 0.00 0.00 0.01 0.01 0.01 0.01 0.01 0.00 0.00 0.01 0.01 0.01 0.01 0.02 0.02 0.03 0.03 0.02 0.03 0.03 0.09 0.11 0.15 0.19 0.18 0.17 0.15 0.12 0.10 0.07 0.06 0.05 0.06 0.14 0.07 0.02 0.03 0.03 0.03 0.03 0.03 0.03 0.02 0.02 0.02 0.02 0.02 0.01 0.01 0.01 0.01 0.08 0.01 0.01 0.01 0.05 0.05 0.01
0.00 0.00 0.00 0.00 0.00 0.00 0.00 0.00 0.00 0.00 0.00 0.00 0.00 0.00 0.00 0.01 0.01 0.01 0.01 0.26 0.22 0.01 0.01 0.01 0.01 0.00 0.01 0.01 0.01 0.01 0.01 0.01 0.01 0.01 0.01 0.01 0.01 0.01 0.02 0.02 0.01 0.01 0.03 0.03 0.05 0.07 0.09 0.10 0.09 0.09 0.09 0.09 0.11 0.09 0.07 0.05 0.04 0.03 0.04 0.13 0.09 0.03 0.03 0.03 0.03 0.03 0.03 0.03 0.03 0.03 0.02 0.02 0.02 0.01 0.01 0.01 0.02 0.07 0.02 0.01 0.01 0.02 0.03 0.01
0.00 0.00 0.00 0.00 0.00 0.00 0.00 0.00 0.00 0.00 0.00 0.00 0.00 0.00 0.00 0.00 0.00 0.01 0.01 0.26 0.02 0.01 0.01 0.00 0.00 0.01 0.01 0.01 0.01 0.01 0.01 0.01 0.01 0.01 0.01 0.01 0.04 0.04 0.05 0.04 0.03 0.02 0.05 0.08 0.07 0.09 0.09 0.09 0.07 0.08 0.08 0.09 0.07 0.07 0.05 0.03 0.03 0.03 0.04 0.09 0.13 0.03 0.02 0.03 0.03 0.03 0.03 0.03 0.03 0.03 0.03 0.02 0.02 0.01 0.01 0.01 0.02 0.05 0.03 0.01 0.01 0.02 0.02 0.01
0.00 0.00 0.00 0.00 0.00 0.00 0.00 0.00 0.00 0.00 0.00 0.00 0.00 0.00 0.01 0.01 0.01 0.01 0.28 0.28 0.01 0.01 0.01 0.00 0.00 0.01 0.01 0.01 0.01 0.01 0.02 0.02 0.20 0.22 0.17 0.15 0.12 0.12 0.10 0.15 0.17 0.14 0.11 0.09 0.07 0.05 0.06 0.07 0.06 0.07 0.08 0.10 0.06 0.05 0.03 0.03 0.03 0.04 0.04 0.04 0.16 0.03 0.02 0.02 0.02 0.02 0.02 0.03 0.03 0.03 0.03 0.02 0.02 0.01 0.01 0.01 0.01 0.03 0.03 0.01 0.01 0.02 0.01 0.01
0.00 0.00 0.00 0.00 0.00 0.00 0.00 0.00 0.00 0.00 0.00 0.01 0.01 0.01 0.01 0.02 0.02 0.26 0.27 0.01 0.01 0.01 0.00 0.00 0.01 0.01 0.01 0.01 0.01 0.01 0.02 0.19 0.26 0.01 0.01 0.01 0.01 0.01 0.01 0.02 0.02 0.02 0.02 0.02 0.02 0.08 0.09 0.08 0.06 0.09 0.11 0.11 0.02 0.02 0.02 0.02 0.03 0.05 0.03 0.04 0.17 0.02 0.02 0.02 0.02 0.02 0.02 0.04 0.03 0.03 0.03 0.03 0.02 0.01 0.01 0.01 0.01 0.03 0.03 0.01 0.01 0.03 0.01 0.01
0.00 0.00 0.00 0.00 0.00 0.00 0.00 0.00 0.00 0.01 0.01 0.01 0.01 0.01 0.01 0.01 0.27 0.26 0.01 0.01 0.01 0.01 0.00 0.01 0.01 0.01 0.01 0.02 0.02 0.03 0.23 0.22 0.01 0.01 0.01 0.01 0.01 0.01 0.01 0.01 0.02 0.02 0.02 0.03 0.06 0.09 0.10 0.06 0.04 0.06 0.07 0.06 0.02 0.03 0.03 0.02 0.03 0.04 0.02 0.03 0.17 0.03 0.02 0.02 0.02 0.02 0.02 0.05 0.03 0.02 0.03 0.04 0.02 0.01 0.01 0.01 0.01 0.02 0.03 0.01 0.01 0.02 0.01 0.01
0.00 0.00 0.00 0.00 0.00 0.00 0.00 0.00 0.01 0.01 0.01 0.01 0.01 0.01 0.01 0.01 0.27 0.02 0.01 0.01 0.01 0.01 0.01 0.01 0.01 0.01 0.01 0.01 0.02 0.26 0.15 0.01 0.01 0.01 0.01 0.01 0.01 0.01 0.01 0.02 0.02 0.02 0.03 0.04 0.08 0.08 0.07 0.04 0.03 0.03 0.03 0.03 0.02 0.02 0.02 0.02 0.03 0.03 0.02 0.04 0.16 0.03 0.02 0.02 0.02 0.02 0.02 0.03 0.03 0.02 0.03 0.03 0.02 0.01 0.01 0.01 0.01 0.03 0.02 0.01 0.01 0.01 0.00 0.01
0.00 0.00 0.00 0.00 0.00 0.00 0.00 0.01 0.01 0.01 0.01 0.01 0.01 0.01 0.20 0.21 0.22 0.01 0.01 0.01 0.00 0.01 0.01 0.01 0.02 0.02 0.02 0.02 0.16 0.23 0.01 0.01 0.01 0.01 0.01 0.01 0.01 0.01 0.01 0.02 0.02 0.03 0.05 0.08 0.09 0.06 0.04 0.04 0.03 0.02 0.02 0.02 0.02 0.02 0.02 0.02 0.03 0.03 0.02 0.06 0.17 0.03 0.02 0.02 0.02 0.02 0.02 0.02 0.03 0.03 0.02 0.02 0.02 0.01 0.01 0.01 0.01 0.03 0.02 0.01 0.01 0.01 0.00 0.00
0.00 0.00 0.00 0.00 0.00 0.01 0.01 0.01 0.01 0.01 0.01 0.01 0.02 0.03 0.25 0.02 0.01 0.01 0.01 0.01 0.01 0.01 0.01 0.01 0.01 0.02 0.02 0.13 0.15 0.01 0.01 0.00 0.01 0.01 0.00 0.01 0.01 0.01 0.01 0.02 0.04 0.07 0.09 0.10 0.08 0.05 0.02 0.02 0.02 0.02 0.02 0.02 0.02 0.02 0.02 0.03 0.03 0.02 0.03 0.12 0.09 0.03 0.02 0.02 0.03 0.02 0.02 0.02 0.02 0.02 0.02 0.02 0.02 0.02 0.01 0.01 0.01 0.02 0.02 0.01 0.01 0.00 0.00 0.00
0.00 0.00 0.00 0.01 0.01 0.01 0.01 0.01 0.01 0.01 0.01 0.01 0.01 0.23 0.18 0.01 0.01 0.01 0.01 0.00 0.01 0.01 0.01 0.01 0.01 0.02 0.06 0.15 0.01 0.01 0.01 0.00 0.01 0.01 0.01 0.01 0.01 0.01 0.01 0.01 0.04 0.07 0.08 0.09 0.07 0.02 0.01 0.02 0.02 0.02 0.02 0.02 0.02 0.02 0.02 0.03 0.03 0.03 0.04 0.13 0.04 0.03 0.02 0.03 0.02 0.02 0.02 0.02 0.02 0.02 0.02 0.02 0.02 0.02 0.01 0.01 0.01 0.01 0.01 0.01 0.00 0.00 0.00 0.00
0.00 0.00 0.01 0.02 0.03 0.02 0.02 0.03 0.04 0.04 0.03 0.02 0.02 0.43 0.01 0.01 0.01 0.01 0.01 0.01 0.01 0.01 0.01 0.01 0.01 0.08 0.09 0.05 0.01 0.01 0.00 0.01 0.01 0.01 0.01 0.01 0.01 0.01 0.01 0.01 0.07 0.09 0.07 0.04 0.03 0.02 0.02 0.02 0.02 0.02 0.02 0.02 0.02 0.02 0.03 0.03 0.03 0.03 0.07 0.06 0.03 0.04 0.02 0.03 0.02 0.02 0.02 0.02 0.02 0.02 0.02 0.02 0.01 0.01 0.01 0.01 0.01 0.01 0.01 0.00 0.00 0.00 0.00 0.00
0.00 0.01 0.02 0.01 0.01 0.02 0.03 0.03 0.03 0.06 0.17 0.13 0.15 0.16 0.01 0.01 0.01 0.01 0.01 0.01 0.02 0.03 0.02 0.02 0.08 0.07 0.01 0.01 0.01 0.00 0.01 0.01 0.01 0.01 0.01 0.01 0.01 0.01 0.05 0.11 0.11 0.10 0.05 0.03 0.02 0.02 0.02 0.02 0.02 0.02 0.02 0.02 0.02 0.03 0.03 0.03 0.03 0.03 0.09 0.02 0.02 0.04 0.02 0.02 0.02 0.02 0.02 0.02 0.02 0.02 0.02 0.01 0.01 0.01 0.01 0.01 0.01 0.00 0.00 0.00 0.00 0.00 0.00 0.00
