NEW_versions/S_Waiehu/Scripts/Results/S_Waiehu_50m/MaxFloodMaps/S_Waiehu_50m_0.8.asc
NCOLS 296
NROWS 126
XLLCENTER 753498.390000
YLLCENTER 2312278.410000
CELLSIZE 25.000000
NODATA_value -99999.000000
[rows 38 to 75 of 126, columns 168 to 251 of 296]
0.15 0.04 0.06 0.07 0.05 0.03 0.02 0.02 0.02 0.01 0.01 0.01 0.01 0.01 0.01 0.01 0.02 0.01 0.01 0.02 0.02 0.02 0.01 0.01 0.01 0.01 0.01 0.02 0.02 0.01 0.01 0.01 0.01 0.02 0.01 0.01 0.01 0.01 0.04 0.06 0.04 0.02 0.02 0.01 0.01 0.01 1.15 0.01 0.03 0.01 0.00 0.01 0.01 0.01 0.02 0.01 1.98 1.92 0.01 0.01 0.01 0.01 0.02 0.01 0.03 0.04 0.05 0.15 0.17 0.11 0.08 0.06 0.05 0.05 0.03 0.02 0.03 0.18 0.26 0.34 0.21 0.12 0.01 0.01
0.02 0.05 0.05 0.01 0.01 0.01 0.01 0.01 0.02 0.01 0.01 0.01 0.01 0.01 0.01 0.01 0.01 0.01 0.01 0.01 0.01 0.01 0.02 0.01 0.01 0.01 0.03 0.02 0.01 0.01 0.01 0.01 0.01 0.02 0.01 0.01 0.01 0.01 0.01 0.01 0.01 0.01 0.01 0.01 0.01 1.33 1.10 0.01 0.02 0.01 0.01 0.02 0.03 0.02 0.45 1.77 1.82 0.01 0.01 0.01 0.01 0.01 0.01 0.02 0.03 0.07 0.20 0.09 0.06 0.03 0.07 0.04 0.06 0.05 0.04 0.21 0.41 0.38 0.01 0.01 0.02 0.06 0.04 0.02
0.01 0.01 0.00 0.01 0.01 0.01 0.01 0.01 0.01 0.01 0.01 0.01 0.01 0.01 0.01 0.01 0.01 0.01 0.01 0.01 0.01 0.01 0.03 0.00 0.01 0.01 0.07 0.00 0.00 0.00 0.01 0.01 0.02 0.01 0.01 0.01 0.02 0.01 0.01 0.01 0.01 0.01 0.01 1.25 1.25 1.27 0.01 0.01 0.01 0.00 0.01 0.01 0.01 0.04 2.01 1.67 0.01 0.01 0.01 0.01 0.01 0.01 0.01 0.03 0.04 0.03 0.02 0.01 0.01 0.01 0.01 0.02 0.11 0.18 0.20 0.20 0.01 0.01 0.01 0.01 0.02 0.06 0.03 0.04
0.02 0.01 0.01 0.01 0.01 0.02 0.02 0.02 0.02 0.02 0.01 0.01 0.01 0.01 0.01 0.01 0.01 0.01 0.01 0.01 0.01 0.01 0.03 0.01 0.01 0.01 0.02 0.01 0.01 0.00 0.00 0.01 0.01 0.01 0.01 0.01 0.01 0.01 0.01 0.01 1.58 1.07 1.80 1.46 0.01 0.00 0.01 0.01 0.01 0.01 0.01 0.01 0.03 0.08 2.34 0.01 0.01 0.01 0.01 0.01 0.01 0.01 0.01 0.02 0.06 0.00 0.01 0.01 0.01 0.01 0.02 0.03 0.08 0.08 0.02 0.00 0.01 0.04 0.03 0.02 0.10 0.09 0.13 0.12
0.02 0.02 0.02 0.01 0.01 0.01 0.01 0.02 0.02 0.02 0.01 0.01 0.01 0.01 0.01 0.01 0.01 0.01 0.01 0.01 0.01 0.01 0.01 0.01 0.02 0.03 0.03 0.02 0.02 0.02 0.03 0.02 0.02 0.01 0.02 0.02 0.02 0.02 0.01 1.97 1.83 0.01 0.01 0.01 0.01 0.00 0.01 0.01 0.01 0.01 0.01 0.02 0.04 0.12 1.51 0.01 0.01 0.01 0.01 0.01 0.01 0.01 0.01 0.02 0.05 0.01 0.01 0.01 0.01 0.02 0.02 0.02 0.13 0.00 0.01 0.01 0.01 0.03 0.09 0.15 0.14 0.10 0.09 0.09
0.01 0.01 0.01 0.01 0.01 0.01 0.01 0.01 0.02 0.02 0.02 0.01 0.01 0.01 0.01 0.01 0.01 0.01 0.01 0.01 0.01 0.02 0.02 0.02 0.02 0.02 0.02 0.02 0.02 0.02 0.02 0.01 0.01 0.02 0.02 0.02 0.02 0.02 2.13 2.06 0.01 0.01 0.00 0.01 0.01 0.01 0.01 0.01 0.01 0.01 0.02 0.03 0.04 0.36 1.25 0.01 0.01 0.01 0.01 0.01 0.01 0.01 0.01 0.02 0.03 0.03 0.01 0.02 0.05 0.03 0.02 0.01 0.14 0.01 0.01 0.01 0.01 0.03 0.09 0.11 0.10 0.09 0.06 0.08
0.01 0.01 0.01 0.02 0.02 0.01 0.01 0.01 0.00 0.01 0.01 0.01 0.01 0.01 0.01 0.01 0.01 0.01 0.01 0.02 0.02 0.03 0.03 0.03 0.02 0.03 0.04 0.04 0.03 0.03 0.02 0.02 0.02 0.03 0.03 0.03 0.60 1.14 2.17 0.01 0.01 0.01 0.00 0.01 0.01 0.01 0.01 0.01 0.01 0.02 0.03 0.03 0.10 0.46 1.59 0.01 0.01 0.01 0.02 0.03 0.03 0.04 0.05 0.04 0.04 0.08 0.07 0.06 0.04 0.04 0.03 0.02 0.13 0.10 0.09 0.10 0.09 0.05 0.12 0.11 0.08 0.06 0.05 0.10
0.01 0.01 0.01 0.02 0.02 0.02 0.01 0.01 0.01 0.01 0.01 0.01 0.02 0.02 0.01 0.02 0.02 0.01 0.02 0.03 0.05 0.02 0.03 0.03 0.03 0.03 0.02 0.03 0.04 0.03 0.02 0.02 0.02 0.02 0.03 1.63 1.35 0.88 0.01 0.01 0.01 0.00 0.01 0.01 0.01 0.01 0.01 0.01 0.02 0.04 0.05 0.03 0.15 1.71 1.36 0.01 0.01 0.01 0.01 0.01 0.01 0.01 0.02 0.02 0.02 0.03 0.03 0.01 0.04 0.05 0.04 0.02 0.19 0.03 0.02 0.02 0.27 0.30 0.20 0.09 0.08 0.06 0.05 0.19
0.01 0.01 0.01 0.02 0.02 0.03 0.01 0.01 0.01 0.01 0.01 0.01 0.02 0.02 0.02 0.02 0.02 0.02 0.02 0.02 0.01 0.03 0.05 0.05 0.04 0.04 0.03 0.03 0.04 0.04 0.03 0.03 0.03 0.02 0.01 1.57 0.01 0.01 0.01 0.00 0.00 0.00 0.01 0.01 0.01 0.01 0.01 0.03 0.04 0.03 0.04 0.03 0.31 2.02 0.01 0.01 0.01 0.01 0.01 0.01 0.01 0.02 0.02 0.01 0.01 0.01 0.01 0.01 0.01 0.01 0.02 0.04 0.19 0.01 0.01 0.07 0.25 0.03 0.03 0.02 0.03 0.04 0.03 0.54
0.01 0.01 0.01 0.03 0.03 0.04 0.03 0.01 0.01 0.01 0.01 0.01 0.02 0.02 0.02 0.02 0.02 0.03 0.03 0.03 0.03 0.02 0.01 0.03 0.04 0.04 0.04 0.04 0.04 0.05 0.04 0.49 1.04 1.47 1.47 1.50 0.01 0.01 0.00 0.00 0.01 0.01 0.01 0.01 0.01 0.01 0.02 0.02 0.01 0.01 0.03 0.08 0.53 2.14 0.01 0.01 0.01 0.01 0.01 0.02 0.02 0.02 0.02 0.02 0.02 0.02 0.02 0.01 0.02 0.04 0.07 0.06 0.12 0.06 0.09 0.12 0.19 0.05 0.02 0.02 0.04 0.06 0.04 0.62
0.01 0.01 0.02 0.03 0.02 0.04 0.02 0.01 0.01 0.01 0.01 0.01 0.02 0.02 0.02 0.02 0.02 0.02 0.04 0.00 0.00 0.00 0.01 0.02 0.02 0.03 0.03 0.04 0.04 0.66 1.12 1.21 0.64 0.53 0.01 0.01 0.01 0.00 0.01 0.01 0.01 0.01 0.01 0.01 0.01 0.01 0.01 0.02 0.04 0.04 0.04 0.02 1.29 1.01 0.01 0.01 0.01 0.01 0.01 0.01 0.01 0.01 0.01 0.03 0.03 0.11 0.09 0.09 0.10 0.07 0.06 0.03 0.03 0.13 0.07 0.10 0.10 0.14 0.09 0.03 0.12 0.07 0.65 0.61
0.02 0.02 0.02 0.02 0.02 0.04 0.03 0.01 0.01 0.01 0.01 0.02 0.02 0.03 0.03 0.03 0.03 0.04 0.08 0.08 0.00 0.01 0.01 0.02 0.02 0.03 0.57 0.82 1.08 1.19 0.77 0.01 0.01 0.01 0.01 0.01 0.01 0.00 0.01 0.01 0.01 0.01 0.01 0.01 0.02 0.02 0.03 0.04 0.04 0.03 0.02 0.03 1.94 0.28 0.01 0.00 0.01 0.01 0.02 0.01 0.02 0.03 0.03 0.03 0.02 0.07 0.01 0.01 0.01 0.01 0.03 0.05 0.05 0.05 0.03 0.19 0.10 0.13 0.19 0.14 0.18 0.44 0.65 0.09
0.02 0.02 0.02 0.02 0.02 0.03 0.05 0.01 0.01 0.01 0.01 0.02 0.01 0.02 0.02 0.02 0.02 0.02 0.01 0.04 0.02 0.02 0.02 0.02 0.02 0.67 1.03 0.81 0.59 0.30 0.15 0.01 0.01 0.01 0.01 0.00 0.00 0.00 0.01 0.01 0.01 0.01 0.01 0.01 0.02 0.03 0.03 0.02 0.02 0.03 2.79 2.59 2.33 0.01 0.01 0.01 0.02 0.02 0.02 0.01 0.02 0.02 0.02 0.02 0.01 0.04 0.00 0.00 0.02 0.05 0.04 0.02 0.04 0.02 0.01 0.18 0.12 0.09 0.11 0.46 0.29 0.56 0.11 0.04
0.02 0.02 0.03 0.02 0.01 0.03 0.08 0.02 0.01 0.01 0.01 0.02 0.01 0.01 0.02 0.02 0.03 0.01 0.01 0.03 0.03 0.03 0.03 0.02 1.55 1.36 1.16 0.28 0.11 0.02 0.01 0.01 0.00 0.00 0.00 0.01 0.00 0.01 0.01 0.01 0.01 0.02 0.02 0.02 0.02 0.02 0.02 0.02 0.01 0.01 2.94 0.06 0.01 0.01 0.01 0.01 0.01 0.01 0.02 0.02 0.02 0.01 0.01 0.01 0.01 0.02 0.05 0.04 0.05 0.03 0.02 0.02 0.03 0.05 0.28 0.33 0.05 0.04 0.12 0.44 0.25 0.16 0.05 0.09
1.11 1.17 1.25 1.72 0.01 0.03 0.08 0.02 0.01 0.01 0.01 0.03 0.02 0.01 0.01 0.02 0.42 0.21 0.17 0.63 0.85 0.86 1.12 1.67 1.63 0.14 0.01 0.01 0.01 0.01 0.01 0.00 0.00 0.00 0.02 0.01 0.01 0.01 0.01 0.01 0.01 0.02 0.02 0.03 0.02 0.02 0.02 0.02 0.02 2.12 1.61 0.01 0.01 0.01 0.00 0.01 0.01 0.01 0.02 0.03 0.03 0.03 0.02 0.02 0.03 0.03 0.03 0.00 0.01 0.01 0.01 0.01 0.02 0.32 0.33 0.06 0.01 0.07 0.19 0.49 0.02 0.01 0.02 0.01
0.82 0.01 0.02 1.59 1.28 1.74 1.52 0.72 1.28 1.26 1.20 0.84 1.19 0.95 1.48 1.42 0.82 1.17 1.12 1.08 0.76 0.39 0.27 0.14 0.09 0.06 0.01 0.01 0.01 0.00 0.00 0.01 0.01 0.01 0.03 0.01 0.01 0.01 0.01 0.01 0.02 0.02 0.02 0.01 0.02 0.02 0.02 0.02 2.55 2.42 0.02 0.01 0.01 0.00 0.01 0.01 0.02 0.03 0.04 0.05 0.05 0.04 0.04 0.04 0.03 0.02 0.07 0.00 0.01 0.02 0.02 0.01 0.04 0.32 0.01 0.06 0.00 0.13 0.31 0.30 0.01 0.02 0.01 0.01
0.01 0.02 0.02 0.02 0.02 0.01 0.01 0.79 0.81 0.02 0.02 0.04 0.01 0.02 0.01 0.01 0.02 0.01 0.01 0.01 0.02 0.01 0.01 0.01 0.01 0.01 0.01 0.00 0.01 0.00 0.01 0.02 0.01 0.01 0.02 0.01 0.01 0.01 0.01 0.01 0.02 0.03 0.03 0.03 0.01 0.02 0.03 1.88 2.65 1.13 0.01 0.01 0.01 0.00 0.01 0.02 0.03 0.02 0.01 0.01 0.02 0.03 0.02 0.02 0.02 0.02 0.05 0.00 0.01 0.01 0.01 0.01 0.06 0.31 0.00 0.54 0.57 0.31 0.35 0.22 0.02 0.02 0.01 0.02
0.01 0.01 0.01 0.01 0.01 0.01 0.01 0.02 0.02 0.03 0.02 0.01 0.01 0.01 0.01 0.01 0.01 0.01 0.01 0.01 0.01 0.01 0.01 0.01 0.01 0.01 0.01 0.01 0.01 0.01 0.01 0.02 0.01 0.02 0.02 0.02 0.16 0.16 0.01 0.01 0.02 0.02 0.03 0.03 0.02 0.02 0.02 1.63 0.01 0.01 0.01 0.01 0.01 0.01 0.01 0.01 0.01 0.02 0.02 0.02 0.02 0.03 0.03 0.02 0.02 0.04 0.11 0.12 0.00 0.01 0.01 0.02 0.08 0.18 0.30 0.53 0.57 0.30 0.10 0.07 0.01 0.02 0.01 0.02
0.01 0.01 0.01 0.01 0.01 0.01 0.01 0.01 0.01 0.02 0.03 0.02 0.01 0.01 0.01 0.01 0.01 0.01 0.01 0.01 0.01 0.01 0.01 0.01 0.01 0.01 0.01 0.02 0.02 0.00 0.00 0.02 0.01 0.02 0.02 0.24 0.14 0.14 0.10 0.06 0.06 0.07 0.05 0.05 0.04 0.03 0.02 1.96 0.01 0.01 0.00 0.01 0.01 0.01 0.01 0.01 0.01 0.01 0.02 0.02 0.02 0.03 0.03 0.03 0.06 0.08 0.05 0.13 0.05 0.05 0.04 0.45 0.19 0.12 0.44 0.46 0.44 0.03 0.01 0.01 0.01 0.01 0.01 0.02
0.01 0.01 0.01 0.01 0.01 0.01 0.01 0.01 0.01 0.02 0.01 0.01 0.01 0.01 0.01 0.01 0.01 0.00 0.01 0.01 0.01 0.01 0.03 0.02 0.04 0.06 0.09 0.07 0.13 0.02 0.03 0.00 0.00 0.01 0.01 0.24 0.01 0.05 0.08 0.09 0.08 0.07 0.06 0.07 0.06 0.04 1.67 1.31 0.00 0.00 0.00 0.01 0.01 0.02 0.02 0.02 0.01 0.02 0.02 0.02 0.02 0.05 0.07 0.06 0.19 0.00 0.01 0.02 0.04 0.05 0.21 0.51 0.09 0.10 0.09 0.09 0.20 0.08 0.08 0.01 0.01 0.01 0.01 0.03
0.00 0.00 0.00 0.00 0.00 0.00 0.01 0.01 0.01 0.01 0.01 0.01 0.01 0.01 0.02 0.01 0.01 0.01 0.01 0.01 0.02 0.04 0.04 0.07 0.08 0.05 0.05 0.18 0.12 0.07 0.04 0.04 0.08 0.34 0.32 0.24 0.09 0.06 0.05 0.04 0.06 0.05 0.06 0.89 1.70 1.69 1.69 0.01 0.01 0.00 0.01 0.01 0.01 0.01 0.01 0.02 0.02 0.02 0.02 0.06 0.08 0.07 0.04 0.07 0.30 0.01 0.01 0.01 0.03 0.38 0.53 0.45 0.45 0.21 0.08 0.06 0.09 0.07 0.08 0.05 0.01 0.00 0.01 0.06
0.01 0.01 0.00 0.01 0.01 0.01 0.00 0.01 0.00 0.01 0.01 0.01 0.01 0.01 0.02 0.03 0.03 0.04 0.04 0.06 0.06 0.05 0.04 0.04 0.03 0.03 0.02 0.03 0.01 0.01 0.01 0.05 0.01 0.01 0.01 0.03 0.07 0.06 0.05 0.04 0.05 0.06 2.21 2.00 1.89 0.02 0.02 0.01 0.01 0.01 0.01 0.01 0.01 0.01 0.02 0.02 0.02 0.04 0.03 0.05 0.06 0.04 0.04 0.07 0.33 0.01 0.01 0.02 0.44 0.57 0.33 0.02 0.04 0.22 0.02 0.07 0.07 0.09 0.01 0.01 0.02 0.04 0.09 0.09
0.01 0.01 0.01 0.02 0.01 0.01 0.01 0.00 0.00 0.00 0.01 0.01 0.01 0.01 0.01 0.01 0.02 0.02 0.02 0.02 0.02 0.02 0.03 0.02 0.02 0.01 0.01 0.01 0.01 0.01 0.01 0.01 0.02 0.01 0.01 0.01 0.04 0.04 0.04 0.04 0.05 2.03 2.09 0.01 0.01 0.02 0.02 0.01 0.01 0.01 0.01 0.01 0.02 0.01 0.02 0.02 0.02 0.05 0.18 0.07 0.04 0.08 0.10 0.09 0.36 0.21 0.26 0.48 0.42 0.34 0.03 0.03 0.04 0.10 0.05 0.09 0.08 0.09 0.02 0.01 0.01 0.03 0.01 0.08
1.71 0.01 0.01 0.02 0.01 0.01 0.01 0.01 0.01 0.00 0.01 0.01 0.00 0.01 0.01 0.01 0.01 0.01 0.02 0.02 0.02 0.02 0.02 0.01 0.01 0.01 0.01 0.01 0.01 0.01 0.01 0.01 0.01 0.01 0.01 0.01 0.03 0.04 0.03 0.04 0.15 2.00 0.02 0.03 0.02 0.01 0.00 0.00 0.00 0.01 0.01 0.02 0.02 0.03 0.06 0.09 0.11 0.12 0.07 0.04 0.08 0.11 0.11 0.10 0.17 0.22 0.20 0.23 0.13 0.05 0.04 0.04 0.03 0.04 0.07 0.11 0.09 0.06 0.03 0.02 0.02 0.01 0.01 0.01
1.71 0.01 0.01 0.01 0.01 0.01 0.01 0.01 0.01 0.01 0.01 0.01 0.01 0.01 0.01 0.01 0.01 0.01 0.01 0.01 0.01 0.01 0.01 0.01 0.01 0.01 0.01 0.01 0.01 0.02 0.01 0.01 0.01 0.01 0.01 0.01 0.02 0.03 0.02 0.03 0.32 2.31 0.02 0.01 0.02 0.00 0.00 0.01 0.01 0.02 0.02 0.03 0.02 0.09 0.09 0.08 0.08 0.08 0.12 0.11 0.10 0.10 0.11 0.08 0.10 0.23 0.01 0.24 0.02 0.04 0.03 0.03 0.02 0.06 0.10 0.09 0.04 0.07 0.05 0.02 0.02 0.01 0.01 0.01
1.68 0.02 0.01 3.08 3.11 0.01 0.01 0.01 0.01 0.01 0.01 0.01 0.01 0.02 0.01 0.00 0.01 0.01 0.01 0.01 0.01 0.01 0.01 0.01 0.00 0.00 0.01 0.01 0.02 0.01 0.01 0.01 0.01 0.01 0.01 0.02 0.03 0.06 0.01 1.94 1.40 1.96 0.01 0.01 0.01 0.00 0.01 0.03 0.03 0.02 0.02 0.09 0.14 0.12 0.10 0.06 0.05 0.07 0.07 0.12 0.11 0.09 0.08 0.07 0.07 0.14 0.12 0.40 0.04 0.05 0.03 0.02 0.03 0.09 0.06 0.05 0.04 0.07 0.01 0.01 0.02 0.01 0.01 0.01
1.60 1.31 3.16 3.05 3.14 0.01 0.01 0.01 0.01 0.01 0.02 0.01 0.01 0.04 0.01 0.02 0.01 0.01 0.01 0.01 0.01 0.01 0.01 0.01 0.01 0.01 0.01 0.01 0.02 0.02 0.01 0.01 0.01 0.02 1.62 2.10 2.18 2.48 2.37 2.21 0.02 0.01 0.01 0.01 0.01 0.01 0.01 0.02 0.03 0.03 0.09 0.08 0.08 0.08 0.06 0.08 0.08 0.07 0.06 0.07 0.09 0.08 0.08 0.06 0.06 0.12 0.34 0.42 0.08 0.06 0.01 0.02 0.04 0.09 0.02 0.08 0.07 0.02 0.01 0.01 0.01 0.01 0.01 0.01
0.02 0.02 0.04 0.01 3.07 2.97 2.87 0.01 0.01 0.01 0.01 0.01 0.01 0.03 0.04 0.02 0.00 0.01 0.01 0.01 0.01 0.01 0.01 0.01 0.01 0.01 0.01 0.02 0.02 0.02 0.01 0.01 1.31 1.44 1.47 0.01 0.01 0.01 0.02 0.02 0.01 0.01 0.01 0.00 0.01 0.01 0.01 0.03 0.08 0.14 0.11 0.09 0.07 0.04 0.04 0.04 0.04 0.04 0.06 0.06 0.07 0.06 0.05 0.06 0.06 0.07 0.16 0.15 0.08 0.09 0.02 0.02 0.04 0.08 0.04 0.17 0.01 0.02 0.01 0.01 0.01 0.01 0.03 0.04
0.02 0.02 0.03 0.03 0.02 0.01 2.74 0.03 0.01 0.01 0.01 0.02 0.01 0.02 0.01 0.01 0.01 0.01 0.01 0.02 0.01 0.01 0.01 0.01 0.01 0.01 0.01 0.06 0.03 0.03 1.35 1.35 1.34 0.01 0.02 0.01 0.01 0.01 0.02 0.02 0.01 0.01 0.00 0.01 0.01 0.05 0.11 0.09 0.07 0.07 0.08 0.06 0.03 0.06 0.05 0.03 0.03 0.05 0.07 0.05 0.05 0.06 0.05 0.05 0.04 0.04 0.05 0.27 0.24 0.25 0.20 0.03 0.05 0.07 0.02 0.11 0.01 0.02 0.01 0.01 0.01 0.04 0.02 0.02
0.02 0.02 0.02 0.02 0.02 0.01 2.57 0.01 0.04 0.01 0.01 0.02 0.01 0.02 0.02 0.01 0.02 0.01 0.01 0.01 0.01 0.01 0.01 0.01 0.01 0.01 0.03 0.00 0.00 1.79 1.68 0.01 0.01 0.01 0.02 0.01 0.01 0.01 0.01 0.01 0.00 0.00 0.01 0.04 0.07 0.09 0.08 0.05 0.04 0.04 0.07 0.05 0.06 0.05 0.03 0.03 0.02 0.08 0.06 0.05 0.06 0.06 0.06 0.05 0.04 0.03 0.05 0.05 0.07 0.10 0.09 0.07 0.06 0.06 0.05 0.16 0.13 0.01 0.00 0.01 0.04 0.01 0.06 0.03
0.02 0.02 0.02 0.02 0.02 0.01 2.37 2.08 1.60 2.07 1.76 1.07 1.85 1.20 0.01 0.01 0.01 0.01 0.01 0.01 0.01 0.01 0.01 0.01 0.02 0.02 0.11 0.05 2.26 1.82 0.01 0.01 0.01 0.01 0.01 0.01 0.01 0.01 0.01 0.01 0.00 0.03 0.08 0.06 0.06 0.05 0.05 0.04 0.05 0.05 0.05 0.07 0.06 0.03 0.03 0.07 0.24 0.17 0.05 0.05 0.05 0.06 0.05 0.03 0.03 0.03 0.07 0.06 0.07 0.07 0.06 0.06 0.06 0.04 0.05 0.03 0.17 0.16 0.13 0.01 0.00 0.05 0.04 0.11
0.02 0.02 0.02 0.02 0.02 0.02 0.01 0.03 0.00 0.01 0.01 0.08 1.96 2.08 1.92 1.72 0.01 0.01 0.02 0.01 0.01 0.01 0.03 0.03 0.05 0.07 0.08 0.05 2.55 0.01 0.01 0.01 0.01 0.00 0.01 0.01 0.01 0.00 0.00 0.00 0.04 0.05 0.05 0.04 0.04 0.05 0.05 0.04 0.05 0.06 0.05 0.03 0.03 0.03 0.08 0.06 0.16 0.03 0.05 0.06 0.06 0.07 0.03 0.03 0.04 0.03 0.07 0.08 0.07 0.06 0.06 0.08 0.08 0.01 0.02 0.02 0.02 0.03 0.01 0.01 0.03 0.10 0.01 0.08
0.01 0.02 0.01 0.02 0.02 0.02 0.01 0.02 0.00 0.01 0.01 0.01 0.24 0.07 0.36 1.26 1.02 1.13 1.20 0.01 0.01 0.02 0.04 0.00 0.01 0.01 0.01 0.07 2.77 0.77 0.01 0.01 0.00 0.00 0.01 0.01 0.01 0.01 0.01 0.04 0.07 0.07 0.06 0.05 0.04 0.04 0.04 0.05 0.05 0.05 0.04 0.03 0.03 0.02 0.03 0.04 0.04 0.03 0.07 0.05 0.05 0.06 0.04 0.04 0.04 0.03 0.11 0.08 0.04 0.06 0.09 0.08 0.04 0.02 0.03 0.02 0.03 0.03 0.02 0.01 0.03 0.03 0.02 0.07
0.01 0.01 0.01 0.01 0.01 0.01 0.02 0.02 0.04 0.05 0.03 0.27 0.31 0.01 0.02 0.01 0.02 0.01 1.21 1.40 0.01 0.01 0.02 0.01 0.00 0.00 0.01 0.72 2.94 0.02 0.01 0.00 0.00 0.00 0.00 0.04 0.06 0.07 0.07 0.09 0.06 0.04 0.04 0.04 0.03 0.04 0.06 0.05 0.04 0.03 0.03 0.02 0.02 0.02 0.03 0.04 0.04 0.04 0.04 0.05 0.04 0.05 0.11 0.05 0.10 0.20 0.21 0.00 0.01 0.10 0.06 0.04 0.02 0.02 0.03 0.03 0.03 0.04 0.05 0.04 0.03 0.05 0.06 0.04
0.01 0.01 0.01 0.01 0.01 0.01 0.01 0.01 0.03 0.03 0.02 0.26 0.15 0.01 0.02 0.01 0.01 0.02 0.03 1.66 1.70 0.00 0.00 0.01 0.00 0.01 0.00 1.22 1.34 0.01 0.01 0.01 0.01 0.01 0.03 0.04 0.03 0.04 0.03 0.04 0.02 0.03 0.02 0.03 0.03 0.03 0.04 0.03 0.03 0.03 0.02 0.02 0.02 0.02 0.03 0.04 0.03 0.04 0.04 0.05 0.06 0.05 0.08 0.10 0.16 0.07 0.04 0.07 0.13 0.12 0.01 0.03 0.02 0.02 0.02 0.04 0.04 0.04 0.03 0.02 0.02 0.03 0.03 0.03
0.00 0.01 0.01 0.01 0.01 0.01 0.01 0.01 0.08 0.25 0.29 0.33 0.02 0.01 0.02 0.01 0.02 0.02 0.02 0.02 1.83 2.09 1.96 1.75 1.32 1.28 1.33 1.31 0.02 0.02 0.02 0.01 0.00 0.02 0.03 0.03 0.03 0.02 0.02 0.03 0.03 0.02 0.02 0.03 0.03 0.03 0.03 0.03 0.02 0.02 0.02 0.02 0.02 0.02 0.03 0.04 0.04 0.04 0.05 0.07 0.06 0.07 0.07 0.09 0.11 0.01 0.06 0.06 0.04 0.05 0.01 0.02 0.02 0.02 0.04 0.06 0.05 0.03 0.02 0.02 0.02 0.02 0.03 0.01
0.01 0.01 0.01 0.01 0.01 0.01 0.01 0.35 0.23 0.22 0.09 0.01 0.01 0.02 0.02 0.02 0.02 0.02 0.02 0.02 0.03 0.05 0.01 0.01 0.01 0.02 0.02 0.05 0.02 0.01 0.01 0.01 0.01 0.02 0.02 0.03 0.03 0.02 0.02 0.02 0.03 0.02 0.03 0.02 0.03 0.02 0.02 0.02 0.02 0.02 0.02 0.02 0.02 0.03 0.03 0.04 0.05 0.05 0.05 0.09 0.06 0.07 0.07 0.05 0.06 0.08 0.07 0.04 0.03 0.02 0.02 0.02 0.03 0.02 0.06 0.10 0.01 0.01 0.01 0.01 0.01 0.01 0.02 0.02
0.01 0.01 0.01 0.01 0.01 0.14 0.35 0.39 0.01 0.01 0.01 0.01 0.01 0.02 0.03 0.07 0.03 0.03 0.02 0.02 0.03 0.06 0.01 0.01 0.01 0.02 0.02 0.03 0.01 0.01 0.01 0.01 0.02 0.03 0.02 0.02 0.03 0.02 0.02 0.02 0.02 0.02 0.02 0.02 0.03 0.02 0.03 0.02 0.01 0.01 0.01 0.02 0.03 0.05 0.05 0.05 0.07 0.09 0.06 0.08 0.07 0.07 0.05 0.05 0.10 0.03 0.04 0.01 0.01 0.01 0.02 0.03 0.03 0.02 0.11 0.01 0.01 0.01 0.01 0.01 0.01 0.01 0.01 0.03
