NEW_versions/S_Waiehu/Scripts/Results/S_Waiehu_50m/MaxFloodMaps/S_Waiehu_50m_1.6.asc
NCOLS 296
NROWS 126
XLLCENTER 753498.390000
YLLCENTER 2312278.410000
CELLSIZE 25.000000
NODATA_value -99999.000000
[rows 76 to 113 of 126, columns 0 to 83 of 296]
0.00 0.00 0.00 0.00 0.00 0.00 0.00 0.00 0.00 0.00 0.00 0.00 0.00 0.00 0.00 0.00 0.00 0.00 0.00 0.00 0.00 0.00 0.00 0.00 0.00 0.00 0.00 0.00 0.00 0.00 0.00 0.00 0.01 0.01 0.01 0.02 0.02 0.02 0.08 0.35 0.49 0.02 0.01 0.02 0.01 0.01 0.01 0.02 0.02 0.02 0.02 0.03 0.02 0.02 0.02 0.03 0.05 0.02 0.02 0.02 0.02 0.01 0.02 0.01 0.01 0.01 0.00 0.01 0.00 0.01 0.01 0.01 0.01 0.01 0.01 0.02 0.01 0.01 0.01 0.01 0.01 0.02 0.02 0.02
0.00 0.00 0.00 0.00 0.00 0.00 0.00 0.00 0.00 0.00 0.00 0.00 0.00 0.00 0.00 0.00 0.00 0.00 0.00 0.00 0.00 0.00 0.00 0.00 0.00 0.00 0.00 0.00 0.00 0.00 0.00 0.00 0.01 0.01 0.01 0.01 0.02 0.02 0.06 0.37 0.32 0.02 0.01 0.01 0.01 0.01 0.01 0.01 0.02 0.02 0.02 0.03 0.02 0.02 0.02 0.02 0.04 0.02 0.02 0.02 0.01 0.01 0.02 0.01 0.01 0.00 0.01 0.01 0.01 0.01 0.01 0.01 0.01 0.01 0.01 0.02 0.01 0.01 0.01 0.01 0.01 0.02 0.02 0.02
0.00 0.00 0.00 0.00 0.00 0.00 0.00 0.00 0.00 0.00 0.00 0.00 0.00 0.00 0.00 0.00 0.00 0.00 0.00 0.00 0.00 0.00 0.00 0.00 0.00 0.00 0.00 0.00 0.00 0.00 0.00 0.00 0.01 0.01 0.01 0.02 0.02 0.02 0.09 0.31 0.20 0.01 0.01 0.01 0.01 0.02 0.01 0.01 0.02 0.02 0.02 0.02 0.02 0.02 0.02 0.02 0.02 0.02 0.01 0.01 0.01 0.01 0.01 0.00 0.00 0.01 0.01 0.01 0.01 0.01 0.01 0.02 0.01 0.01 0.03 0.02 0.01 0.01 0.01 0.01 0.02 0.02 0.02 0.02
0.00 0.00 0.00 0.00 0.00 0.00 0.00 0.00 0.00 0.00 0.00 0.00 0.00 0.00 0.00 0.00 0.00 0.00 0.00 0.00 0.00 0.00 0.00 0.00 0.00 0.00 0.00 0.00 0.00 0.00 0.00 0.00 0.01 0.01 0.02 0.02 0.02 0.02 0.17 0.35 0.03 0.01 0.01 0.01 0.01 0.01 0.02 0.02 0.02 0.02 0.02 0.02 0.02 0.02 0.02 0.02 0.01 0.01 0.01 0.01 0.01 0.01 0.01 0.01 0.01 0.01 0.01 0.02 0.02 0.01 0.01 0.02 0.02 0.02 0.03 0.03 0.01 0.01 0.01 0.02 0.02 0.02 0.02 0.02
0.00 0.00 0.00 0.00 0.00 0.00 0.00 0.00 0.00 0.00 0.00 0.00 0.00 0.00 0.00 0.00 0.00 0.00 0.00 0.00 0.00 0.00 0.00 0.00 0.00 0.00 0.00 0.00 0.00 0.00 0.00 0.00 0.01 0.01 0.01 0.02 0.01 0.08 0.27 0.29 0.02 0.01 0.01 0.01 0.01 0.01 0.01 0.02 0.02 0.02 0.02 0.02 0.02 0.02 0.02 0.01 0.01 0.01 0.01 0.01 0.01 0.00 0.01 0.01 0.01 0.01 0.02 0.02 0.02 0.02 0.02 0.02 0.02 0.03 0.03 0.02 0.01 0.01 0.01 0.02 0.02 0.02 0.02 0.02
0.00 0.00 0.00 0.00 0.00 0.00 0.00 0.00 0.00 0.00 0.00 0.00 0.00 0.00 0.00 0.00 0.00 0.00 0.00 0.00 0.00 0.00 0.00 0.00 0.00 0.00 0.00 0.00 0.00 0.00 0.00 0.00 0.01 0.01 0.01 0.01 0.01 0.14 0.49 0.03 0.02 0.01 0.01 0.01 0.01 0.01 0.01 0.01 0.01 0.02 0.02 0.01 0.01 0.01 0.01 0.01 0.01 0.01 0.01 0.00 0.01 0.01 0.01 0.01 0.01 0.01 0.02 0.02 0.02 0.02 0.02 0.02 0.02 0.03 0.04 0.02 0.01 0.01 0.02 0.02 0.02 0.02 0.02 0.03
0.00 0.00 0.00 0.00 0.00 0.00 0.00 0.00 0.00 0.00 0.00 0.00 0.00 0.00 0.00 0.00 0.00 0.00 0.00 0.00 0.00 0.00 0.00 0.00 0.00 0.00 0.00 0.00 0.00 0.00 0.00 0.01 0.01 0.01 0.01 0.01 0.01 0.24 0.23 0.02 0.02 0.01 0.01 0.01 0.01 0.01 0.01 0.01 0.01 0.01 0.01 0.01 0.01 0.01 0.01 0.00 0.00 0.01 0.01 0.01 0.01 0.01 0.01 0.01 0.02 0.02 0.02 0.02 0.02 0.02 0.03 0.03 0.02 0.03 0.06 0.02 0.01 0.01 0.02 0.02 0.03 0.02 0.02 0.02
0.00 0.00 0.00 0.00 0.00 0.00 0.00 0.00 0.00 0.00 0.00 0.00 0.00 0.00 0.00 0.00 0.00 0.00 0.00 0.00 0.00 0.00 0.00 0.00 0.00 0.00 0.00 0.00 0.00 0.00 0.00 0.01 0.01 0.02 0.02 0.02 0.12 0.40 0.04 0.01 0.01 0.01 0.01 0.01 0.01 0.01 0.01 0.01 0.01 0.01 0.01 0.00 0.00 0.00 0.01 0.01 0.01 0.01 0.01 0.01 0.01 0.01 0.01 0.01 0.02 0.02 0.02 0.02 0.02 0.02 0.03 0.03 0.03 0.03 0.07 0.02 0.01 0.01 0.02 0.03 0.02 0.02 0.02 0.02
0.00 0.00 0.00 0.00 0.00 0.00 0.00 0.00 0.00 0.00 0.00 0.00 0.00 0.00 0.00 0.00 0.00 0.00 0.00 0.00 0.00 0.00 0.00 0.00 0.00 0.00 0.00 0.00 0.00 0.00 0.00 0.01 0.01 0.02 0.02 0.02 0.24 0.27 0.01 0.02 0.01 0.01 0.01 0.00 0.00 0.01 0.01 0.01 0.01 0.01 0.01 0.01 0.01 0.01 0.01 0.01 0.01 0.01 0.02 0.01 0.01 0.01 0.01 0.01 0.01 0.02 0.02 0.02 0.02 0.03 0.03 0.03 0.03 0.03 0.07 0.02 0.01 0.01 0.02 0.03 0.03 0.02 0.01 0.02
0.00 0.00 0.00 0.00 0.00 0.00 0.00 0.00 0.00 0.00 0.00 0.00 0.00 0.00 0.00 0.00 0.00 0.00 0.00 0.00 0.00 0.00 0.00 0.00 0.00 0.00 0.00 0.00 0.00 0.00 0.00 0.01 0.01 0.01 0.01 0.01 0.23 0.23 0.01 0.01 0.01 0.01 0.00 0.01 0.01 0.01 0.01 0.01 0.01 0.01 0.01 0.01 0.01 0.01 0.01 0.01 0.01 0.01 0.02 0.02 0.02 0.01 0.01 0.01 0.02 0.02 0.02 0.02 0.02 0.03 0.04 0.03 0.03 0.04 0.07 0.06 0.01 0.01 0.02 0.04 0.04 0.03 0.03 0.01
0.00 0.00 0.00 0.00 0.00 0.00 0.00 0.00 0.00 0.00 0.00 0.00 0.00 0.00 0.00 0.00 0.00 0.00 0.00 0.00 0.00 0.00 0.00 0.00 0.00 0.00 0.00 0.00 0.00 0.00 0.00 0.00 0.01 0.01 0.01 0.01 0.33 0.02 0.01 0.01 0.01 0.00 0.00 0.01 0.01 0.01 0.02 0.02 0.02 0.02 0.02 0.01 0.01 0.01 0.01 0.02 0.02 0.01 0.01 0.01 0.01 0.01 0.02 0.02 0.02 0.02 0.02 0.02 0.02 0.04 0.05 0.04 0.04 0.06 0.07 0.08 0.03 0.01 0.02 0.04 0.04 0.04 0.03 0.02
0.00 0.00 0.00 0.00 0.00 0.00 0.00 0.00 0.00 0.00 0.00 0.00 0.00 0.00 0.00 0.00 0.00 0.00 0.00 0.00 0.00 0.00 0.00 0.00 0.00 0.00 0.00 0.00 0.00 0.00 0.01 0.01 0.01 0.01 0.01 0.40 0.37 0.01 0.01 0.01 0.01 0.01 0.01 0.01 0.01 0.01 0.02 0.02 0.02 0.02 0.02 0.02 0.02 0.02 0.02 0.02 0.02 0.02 0.02 0.02 0.01 0.01 0.02 0.02 0.02 0.02 0.02 0.02 0.03 0.04 0.05 0.04 0.04 0.05 0.06 0.07 2.27 1.98 1.29 1.39 1.63 1.54 1.81 1.53
0.00 0.00 0.00 0.00 0.00 0.00 0.00 0.00 0.00 0.00 0.00 0.00 0.00 0.00 0.00 0.00 0.00 0.00 0.00 0.00 0.00 0.00 0.00 0.00 0.00 0.00 0.00 0.00 0.00 0.00 0.01 0.01 0.01 0.21 0.37 0.40 0.02 0.01 0.01 0.00 0.01 0.01 0.01 0.01 0.01 0.02 0.02 0.02 0.02 0.02 0.02 0.02 0.02 0.03 0.02 0.02 0.02 0.02 0.02 0.03 0.01 0.01 0.02 0.02 0.02 0.02 0.03 0.03 0.03 0.04 0.06 0.05 0.05 1.33 2.55 2.50 2.42 0.03 0.01 0.02 0.09 0.08 0.09 0.02
0.00 0.00 0.00 0.00 0.00 0.00 0.00 0.00 0.00 0.00 0.00 0.00 0.00 0.00 0.00 0.00 0.00 0.00 0.00 0.00 0.00 0.00 0.00 0.00 0.00 0.00 0.00 0.00 0.00 0.01 0.01 0.39 0.40 0.26 0.19 0.09 0.01 0.01 0.01 0.00 0.01 0.01 0.01 0.01 0.01 0.01 0.02 0.02 0.02 0.02 0.02 0.02 0.02 0.03 0.02 0.02 0.02 0.02 0.04 0.07 0.01 0.02 0.02 0.02 0.03 0.03 0.03 0.03 0.03 0.04 1.89 0.96 0.97 1.21 0.02 0.02 0.02 0.02 0.01 0.02 0.03 0.10 0.06 0.02
0.00 0.00 0.00 0.00 0.00 0.00 0.00 0.00 0.00 0.00 0.00 0.00 0.00 0.00 0.00 0.00 0.00 0.00 0.00 0.00 0.00 0.00 0.00 0.00 0.00 0.00 0.00 0.00 0.00 0.01 0.01 0.39 0.02 0.01 0.02 0.02 0.01 0.01 0.00 0.01 0.01 0.01 0.01 0.01 0.02 0.02 0.02 0.02 0.02 0.02 0.02 0.02 0.02 0.02 0.02 0.03 0.03 0.03 0.05 0.13 0.06 0.04 0.03 0.03 0.03 0.03 0.03 0.03 0.03 2.58 2.31 0.02 0.02 0.02 0.02 0.02 0.01 0.01 0.01 0.02 0.03 0.09 0.07 0.01
0.00 0.00 0.00 0.00 0.00 0.00 0.00 0.00 0.00 0.00 0.00 0.00 0.00 0.00 0.00 0.00 0.00 0.00 0.00 0.00 0.00 0.00 0.00 0.00 0.00 0.00 0.00 0.00 0.01 0.01 0.42 0.43 0.01 0.01 0.01 0.02 0.01 0.00 0.01 0.01 0.01 0.01 0.02 0.02 0.02 0.02 0.02 0.02 0.02 0.03 0.03 0.02 0.02 0.02 0.02 0.02 0.02 0.04 0.03 0.02 0.06 0.06 0.04 0.04 0.03 0.04 0.03 0.02 0.98 2.62 0.02 0.01 0.01 0.02 0.02 0.02 0.02 0.02 0.02 0.03 0.05 0.10 0.04 0.01
0.00 0.00 0.00 0.00 0.00 0.00 0.00 0.00 0.00 0.00 0.00 0.00 0.00 0.00 0.00 0.00 0.00 0.00 0.00 0.00 0.00 0.00 0.00 0.00 0.00 0.01 0.01 0.01 0.01 0.85 0.42 0.02 0.01 0.01 0.01 0.01 0.01 0.01 0.01 0.01 0.01 0.02 0.02 0.02 0.02 0.02 0.02 0.02 0.02 0.02 0.03 0.03 0.03 0.02 0.02 0.02 0.02 0.03 0.03 0.02 0.02 0.03 0.03 0.03 0.04 0.03 0.02 1.86 1.65 0.01 0.01 0.01 0.01 0.02 0.03 0.03 0.02 0.02 0.02 0.03 0.05 0.11 0.02 0.01
0.00 0.00 0.00 0.00 0.00 0.00 0.00 0.00 0.00 0.00 0.00 0.00 0.00 0.00 0.00 0.00 0.00 0.00 0.00 0.00 0.00 0.00 0.00 0.00 0.01 0.01 0.25 0.29 0.37 0.38 0.02 0.01 0.01 0.01 0.01 0.00 0.00 0.01 0.01 0.01 0.01 0.02 0.02 0.02 0.02 0.02 0.03 0.02 0.02 0.02 0.02 0.02 0.02 0.02 0.02 0.02 0.02 0.03 0.03 0.03 0.02 0.03 0.03 0.02 0.02 0.02 1.97 1.94 0.02 0.02 0.01 0.01 0.01 0.02 0.02 0.03 0.02 0.02 0.02 0.03 0.06 0.10 0.02 0.02
0.00 0.00 0.00 0.00 0.00 0.00 0.00 0.00 0.00 0.00 0.00 0.00 0.00 0.00 0.00 0.00 0.00 0.00 0.00 0.00 0.00 0.00 0.00 0.01 0.02 0.17 0.36 0.01 0.02 0.02 0.01 0.01 0.01 0.01 0.00 0.01 0.01 0.01 0.01 0.02 0.02 0.02 0.02 0.03 0.02 0.03 0.02 0.03 0.02 0.02 0.02 0.02 0.02 0.02 0.02 0.02 0.03 0.03 0.03 0.03 0.03 0.04 0.02 1.80 1.96 1.97 1.97 0.02 0.02 0.02 0.02 0.01 0.01 0.01 0.03 0.03 0.02 0.02 0.02 0.03 0.04 0.13 0.02 0.02
0.00 0.00 0.00 0.00 0.00 0.00 0.00 0.00 0.00 0.00 0.00 0.00 0.00 0.00 0.00 0.00 0.00 0.00 0.00 0.00 0.00 0.00 0.00 0.01 0.01 0.13 0.42 0.01 0.01 0.02 0.01 0.01 0.01 0.01 0.01 0.01 0.01 0.01 0.01 0.02 0.02 0.02 0.03 0.03 0.03 0.04 0.04 0.03 0.03 0.02 0.02 0.03 0.02 0.02 0.02 0.03 0.03 0.03 0.04 0.04 0.04 0.04 0.02 1.70 0.75 0.06 0.02 0.03 0.03 0.02 0.02 0.02 0.01 0.01 0.01 0.05 0.01 0.01 0.02 0.03 0.06 0.14 0.02 0.02
0.00 0.00 0.00 0.00 0.00 0.00 0.00 0.00 0.00 0.00 0.00 0.00 0.00 0.00 0.00 0.00 0.00 0.00 0.00 0.00 0.00 0.00 0.01 0.01 0.01 0.21 0.35 0.01 0.01 0.01 0.01 0.00 0.01 0.01 0.01 0.01 0.01 0.01 0.02 0.02 0.02 0.03 0.03 0.03 0.03 0.03 0.04 0.04 0.03 0.04 0.05 0.01 0.01 0.02 0.02 0.02 0.03 0.03 0.04 0.04 0.04 0.04 0.03 1.94 0.05 0.02 0.03 0.03 0.02 0.02 0.02 0.02 0.01 0.01 0.01 0.04 0.02 0.01 0.02 0.04 0.08 0.10 0.02 0.02
0.00 0.00 0.00 0.00 0.00 0.00 0.00 0.00 0.00 0.00 0.00 0.00 0.00 0.00 0.00 0.00 0.00 0.00 0.00 0.00 0.00 0.00 0.01 0.01 0.21 0.55 0.02 0.01 0.01 0.01 0.01 0.01 0.01 0.01 0.01 0.01 0.01 0.01 0.02 0.03 0.04 0.04 0.05 0.07 0.08 0.08 0.10 0.13 0.11 0.17 0.20 0.08 0.05 0.04 0.04 0.05 0.04 0.04 0.05 0.04 0.04 0.03 0.03 2.05 0.03 0.03 0.03 0.03 0.02 0.02 0.02 0.02 0.01 0.01 0.01 0.04 0.01 0.01 0.02 0.05 0.07 0.09 0.02 0.01
0.00 0.00 0.00 0.00 0.00 0.00 0.00 0.00 0.00 0.00 0.00 0.00 0.00 0.00 0.00 0.00 0.00 0.00 0.00 0.00 0.01 0.01 0.01 0.33 0.23 0.15 0.01 0.01 0.01 0.01 0.01 0.01 0.02 0.01 0.01 0.01 0.01 0.02 0.02 0.03 0.05 0.06 0.04 0.03 0.03 0.02 0.01 0.01 0.01 0.01 0.06 0.06 0.06 0.06 0.09 0.14 0.15 0.12 0.10 0.06 0.04 0.03 2.12 2.10 0.04 0.04 0.03 0.03 0.02 0.02 0.02 0.02 0.01 0.01 0.01 0.03 0.01 0.02 0.03 0.07 0.04 0.09 0.02 0.01
0.00 0.00 0.00 0.00 0.00 0.00 0.00 0.00 0.00 0.00 0.00 0.00 0.00 0.00 0.00 0.00 0.00 0.00 0.00 0.01 0.01 0.25 0.52 0.34 0.02 0.01 0.01 0.01 0.01 0.01 0.02 0.03 0.04 0.05 0.06 0.06 0.05 0.05 0.04 0.05 0.04 0.03 0.03 0.03 0.03 0.02 0.02 0.01 0.01 0.01 0.03 0.06 0.07 0.07 0.10 0.13 0.22 0.30 0.25 0.15 1.45 1.51 1.67 0.03 0.04 0.04 0.03 0.03 0.03 0.02 0.02 0.02 0.02 0.01 0.01 0.03 0.01 0.02 0.04 0.06 0.02 0.08 0.02 0.01
0.00 0.00 0.00 0.00 0.00 0.00 0.00 0.00 0.00 0.00 0.00 0.00 0.00 0.00 0.00 0.00 0.00 0.00 0.00 0.01 0.34 0.30 0.11 0.02 0.01 0.01 0.01 0.01 0.01 0.01 0.01 0.01 0.02 0.02 0.02 0.01 0.01 0.01 0.02 0.02 0.01 0.02 0.04 0.06 0.05 0.05 0.04 0.04 0.02 0.02 0.03 0.05 0.13 0.18 0.17 0.17 0.16 0.13 0.27 1.44 1.34 0.04 0.03 0.04 0.04 0.04 0.04 0.03 0.03 0.02 0.02 0.02 0.02 0.01 0.01 0.02 0.01 0.04 0.04 0.04 0.03 0.07 0.03 0.01
0.00 0.00 0.00 0.00 0.00 0.00 0.00 0.00 0.00 0.00 0.00 0.00 0.00 0.00 0.00 0.00 0.00 0.00 0.01 0.03 0.34 0.02 0.01 0.01 0.01 0.01 0.01 0.01 0.01 0.01 0.01 0.01 0.01 0.01 0.01 0.01 0.01 0.01 0.02 0.02 0.02 0.02 0.03 0.03 0.05 0.08 0.15 0.30 0.16 0.13 0.16 0.25 0.24 0.21 0.17 0.15 0.13 0.12 0.16 0.26 0.05 0.03 0.03 0.04 0.03 0.03 0.04 0.03 0.03 0.03 0.02 0.02 0.02 0.01 0.01 0.01 0.01 0.06 0.04 0.03 0.02 0.07 0.04 0.01
0.00 0.00 0.00 0.00 0.00 0.00 0.00 0.00 0.00 0.00 0.00 0.00 0.00 0.00 0.00 0.00 0.01 0.01 0.01 0.01 0.43 0.02 0.01 0.01 0.01 0.01 0.00 0.00 0.01 0.01 0.01 0.01 0.01 0.01 0.01 0.01 0.01 0.01 0.02 0.02 0.03 0.03 0.03 0.03 0.03 0.04 0.10 0.13 0.17 0.21 0.20 0.20 0.17 0.14 0.12 0.09 0.07 0.06 0.07 0.16 0.07 0.03 0.03 0.04 0.03 0.03 0.03 0.03 0.03 0.03 0.03 0.02 0.02 0.01 0.01 0.01 0.02 0.09 0.01 0.02 0.02 0.06 0.05 0.01
0.00 0.00 0.00 0.00 0.00 0.00 0.00 0.00 0.00 0.00 0.00 0.00 0.00 0.00 0.00 0.01 0.01 0.01 0.01 0.30 0.25 0.01 0.01 0.01 0.01 0.00 0.01 0.01 0.01 0.01 0.01 0.01 0.01 0.01 0.01 0.01 0.01 0.01 0.02 0.02 0.01 0.02 0.03 0.03 0.05 0.08 0.10 0.11 0.10 0.10 0.10 0.10 0.12 0.10 0.07 0.05 0.04 0.04 0.04 0.15 0.11 0.03 0.03 0.04 0.04 0.03 0.03 0.04 0.03 0.03 0.03 0.03 0.02 0.01 0.01 0.01 0.02 0.07 0.02 0.02 0.01 0.03 0.03 0.02
0.00 0.00 0.00 0.00 0.00 0.00 0.00 0.00 0.00 0.00 0.00 0.00 0.00 0.00 0.00 0.00 0.01 0.01 0.01 0.29 0.02 0.01 0.01 0.00 0.00 0.01 0.01 0.01 0.01 0.01 0.01 0.02 0.01 0.01 0.01 0.01 0.05 0.05 0.05 0.05 0.04 0.02 0.06 0.09 0.08 0.10 0.10 0.10 0.08 0.09 0.09 0.10 0.08 0.08 0.05 0.04 0.03 0.03 0.04 0.11 0.15 0.03 0.03 0.03 0.04 0.03 0.03 0.03 0.03 0.04 0.03 0.02 0.02 0.02 0.01 0.01 0.02 0.05 0.03 0.01 0.02 0.03 0.03 0.02
0.00 0.00 0.00 0.00 0.00 0.00 0.00 0.00 0.00 0.00 0.00 0.00 0.00 0.01 0.01 0.01 0.01 0.01 0.32 0.32 0.01 0.01 0.01 0.00 0.01 0.01 0.01 0.01 0.01 0.01 0.02 0.02 0.23 0.25 0.19 0.18 0.14 0.14 0.11 0.17 0.19 0.16 0.13 0.11 0.08 0.06 0.07 0.08 0.07 0.08 0.10 0.11 0.06 0.05 0.04 0.03 0.03 0.05 0.04 0.05 0.18 0.03 0.03 0.02 0.03 0.03 0.03 0.04 0.03 0.03 0.03 0.02 0.02 0.02 0.01 0.01 0.01 0.04 0.03 0.01 0.02 0.03 0.02 0.02
0.00 0.00 0.00 0.00 0.00 0.00 0.00 0.00 0.00 0.00 0.00 0.01 0.01 0.01 0.01 0.02 0.02 0.30 0.30 0.01 0.01 0.01 0.00 0.01 0.01 0.01 0.01 0.01 0.02 0.02 0.02 0.22 0.29 0.01 0.01 0.01 0.01 0.01 0.02 0.03 0.02 0.02 0.02 0.03 0.03 0.09 0.10 0.09 0.07 0.10 0.12 0.12 0.02 0.03 0.03 0.03 0.04 0.05 0.03 0.04 0.20 0.03 0.02 0.02 0.02 0.02 0.03 0.05 0.03 0.03 0.03 0.03 0.02 0.02 0.01 0.01 0.01 0.03 0.04 0.01 0.02 0.03 0.01 0.01
0.00 0.00 0.00 0.00 0.00 0.00 0.00 0.00 0.00 0.01 0.01 0.01 0.01 0.01 0.01 0.01 0.31 0.29 0.01 0.01 0.01 0.01 0.00 0.01 0.01 0.01 0.01 0.02 0.02 0.03 0.26 0.25 0.01 0.01 0.01 0.01 0.01 0.02 0.02 0.02 0.02 0.02 0.03 0.03 0.07 0.10 0.11 0.07 0.05 0.06 0.08 0.07 0.03 0.03 0.03 0.03 0.04 0.04 0.03 0.03 0.19 0.03 0.03 0.02 0.02 0.02 0.02 0.05 0.03 0.02 0.03 0.04 0.02 0.02 0.01 0.01 0.01 0.03 0.03 0.01 0.01 0.02 0.01 0.01
0.00 0.00 0.00 0.00 0.00 0.00 0.00 0.00 0.01 0.01 0.01 0.01 0.01 0.01 0.01 0.01 0.31 0.02 0.01 0.01 0.01 0.01 0.01 0.01 0.01 0.01 0.01 0.02 0.02 0.30 0.17 0.01 0.01 0.01 0.01 0.01 0.01 0.01 0.01 0.02 0.02 0.02 0.03 0.05 0.09 0.09 0.08 0.05 0.04 0.03 0.03 0.03 0.03 0.03 0.02 0.02 0.03 0.04 0.02 0.04 0.18 0.03 0.03 0.02 0.03 0.03 0.02 0.03 0.03 0.03 0.03 0.03 0.02 0.02 0.01 0.01 0.01 0.03 0.02 0.01 0.01 0.02 0.00 0.01
0.00 0.00 0.00 0.00 0.00 0.00 0.00 0.01 0.01 0.01 0.01 0.02 0.01 0.02 0.23 0.24 0.25 0.01 0.01 0.01 0.01 0.01 0.01 0.02 0.02 0.02 0.02 0.02 0.19 0.26 0.01 0.01 0.01 0.01 0.01 0.01 0.01 0.01 0.01 0.02 0.03 0.03 0.05 0.09 0.10 0.07 0.05 0.04 0.03 0.02 0.02 0.03 0.02 0.02 0.02 0.02 0.03 0.03 0.02 0.07 0.19 0.03 0.02 0.02 0.03 0.03 0.03 0.03 0.03 0.03 0.03 0.02 0.02 0.02 0.01 0.01 0.02 0.03 0.03 0.01 0.01 0.01 0.00 0.00
0.00 0.00 0.00 0.00 0.00 0.01 0.01 0.01 0.01 0.01 0.01 0.02 0.02 0.03 0.28 0.02 0.02 0.01 0.01 0.01 0.01 0.01 0.01 0.01 0.01 0.02 0.02 0.15 0.17 0.01 0.01 0.01 0.01 0.01 0.01 0.01 0.01 0.01 0.01 0.02 0.04 0.08 0.10 0.11 0.09 0.06 0.03 0.02 0.02 0.02 0.02 0.02 0.02 0.02 0.02 0.03 0.03 0.03 0.03 0.13 0.10 0.03 0.02 0.02 0.03 0.02 0.02 0.03 0.03 0.03 0.02 0.02 0.02 0.02 0.01 0.01 0.02 0.02 0.02 0.01 0.01 0.00 0.00 0.00
0.00 0.00 0.00 0.01 0.01 0.01 0.01 0.01 0.01 0.01 0.01 0.01 0.01 0.26 0.20 0.02 0.02 0.01 0.01 0.01 0.01 0.01 0.01 0.01 0.02 0.02 0.07 0.18 0.02 0.01 0.01 0.01 0.01 0.01 0.01 0.01 0.01 0.01 0.01 0.01 0.04 0.08 0.10 0.11 0.08 0.02 0.02 0.02 0.02 0.02 0.02 0.02 0.02 0.03 0.03 0.03 0.03 0.03 0.04 0.15 0.04 0.03 0.03 0.03 0.02 0.02 0.02 0.03 0.03 0.03 0.02 0.02 0.02 0.02 0.01 0.01 0.02 0.01 0.01 0.01 0.00 0.00 0.00 0.00
0.00 0.00 0.01 0.02 0.03 0.03 0.02 0.04 0.05 0.05 0.03 0.02 0.02 0.48 0.02 0.01 0.01 0.01 0.01 0.01 0.01 0.01 0.01 0.01 0.01 0.09 0.11 0.05 0.01 0.01 0.01 0.01 0.01 0.01 0.01 0.01 0.01 0.01 0.01 0.01 0.08 0.10 0.08 0.05 0.04 0.03 0.02 0.02 0.02 0.02 0.02 0.03 0.03 0.03 0.03 0.03 0.03 0.04 0.08 0.07 0.03 0.04 0.02 0.03 0.02 0.02 0.02 0.02 0.02 0.03 0.02 0.02 0.02 0.02 0.01 0.01 0.01 0.01 0.01 0.00 0.00 0.00 0.00 0.00
0.00 0.01 0.02 0.02 0.01 0.02 0.03 0.04 0.04 0.07 0.20 0.14 0.18 0.19 0.01 0.01 0.01 0.01 0.01 0.02 0.02 0.03 0.03 0.02 0.09 0.08 0.01 0.02 0.01 0.00 0.01 0.01 0.01 0.01 0.01 0.01 0.01 0.02 0.06 0.12 0.13 0.11 0.06 0.03 0.02 0.02 0.02 0.02 0.02 0.02 0.02 0.03 0.03 0.03 0.03 0.03 0.03 0.04 0.10 0.02 0.02 0.04 0.02 0.02 0.02 0.02 0.02 0.02 0.02 0.02 0.02 0.02 0.01 0.01 0.01 0.01 0.01 0.00 0.00 0.00 0.00 0.00 0.00 0.00
