NEW_versions/S_Waiehu/Scripts/Results/S_Waiehu_50m/MaxFloodMaps/S_Waiehu_50m_0.7.asc
NCOLS 296
NROWS 126
XLLCENTER 753498.390000
YLLCENTER 2312278.410000
CELLSIZE 25.000000
NODATA_value -99999.000000
[rows 38 to 75 of 126, columns 168 to 251 of 296]
0.14 0.04 0.05 0.06 0.04 0.03 0.02 0.02 0.02 0.01 0.01 0.01 0.01 0.01 0.01 0.01 0.01 0.01 0.01 0.01 0.01 0.01 0.01 0.01 0.01 0.01 0.01 0.02 0.01 0.01 0.01 0.01 0.01 0.02 0.01 0.01 0.01 0.01 0.04 0.05 0.03 0.02 0.02 0.01 0.01 0.01 0.98 0.01 0.03 0.01 0.00 0.01 0.01 0.01 0.02 0.01 1.73 1.69 0.01 0.00 0.01 0.01 0.02 0.01 0.03 0.04 0.04 0.13 0.15 0.10 0.07 0.06 0.05 0.04 0.03 0.02 0.02 0.16 0.23 0.30 0.18 0.11 0.01 0.01
0.02 0.05 0.04 0.01 0.01 0.01 0.01 0.01 0.01 0.01 0.01 0.01 0.01 0.01 0.01 0.01 0.01 0.01 0.01 0.01 0.01 0.01 0.01 0.01 0.01 0.01 0.03 0.02 0.01 0.01 0.01 0.01 0.01 0.02 0.01 0.01 0.01 0.01 0.01 0.01 0.01 0.01 0.01 0.01 0.01 1.13 0.93 0.00 0.02 0.01 0.01 0.02 0.02 0.02 0.30 1.53 1.58 0.01 0.01 0.01 0.01 0.01 0.01 0.02 0.03 0.06 0.18 0.08 0.05 0.03 0.06 0.04 0.06 0.04 0.04 0.19 0.37 0.35 0.01 0.01 0.01 0.05 0.03 0.01
0.01 0.01 0.00 0.00 0.01 0.01 0.01 0.01 0.01 0.01 0.01 0.01 0.01 0.01 0.01 0.01 0.01 0.01 0.01 0.01 0.01 0.01 0.03 0.00 0.01 0.01 0.06 0.00 0.00 0.00 0.01 0.01 0.02 0.01 0.01 0.01 0.01 0.01 0.01 0.01 0.01 0.01 0.01 1.06 1.07 1.07 0.01 0.01 0.01 0.00 0.01 0.01 0.01 0.03 1.81 1.47 0.01 0.01 0.01 0.01 0.01 0.01 0.01 0.02 0.03 0.03 0.02 0.01 0.01 0.01 0.01 0.02 0.10 0.16 0.17 0.18 0.01 0.01 0.01 0.01 0.01 0.04 0.03 0.03
0.02 0.01 0.01 0.01 0.01 0.02 0.02 0.02 0.01 0.01 0.01 0.01 0.01 0.01 0.01 0.01 0.01 0.01 0.01 0.01 0.01 0.01 0.02 0.01 0.01 0.01 0.01 0.01 0.01 0.00 0.00 0.01 0.01 0.01 0.01 0.01 0.01 0.01 0.01 0.01 1.37 0.90 1.56 1.25 0.01 0.00 0.00 0.01 0.01 0.01 0.01 0.01 0.02 0.06 2.10 0.01 0.01 0.00 0.01 0.01 0.01 0.01 0.01 0.02 0.06 0.00 0.01 0.01 0.01 0.01 0.02 0.02 0.07 0.07 0.01 0.00 0.01 0.03 0.02 0.02 0.08 0.07 0.10 0.10
0.01 0.02 0.01 0.01 0.01 0.01 0.01 0.01 0.02 0.02 0.01 0.01 0.01 0.01 0.01 0.01 0.01 0.01 0.01 0.01 0.01 0.01 0.01 0.01 0.01 0.02 0.02 0.02 0.02 0.02 0.02 0.02 0.01 0.01 0.01 0.02 0.01 0.01 0.01 1.71 1.59 0.01 0.01 0.01 0.01 0.00 0.01 0.01 0.01 0.01 0.01 0.02 0.03 0.09 1.31 0.01 0.01 0.01 0.01 0.01 0.01 0.01 0.01 0.01 0.05 0.00 0.00 0.01 0.01 0.02 0.01 0.01 0.12 0.00 0.01 0.01 0.01 0.03 0.08 0.12 0.12 0.08 0.07 0.07
0.01 0.01 0.01 0.01 0.01 0.01 0.01 0.01 0.02 0.01 0.01 0.01 0.01 0.01 0.01 0.01 0.01 0.01 0.01 0.01 0.01 0.01 0.02 0.02 0.02 0.02 0.02 0.02 0.02 0.02 0.02 0.01 0.01 0.02 0.02 0.02 0.02 0.01 1.84 1.78 0.01 0.01 0.00 0.01 0.01 0.01 0.01 0.01 0.01 0.01 0.02 0.03 0.04 0.28 1.09 0.01 0.01 0.01 0.01 0.01 0.01 0.01 0.01 0.02 0.03 0.03 0.01 0.02 0.04 0.03 0.01 0.01 0.13 0.01 0.01 0.01 0.01 0.03 0.07 0.09 0.08 0.07 0.04 0.06
0.01 0.01 0.01 0.01 0.02 0.01 0.01 0.01 0.00 0.01 0.01 0.01 0.01 0.01 0.01 0.01 0.01 0.01 0.01 0.02 0.02 0.03 0.03 0.03 0.02 0.02 0.04 0.04 0.03 0.03 0.02 0.02 0.02 0.02 0.02 0.02 0.49 0.96 1.87 0.01 0.01 0.01 0.00 0.01 0.01 0.01 0.01 0.01 0.01 0.02 0.03 0.03 0.08 0.36 1.41 0.01 0.01 0.01 0.02 0.02 0.03 0.04 0.05 0.04 0.03 0.07 0.06 0.06 0.04 0.04 0.03 0.02 0.12 0.09 0.08 0.09 0.08 0.05 0.10 0.09 0.06 0.05 0.04 0.08
0.01 0.01 0.01 0.01 0.02 0.02 0.00 0.01 0.01 0.01 0.01 0.01 0.01 0.01 0.01 0.01 0.01 0.01 0.02 0.03 0.04 0.02 0.03 0.03 0.03 0.03 0.02 0.03 0.03 0.03 0.02 0.02 0.02 0.02 0.03 1.42 1.19 0.75 0.01 0.01 0.01 0.00 0.01 0.01 0.01 0.01 0.01 0.01 0.02 0.04 0.04 0.02 0.12 1.55 1.21 0.01 0.01 0.01 0.01 0.01 0.01 0.01 0.02 0.02 0.01 0.02 0.03 0.01 0.03 0.04 0.04 0.02 0.17 0.03 0.02 0.01 0.22 0.25 0.17 0.07 0.06 0.05 0.04 0.15
0.01 0.01 0.01 0.01 0.02 0.03 0.01 0.01 0.01 0.01 0.01 0.01 0.02 0.02 0.02 0.02 0.02 0.01 0.02 0.02 0.01 0.02 0.04 0.04 0.03 0.04 0.03 0.03 0.03 0.03 0.03 0.02 0.02 0.02 0.01 1.34 0.01 0.01 0.01 0.00 0.00 0.00 0.01 0.01 0.01 0.01 0.01 0.03 0.04 0.03 0.04 0.03 0.26 1.81 0.01 0.01 0.00 0.01 0.01 0.01 0.01 0.01 0.02 0.01 0.01 0.01 0.01 0.01 0.01 0.01 0.02 0.03 0.17 0.01 0.01 0.05 0.21 0.02 0.02 0.01 0.02 0.03 0.02 0.46
0.01 0.01 0.01 0.02 0.02 0.04 0.03 0.01 0.01 0.01 0.01 0.01 0.01 0.02 0.02 0.02 0.02 0.02 0.02 0.02 0.02 0.02 0.01 0.02 0.03 0.03 0.03 0.04 0.04 0.04 0.04 0.40 0.87 1.25 1.25 1.27 0.01 0.01 0.00 0.00 0.01 0.01 0.01 0.01 0.01 0.01 0.01 0.02 0.01 0.01 0.03 0.07 0.46 1.91 0.01 0.01 0.01 0.01 0.01 0.02 0.01 0.02 0.01 0.02 0.02 0.02 0.01 0.01 0.02 0.04 0.06 0.05 0.11 0.05 0.08 0.10 0.15 0.04 0.01 0.02 0.03 0.05 0.03 0.52
0.01 0.01 0.02 0.03 0.02 0.04 0.02 0.01 0.01 0.01 0.01 0.01 0.02 0.02 0.02 0.02 0.02 0.02 0.03 0.00 0.00 0.00 0.01 0.01 0.02 0.03 0.03 0.03 0.03 0.55 0.96 1.07 0.55 0.45 0.01 0.01 0.01 0.00 0.01 0.00 0.01 0.01 0.01 0.01 0.01 0.01 0.01 0.01 0.03 0.04 0.04 0.02 1.16 0.88 0.00 0.01 0.01 0.01 0.01 0.01 0.01 0.01 0.01 0.03 0.03 0.10 0.08 0.08 0.09 0.07 0.05 0.03 0.03 0.12 0.06 0.08 0.08 0.11 0.07 0.03 0.09 0.06 0.55 0.50
0.01 0.02 0.02 0.02 0.02 0.03 0.03 0.01 0.01 0.01 0.01 0.01 0.02 0.02 0.03 0.03 0.02 0.04 0.07 0.07 0.00 0.01 0.01 0.01 0.02 0.02 0.48 0.69 0.92 1.05 0.65 0.01 0.01 0.01 0.01 0.01 0.01 0.00 0.01 0.01 0.01 0.01 0.01 0.01 0.01 0.02 0.03 0.03 0.03 0.02 0.02 0.02 1.76 0.16 0.01 0.00 0.01 0.01 0.01 0.01 0.01 0.02 0.03 0.03 0.02 0.06 0.01 0.01 0.01 0.01 0.03 0.04 0.05 0.04 0.02 0.16 0.08 0.10 0.15 0.11 0.15 0.37 0.55 0.04
0.01 0.01 0.02 0.01 0.02 0.03 0.04 0.01 0.01 0.01 0.01 0.02 0.01 0.01 0.02 0.02 0.02 0.02 0.01 0.03 0.02 0.02 0.02 0.02 0.02 0.55 0.91 0.70 0.51 0.25 0.12 0.01 0.00 0.01 0.01 0.00 0.00 0.00 0.01 0.01 0.01 0.01 0.01 0.01 0.01 0.03 0.03 0.02 0.02 0.03 2.51 2.33 2.10 0.01 0.01 0.01 0.01 0.02 0.02 0.01 0.02 0.02 0.02 0.02 0.01 0.03 0.00 0.00 0.02 0.04 0.04 0.02 0.03 0.02 0.01 0.14 0.09 0.07 0.09 0.39 0.24 0.48 0.07 0.03
0.02 0.02 0.03 0.01 0.01 0.03 0.08 0.01 0.01 0.01 0.01 0.02 0.01 0.01 0.02 0.02 0.03 0.01 0.01 0.02 0.03 0.03 0.02 0.02 1.36 1.21 1.04 0.21 0.07 0.01 0.01 0.01 0.00 0.00 0.00 0.01 0.00 0.01 0.01 0.01 0.01 0.01 0.02 0.02 0.02 0.02 0.02 0.02 0.01 0.01 2.65 0.02 0.01 0.01 0.00 0.01 0.01 0.01 0.02 0.02 0.02 0.01 0.01 0.01 0.01 0.01 0.04 0.04 0.04 0.03 0.02 0.02 0.02 0.04 0.23 0.27 0.03 0.03 0.10 0.37 0.21 0.13 0.03 0.07
0.95 1.01 1.07 1.50 0.01 0.02 0.07 0.02 0.01 0.01 0.01 0.02 0.02 0.01 0.01 0.02 0.34 0.17 0.13 0.52 0.72 0.73 0.95 1.44 1.42 0.05 0.01 0.01 0.01 0.01 0.01 0.00 0.00 0.00 0.02 0.01 0.01 0.01 0.01 0.01 0.01 0.01 0.02 0.03 0.02 0.02 0.01 0.02 0.02 1.87 1.38 0.01 0.01 0.01 0.00 0.01 0.01 0.01 0.02 0.02 0.02 0.02 0.02 0.02 0.02 0.02 0.03 0.00 0.01 0.01 0.01 0.01 0.02 0.27 0.28 0.02 0.01 0.06 0.16 0.41 0.01 0.01 0.02 0.01
0.72 0.01 0.01 1.38 1.09 1.53 1.34 0.62 1.10 1.09 1.04 0.72 1.02 0.81 1.28 1.23 0.70 1.01 0.96 0.94 0.66 0.34 0.23 0.12 0.07 0.05 0.01 0.01 0.01 0.00 0.00 0.01 0.00 0.01 0.02 0.01 0.01 0.01 0.01 0.01 0.02 0.02 0.02 0.01 0.02 0.02 0.02 0.02 2.28 2.15 0.01 0.01 0.01 0.00 0.01 0.01 0.02 0.03 0.03 0.04 0.04 0.04 0.04 0.04 0.03 0.02 0.06 0.00 0.01 0.01 0.01 0.01 0.03 0.27 0.01 0.02 0.00 0.10 0.27 0.25 0.01 0.01 0.01 0.01
0.01 0.01 0.02 0.02 0.02 0.01 0.01 0.67 0.68 0.02 0.02 0.04 0.01 0.01 0.01 0.01 0.01 0.01 0.01 0.01 0.02 0.01 0.01 0.01 0.01 0.01 0.01 0.00 0.01 0.00 0.01 0.01 0.01 0.01 0.02 0.01 0.01 0.01 0.01 0.01 0.02 0.02 0.02 0.03 0.01 0.02 0.02 1.62 2.38 0.87 0.01 0.01 0.01 0.00 0.01 0.02 0.02 0.02 0.01 0.01 0.02 0.02 0.02 0.02 0.02 0.02 0.04 0.00 0.01 0.01 0.01 0.01 0.05 0.26 0.00 0.47 0.50 0.26 0.30 0.18 0.01 0.01 0.01 0.01
0.01 0.01 0.01 0.01 0.01 0.01 0.01 0.01 0.02 0.03 0.01 0.01 0.01 0.01 0.01 0.01 0.01 0.01 0.01 0.01 0.01 0.01 0.01 0.01 0.00 0.00 0.01 0.01 0.01 0.01 0.01 0.01 0.01 0.01 0.02 0.01 0.15 0.15 0.01 0.01 0.01 0.02 0.03 0.03 0.02 0.01 0.01 1.41 0.01 0.01 0.01 0.01 0.00 0.01 0.01 0.01 0.01 0.01 0.02 0.01 0.02 0.02 0.02 0.02 0.02 0.03 0.10 0.11 0.00 0.01 0.01 0.02 0.06 0.15 0.24 0.45 0.50 0.24 0.08 0.05 0.01 0.02 0.01 0.02
0.01 0.01 0.01 0.01 0.01 0.01 0.01 0.01 0.01 0.02 0.02 0.01 0.01 0.01 0.01 0.01 0.01 0.01 0.01 0.01 0.01 0.00 0.01 0.01 0.01 0.01 0.01 0.01 0.01 0.00 0.00 0.01 0.01 0.02 0.02 0.22 0.13 0.13 0.09 0.06 0.05 0.07 0.05 0.04 0.03 0.03 0.02 1.72 0.01 0.00 0.00 0.00 0.01 0.01 0.01 0.01 0.01 0.01 0.01 0.02 0.02 0.02 0.03 0.02 0.05 0.07 0.04 0.12 0.05 0.04 0.03 0.39 0.16 0.10 0.37 0.38 0.37 0.02 0.00 0.01 0.01 0.01 0.01 0.02
0.01 0.01 0.01 0.01 0.01 0.01 0.01 0.01 0.01 0.02 0.01 0.01 0.01 0.01 0.01 0.01 0.00 0.00 0.00 0.00 0.01 0.01 0.02 0.02 0.04 0.05 0.08 0.06 0.12 0.02 0.03 0.00 0.00 0.01 0.01 0.22 0.00 0.04 0.08 0.08 0.07 0.06 0.05 0.06 0.05 0.03 1.47 1.13 0.00 0.00 0.00 0.01 0.01 0.02 0.01 0.01 0.01 0.01 0.02 0.02 0.02 0.05 0.06 0.05 0.17 0.00 0.01 0.01 0.03 0.05 0.16 0.44 0.06 0.08 0.08 0.07 0.16 0.06 0.06 0.01 0.01 0.00 0.01 0.03
0.00 0.00 0.00 0.00 0.00 0.00 0.00 0.01 0.01 0.01 0.01 0.01 0.01 0.01 0.01 0.01 0.01 0.01 0.01 0.01 0.01 0.03 0.04 0.06 0.07 0.05 0.05 0.16 0.11 0.07 0.04 0.04 0.07 0.31 0.29 0.22 0.08 0.05 0.04 0.03 0.05 0.04 0.05 0.70 1.48 1.48 1.48 0.01 0.00 0.00 0.00 0.01 0.01 0.01 0.01 0.01 0.01 0.02 0.02 0.05 0.07 0.06 0.03 0.06 0.26 0.01 0.01 0.01 0.02 0.32 0.46 0.39 0.40 0.18 0.06 0.05 0.07 0.05 0.06 0.04 0.01 0.00 0.01 0.05
0.01 0.01 0.00 0.01 0.01 0.01 0.00 0.01 0.00 0.01 0.01 0.01 0.01 0.01 0.01 0.03 0.03 0.03 0.04 0.06 0.06 0.05 0.04 0.03 0.03 0.02 0.02 0.03 0.01 0.01 0.01 0.05 0.01 0.01 0.01 0.02 0.06 0.05 0.04 0.04 0.05 0.05 1.97 1.79 1.68 0.02 0.01 0.01 0.01 0.01 0.01 0.01 0.01 0.01 0.01 0.02 0.02 0.03 0.03 0.04 0.05 0.04 0.04 0.06 0.29 0.01 0.01 0.02 0.38 0.50 0.28 0.01 0.03 0.19 0.02 0.06 0.05 0.07 0.01 0.01 0.01 0.04 0.08 0.07
0.01 0.01 0.01 0.02 0.01 0.01 0.01 0.00 0.00 0.00 0.00 0.01 0.01 0.01 0.01 0.01 0.02 0.01 0.02 0.02 0.02 0.02 0.02 0.02 0.02 0.01 0.01 0.01 0.01 0.01 0.01 0.01 0.01 0.01 0.01 0.01 0.03 0.04 0.04 0.04 0.05 1.78 1.84 0.01 0.01 0.01 0.01 0.01 0.01 0.01 0.01 0.01 0.01 0.01 0.02 0.02 0.02 0.04 0.16 0.06 0.04 0.07 0.09 0.08 0.31 0.18 0.22 0.42 0.35 0.29 0.02 0.02 0.03 0.08 0.04 0.07 0.06 0.07 0.02 0.01 0.01 0.03 0.00 0.06
1.52 0.01 0.01 0.02 0.01 0.01 0.01 0.01 0.01 0.00 0.01 0.00 0.00 0.01 0.01 0.01 0.01 0.01 0.01 0.01 0.02 0.02 0.01 0.01 0.01 0.01 0.01 0.01 0.01 0.01 0.01 0.01 0.01 0.01 0.01 0.01 0.03 0.03 0.03 0.04 0.09 1.75 0.02 0.02 0.02 0.01 0.00 0.00 0.00 0.01 0.01 0.01 0.01 0.02 0.05 0.08 0.10 0.11 0.06 0.03 0.07 0.09 0.10 0.09 0.14 0.19 0.17 0.20 0.11 0.04 0.03 0.03 0.02 0.03 0.05 0.09 0.07 0.05 0.03 0.01 0.02 0.01 0.01 0.01
1.51 0.01 0.01 0.01 0.01 0.01 0.01 0.01 0.01 0.01 0.00 0.01 0.01 0.01 0.01 0.01 0.01 0.01 0.01 0.01 0.01 0.01 0.01 0.01 0.01 0.01 0.01 0.01 0.01 0.02 0.01 0.01 0.01 0.01 0.01 0.01 0.02 0.03 0.02 0.02 0.22 2.04 0.02 0.01 0.02 0.00 0.00 0.01 0.01 0.02 0.02 0.02 0.02 0.08 0.08 0.07 0.07 0.07 0.11 0.10 0.09 0.09 0.10 0.07 0.09 0.19 0.00 0.21 0.01 0.03 0.03 0.02 0.02 0.05 0.08 0.07 0.03 0.05 0.04 0.01 0.01 0.01 0.01 0.01
1.49 0.01 0.01 2.77 2.80 0.01 0.01 0.01 0.01 0.01 0.01 0.01 0.01 0.01 0.01 0.00 0.00 0.01 0.01 0.01 0.01 0.01 0.01 0.01 0.00 0.00 0.01 0.01 0.01 0.01 0.01 0.01 0.01 0.01 0.01 0.01 0.03 0.05 0.01 1.73 1.24 1.72 0.01 0.01 0.01 0.00 0.01 0.03 0.03 0.02 0.02 0.08 0.12 0.11 0.09 0.05 0.05 0.06 0.06 0.11 0.10 0.08 0.07 0.06 0.06 0.11 0.09 0.34 0.03 0.04 0.02 0.02 0.03 0.08 0.05 0.04 0.03 0.05 0.01 0.01 0.01 0.01 0.01 0.01
1.42 1.14 2.84 2.74 2.84 0.01 0.01 0.01 0.01 0.01 0.02 0.01 0.01 0.04 0.01 0.02 0.00 0.01 0.01 0.01 0.00 0.01 0.01 0.01 0.01 0.01 0.01 0.01 0.02 0.02 0.01 0.01 0.01 0.01 1.40 1.83 1.90 2.21 2.11 1.97 0.02 0.01 0.01 0.01 0.01 0.01 0.01 0.01 0.03 0.03 0.08 0.07 0.07 0.07 0.05 0.07 0.07 0.06 0.05 0.06 0.08 0.07 0.07 0.05 0.05 0.10 0.29 0.36 0.06 0.04 0.01 0.02 0.03 0.07 0.02 0.06 0.06 0.02 0.01 0.01 0.01 0.01 0.01 0.01
0.02 0.02 0.03 0.01 2.77 2.68 2.59 0.01 0.01 0.01 0.01 0.01 0.01 0.03 0.03 0.02 0.00 0.01 0.01 0.01 0.01 0.01 0.01 0.01 0.01 0.01 0.01 0.02 0.01 0.02 0.01 0.01 1.15 1.26 1.28 0.01 0.01 0.01 0.02 0.02 0.01 0.01 0.01 0.00 0.00 0.01 0.01 0.03 0.07 0.12 0.10 0.08 0.06 0.03 0.03 0.04 0.04 0.04 0.05 0.06 0.06 0.05 0.05 0.05 0.05 0.06 0.13 0.13 0.06 0.07 0.01 0.02 0.03 0.07 0.04 0.14 0.01 0.02 0.01 0.01 0.01 0.01 0.03 0.04
0.02 0.02 0.02 0.03 0.02 0.01 2.47 0.02 0.01 0.01 0.01 0.02 0.01 0.02 0.01 0.01 0.01 0.01 0.01 0.01 0.01 0.01 0.01 0.01 0.01 0.01 0.01 0.05 0.03 0.02 1.18 1.18 1.18 0.01 0.02 0.01 0.00 0.01 0.02 0.02 0.01 0.00 0.00 0.00 0.01 0.04 0.10 0.08 0.06 0.06 0.07 0.05 0.03 0.05 0.04 0.03 0.02 0.04 0.06 0.05 0.05 0.05 0.05 0.04 0.04 0.03 0.04 0.24 0.22 0.22 0.18 0.03 0.04 0.06 0.02 0.09 0.01 0.01 0.01 0.01 0.01 0.03 0.01 0.01
0.02 0.02 0.02 0.02 0.02 0.01 2.32 0.01 0.03 0.01 0.00 0.01 0.01 0.02 0.02 0.01 0.02 0.01 0.01 0.01 0.01 0.01 0.01 0.01 0.01 0.01 0.03 0.00 0.00 1.57 1.48 0.01 0.01 0.01 0.02 0.01 0.01 0.01 0.01 0.01 0.00 0.00 0.01 0.04 0.06 0.08 0.07 0.04 0.04 0.04 0.06 0.04 0.05 0.04 0.02 0.03 0.02 0.07 0.05 0.04 0.05 0.05 0.05 0.04 0.03 0.03 0.04 0.04 0.06 0.08 0.08 0.06 0.05 0.05 0.04 0.13 0.10 0.01 0.00 0.01 0.04 0.01 0.05 0.02
0.02 0.02 0.02 0.02 0.02 0.01 2.13 1.86 1.40 1.86 1.58 0.94 1.65 1.01 0.01 0.01 0.01 0.01 0.01 0.01 0.01 0.01 0.01 0.01 0.02 0.02 0.10 0.04 2.01 1.60 0.01 0.01 0.01 0.01 0.01 0.01 0.01 0.01 0.01 0.01 0.00 0.03 0.07 0.05 0.05 0.05 0.04 0.04 0.04 0.04 0.04 0.06 0.05 0.03 0.02 0.07 0.22 0.16 0.05 0.04 0.05 0.05 0.05 0.03 0.03 0.03 0.06 0.05 0.06 0.06 0.05 0.05 0.05 0.04 0.04 0.03 0.13 0.12 0.09 0.00 0.00 0.04 0.03 0.09
0.01 0.02 0.02 0.02 0.02 0.02 0.01 0.02 0.00 0.01 0.01 0.03 1.75 1.86 1.74 1.56 0.01 0.01 0.02 0.01 0.01 0.01 0.03 0.03 0.05 0.07 0.07 0.05 2.28 0.01 0.01 0.01 0.00 0.00 0.01 0.01 0.01 0.00 0.00 0.00 0.04 0.05 0.05 0.04 0.04 0.04 0.04 0.04 0.04 0.05 0.04 0.03 0.03 0.03 0.07 0.05 0.14 0.02 0.04 0.05 0.05 0.06 0.02 0.03 0.03 0.02 0.06 0.07 0.06 0.05 0.05 0.07 0.07 0.01 0.02 0.02 0.02 0.02 0.01 0.01 0.02 0.08 0.01 0.06
0.01 0.01 0.01 0.02 0.02 0.02 0.01 0.02 0.00 0.01 0.01 0.01 0.21 0.06 0.24 1.11 0.89 0.99 1.05 0.01 0.01 0.02 0.03 0.00 0.01 0.01 0.00 0.03 2.48 0.48 0.00 0.01 0.00 0.00 0.01 0.01 0.01 0.01 0.01 0.04 0.07 0.07 0.05 0.05 0.04 0.04 0.04 0.04 0.04 0.05 0.03 0.03 0.02 0.02 0.02 0.04 0.03 0.03 0.06 0.05 0.04 0.05 0.03 0.03 0.04 0.02 0.09 0.07 0.03 0.05 0.08 0.07 0.04 0.02 0.03 0.02 0.02 0.02 0.02 0.01 0.02 0.02 0.01 0.06
0.01 0.01 0.01 0.01 0.01 0.01 0.02 0.02 0.04 0.04 0.03 0.25 0.29 0.01 0.02 0.01 0.02 0.01 1.06 1.22 0.00 0.01 0.01 0.00 0.00 0.00 0.01 0.61 2.64 0.02 0.01 0.00 0.00 0.00 0.00 0.03 0.05 0.07 0.07 0.08 0.05 0.04 0.03 0.04 0.03 0.03 0.05 0.05 0.04 0.03 0.03 0.02 0.02 0.02 0.02 0.04 0.03 0.03 0.04 0.04 0.04 0.05 0.09 0.04 0.09 0.17 0.18 0.00 0.01 0.09 0.05 0.04 0.02 0.02 0.03 0.02 0.02 0.03 0.04 0.03 0.03 0.04 0.05 0.04
0.01 0.01 0.01 0.01 0.01 0.01 0.01 0.01 0.03 0.02 0.02 0.24 0.14 0.01 0.02 0.01 0.01 0.02 0.02 1.45 1.49 0.00 0.00 0.01 0.00 0.00 0.00 1.07 1.15 0.01 0.01 0.01 0.00 0.01 0.03 0.03 0.03 0.03 0.03 0.03 0.02 0.03 0.02 0.03 0.03 0.03 0.03 0.03 0.02 0.02 0.02 0.02 0.02 0.02 0.03 0.03 0.03 0.03 0.04 0.04 0.05 0.05 0.07 0.09 0.13 0.06 0.03 0.06 0.11 0.11 0.01 0.03 0.02 0.01 0.02 0.04 0.03 0.04 0.02 0.02 0.01 0.03 0.03 0.02
0.00 0.00 0.01 0.01 0.00 0.01 0.01 0.00 0.07 0.23 0.26 0.31 0.02 0.01 0.02 0.01 0.01 0.02 0.02 0.02 1.60 1.86 1.75 1.55 1.15 1.12 1.16 1.15 0.02 0.01 0.02 0.01 0.00 0.02 0.03 0.03 0.03 0.02 0.02 0.03 0.02 0.02 0.02 0.03 0.03 0.02 0.02 0.03 0.02 0.02 0.02 0.02 0.02 0.02 0.03 0.04 0.04 0.03 0.05 0.06 0.05 0.06 0.06 0.08 0.10 0.00 0.05 0.05 0.04 0.04 0.01 0.02 0.02 0.02 0.03 0.05 0.04 0.03 0.01 0.01 0.02 0.02 0.02 0.01
0.01 0.01 0.01 0.01 0.01 0.01 0.01 0.32 0.21 0.21 0.08 0.01 0.01 0.02 0.02 0.02 0.02 0.02 0.02 0.02 0.02 0.05 0.01 0.01 0.01 0.01 0.02 0.04 0.02 0.01 0.01 0.01 0.01 0.02 0.02 0.02 0.02 0.02 0.02 0.02 0.02 0.02 0.02 0.02 0.02 0.02 0.02 0.02 0.02 0.02 0.02 0.02 0.02 0.02 0.03 0.04 0.04 0.04 0.05 0.08 0.05 0.06 0.06 0.04 0.05 0.07 0.06 0.04 0.02 0.02 0.01 0.02 0.02 0.02 0.05 0.09 0.01 0.01 0.01 0.01 0.01 0.01 0.01 0.01
0.01 0.01 0.01 0.01 0.01 0.13 0.32 0.35 0.01 0.01 0.01 0.01 0.01 0.02 0.03 0.06 0.02 0.02 0.02 0.02 0.03 0.06 0.01 0.01 0.01 0.02 0.02 0.02 0.01 0.01 0.01 0.01 0.02 0.03 0.02 0.02 0.02 0.02 0.02 0.01 0.02 0.02 0.02 0.02 0.03 0.02 0.03 0.02 0.01 0.01 0.01 0.02 0.03 0.04 0.04 0.04 0.06 0.08 0.05 0.07 0.06 0.06 0.04 0.04 0.09 0.03 0.03 0.01 0.01 0.01 0.01 0.03 0.03 0.01 0.09 0.01 0.01 0.01 0.01 0.01 0.01 0.01 0.01 0.03
