NEW_versions/S_Waiehu/Scripts/Results/S_Waiehu_50m/MaxFloodMaps/S_Waiehu_50m_0.6.asc
NCOLS 296
NROWS 126
XLLCENTER 753498.390000
YLLCENTER 2312278.410000
CELLSIZE 25.000000
NODATA_value -99999.000000
[rows 38 to 75 of 126, columns 168 to 251 of 296]
0.12 0.03 0.05 0.05 0.04 0.03 0.02 0.02 0.02 0.01 0.01 0.01 0.01 0.01 0.01 0.01 0.01 0.01 0.01 0.01 0.01 0.01 0.01 0.01 0.01 0.01 0.01 0.01 0.01 0.01 0.01 0.01 0.01 0.02 0.01 0.00 0.00 0.01 0.03 0.05 0.03 0.01 0.02 0.01 0.01 0.01 0.70 0.00 0.02 0.01 0.00 0.01 0.01 0.01 0.02 0.01 1.46 1.43 0.01 0.00 0.00 0.01 0.02 0.01 0.02 0.03 0.04 0.12 0.13 0.09 0.06 0.05 0.04 0.04 0.02 0.02 0.02 0.13 0.19 0.25 0.15 0.09 0.01 0.01
0.01 0.04 0.04 0.01 0.01 0.01 0.01 0.01 0.01 0.01 0.01 0.01 0.01 0.01 0.01 0.01 0.01 0.01 0.01 0.01 0.01 0.01 0.01 0.01 0.01 0.01 0.02 0.02 0.01 0.00 0.01 0.01 0.01 0.02 0.00 0.01 0.01 0.01 0.01 0.01 0.01 0.01 0.01 0.01 0.01 0.83 0.67 0.00 0.01 0.01 0.01 0.01 0.02 0.02 0.14 1.29 1.32 0.01 0.01 0.01 0.01 0.01 0.01 0.02 0.02 0.06 0.16 0.07 0.04 0.02 0.06 0.03 0.05 0.04 0.03 0.16 0.32 0.30 0.01 0.01 0.01 0.04 0.02 0.01
0.01 0.01 0.00 0.00 0.01 0.01 0.01 0.01 0.01 0.01 0.01 0.01 0.01 0.01 0.01 0.01 0.01 0.01 0.01 0.01 0.01 0.01 0.02 0.00 0.01 0.01 0.06 0.00 0.00 0.00 0.01 0.01 0.01 0.01 0.01 0.01 0.01 0.01 0.01 0.01 0.01 0.01 0.01 0.77 0.77 0.78 0.00 0.01 0.01 0.00 0.00 0.00 0.01 0.02 1.57 1.26 0.01 0.01 0.01 0.01 0.01 0.01 0.01 0.02 0.03 0.02 0.02 0.01 0.01 0.01 0.01 0.01 0.09 0.14 0.15 0.15 0.01 0.01 0.01 0.01 0.01 0.03 0.02 0.02
0.01 0.01 0.01 0.01 0.01 0.02 0.02 0.02 0.01 0.01 0.01 0.01 0.01 0.01 0.01 0.01 0.01 0.01 0.01 0.01 0.01 0.01 0.02 0.01 0.01 0.01 0.01 0.01 0.01 0.00 0.00 0.01 0.01 0.01 0.01 0.01 0.01 0.01 0.01 0.01 1.03 0.64 1.18 0.91 0.01 0.00 0.00 0.01 0.01 0.01 0.01 0.01 0.02 0.04 1.82 0.01 0.01 0.00 0.01 0.01 0.01 0.01 0.01 0.01 0.05 0.00 0.01 0.01 0.00 0.01 0.01 0.02 0.06 0.06 0.01 0.00 0.01 0.03 0.02 0.02 0.06 0.05 0.08 0.07
0.01 0.01 0.01 0.01 0.01 0.01 0.01 0.01 0.02 0.01 0.01 0.01 0.01 0.01 0.01 0.01 0.01 0.01 0.01 0.01 0.01 0.01 0.01 0.01 0.01 0.02 0.02 0.02 0.01 0.01 0.02 0.01 0.01 0.01 0.01 0.02 0.01 0.01 0.01 1.28 1.19 0.01 0.01 0.01 0.01 0.00 0.00 0.01 0.01 0.01 0.01 0.01 0.03 0.06 1.09 0.01 0.01 0.01 0.01 0.01 0.01 0.01 0.01 0.01 0.04 0.00 0.00 0.00 0.01 0.02 0.01 0.01 0.10 0.00 0.01 0.01 0.01 0.02 0.06 0.09 0.09 0.06 0.05 0.05
0.01 0.01 0.01 0.01 0.01 0.01 0.01 0.01 0.01 0.01 0.01 0.01 0.01 0.01 0.01 0.01 0.01 0.01 0.01 0.01 0.01 0.01 0.02 0.02 0.02 0.02 0.02 0.02 0.02 0.02 0.01 0.01 0.01 0.02 0.02 0.02 0.01 0.01 1.36 1.33 0.01 0.01 0.00 0.00 0.01 0.01 0.01 0.01 0.01 0.01 0.01 0.03 0.03 0.20 0.91 0.00 0.01 0.01 0.01 0.01 0.01 0.01 0.01 0.01 0.02 0.03 0.01 0.01 0.04 0.02 0.01 0.01 0.11 0.01 0.00 0.01 0.01 0.02 0.06 0.07 0.06 0.05 0.03 0.04
0.01 0.01 0.01 0.01 0.02 0.01 0.00 0.00 0.00 0.01 0.01 0.01 0.01 0.01 0.01 0.01 0.01 0.01 0.01 0.01 0.02 0.02 0.03 0.03 0.02 0.02 0.04 0.03 0.03 0.02 0.02 0.01 0.02 0.02 0.02 0.02 0.32 0.68 1.39 0.01 0.01 0.01 0.00 0.00 0.01 0.01 0.01 0.01 0.01 0.01 0.02 0.02 0.06 0.26 1.21 0.01 0.01 0.01 0.01 0.02 0.03 0.03 0.04 0.03 0.03 0.06 0.05 0.05 0.03 0.04 0.02 0.02 0.11 0.08 0.07 0.08 0.06 0.04 0.07 0.07 0.05 0.03 0.03 0.05
0.01 0.01 0.01 0.01 0.02 0.02 0.00 0.01 0.01 0.01 0.01 0.01 0.01 0.01 0.01 0.01 0.01 0.01 0.01 0.03 0.04 0.02 0.03 0.03 0.02 0.03 0.02 0.02 0.03 0.02 0.02 0.02 0.02 0.01 0.02 1.09 0.94 0.56 0.01 0.01 0.01 0.00 0.01 0.01 0.01 0.01 0.01 0.01 0.02 0.03 0.04 0.02 0.09 1.36 1.05 0.01 0.00 0.01 0.01 0.01 0.01 0.01 0.01 0.01 0.01 0.02 0.02 0.01 0.03 0.04 0.03 0.02 0.16 0.02 0.01 0.01 0.17 0.19 0.13 0.05 0.05 0.03 0.03 0.10
0.01 0.01 0.01 0.01 0.02 0.03 0.01 0.01 0.01 0.01 0.01 0.01 0.01 0.01 0.01 0.02 0.02 0.01 0.02 0.02 0.01 0.02 0.04 0.04 0.03 0.03 0.02 0.02 0.03 0.03 0.02 0.02 0.02 0.02 0.01 0.98 0.01 0.01 0.00 0.00 0.00 0.00 0.01 0.01 0.01 0.01 0.01 0.02 0.03 0.03 0.03 0.03 0.21 1.57 0.01 0.01 0.00 0.01 0.01 0.01 0.01 0.01 0.01 0.01 0.01 0.01 0.01 0.01 0.01 0.01 0.02 0.03 0.15 0.00 0.01 0.04 0.15 0.01 0.01 0.01 0.02 0.02 0.01 0.36
0.01 0.01 0.01 0.02 0.02 0.03 0.02 0.01 0.01 0.01 0.01 0.01 0.01 0.01 0.02 0.02 0.02 0.02 0.02 0.02 0.02 0.02 0.01 0.02 0.03 0.03 0.03 0.03 0.04 0.04 0.03 0.25 0.61 0.91 0.91 0.92 0.01 0.00 0.00 0.00 0.01 0.00 0.01 0.01 0.01 0.01 0.01 0.02 0.01 0.01 0.02 0.06 0.37 1.64 0.01 0.01 0.00 0.01 0.01 0.01 0.01 0.01 0.01 0.01 0.01 0.01 0.01 0.01 0.01 0.03 0.05 0.04 0.09 0.05 0.07 0.08 0.11 0.02 0.01 0.01 0.02 0.03 0.02 0.38
0.01 0.01 0.01 0.02 0.02 0.03 0.02 0.00 0.01 0.01 0.01 0.01 0.01 0.02 0.02 0.02 0.02 0.02 0.03 0.00 0.00 0.00 0.01 0.01 0.02 0.02 0.02 0.03 0.03 0.39 0.70 0.84 0.41 0.33 0.01 0.01 0.01 0.00 0.00 0.00 0.01 0.01 0.01 0.01 0.01 0.01 0.01 0.01 0.03 0.03 0.03 0.02 1.01 0.73 0.00 0.00 0.01 0.01 0.01 0.01 0.01 0.01 0.01 0.02 0.03 0.09 0.07 0.07 0.08 0.06 0.05 0.03 0.03 0.10 0.05 0.06 0.06 0.08 0.05 0.02 0.07 0.04 0.41 0.36
0.01 0.01 0.01 0.02 0.02 0.03 0.03 0.01 0.01 0.01 0.01 0.01 0.02 0.02 0.03 0.02 0.02 0.03 0.06 0.06 0.00 0.00 0.01 0.01 0.02 0.02 0.33 0.50 0.68 0.81 0.48 0.01 0.01 0.01 0.01 0.00 0.00 0.00 0.01 0.01 0.01 0.01 0.01 0.01 0.01 0.02 0.02 0.03 0.03 0.02 0.01 0.01 1.55 0.04 0.00 0.00 0.01 0.01 0.01 0.01 0.01 0.02 0.02 0.02 0.02 0.06 0.00 0.01 0.01 0.01 0.02 0.04 0.04 0.04 0.02 0.12 0.06 0.08 0.11 0.08 0.11 0.28 0.40 0.02
0.01 0.01 0.01 0.01 0.02 0.03 0.04 0.01 0.01 0.01 0.01 0.01 0.01 0.01 0.02 0.02 0.02 0.01 0.01 0.03 0.02 0.02 0.02 0.02 0.02 0.35 0.71 0.53 0.37 0.18 0.08 0.01 0.00 0.00 0.01 0.00 0.00 0.00 0.00 0.01 0.01 0.01 0.01 0.01 0.01 0.02 0.02 0.02 0.02 0.02 2.19 2.04 1.84 0.01 0.01 0.01 0.01 0.01 0.01 0.01 0.01 0.02 0.01 0.01 0.01 0.03 0.00 0.00 0.02 0.04 0.03 0.02 0.03 0.02 0.01 0.11 0.07 0.05 0.06 0.30 0.18 0.37 0.02 0.02
0.02 0.02 0.03 0.01 0.01 0.02 0.07 0.01 0.01 0.01 0.01 0.02 0.01 0.01 0.01 0.02 0.03 0.01 0.01 0.02 0.02 0.02 0.02 0.02 1.03 0.95 0.83 0.09 0.02 0.01 0.01 0.01 0.00 0.00 0.00 0.00 0.00 0.01 0.01 0.01 0.01 0.01 0.02 0.02 0.02 0.02 0.01 0.02 0.01 0.01 2.31 0.01 0.01 0.01 0.00 0.01 0.01 0.01 0.01 0.02 0.02 0.01 0.01 0.01 0.01 0.01 0.04 0.03 0.04 0.02 0.02 0.02 0.02 0.03 0.17 0.21 0.01 0.02 0.07 0.28 0.15 0.10 0.02 0.05
0.71 0.74 0.78 1.13 0.01 0.02 0.06 0.01 0.01 0.00 0.01 0.02 0.02 0.01 0.01 0.02 0.23 0.11 0.09 0.35 0.53 0.54 0.69 1.06 1.06 0.03 0.01 0.01 0.01 0.01 0.01 0.00 0.00 0.00 0.02 0.01 0.00 0.01 0.01 0.01 0.01 0.01 0.01 0.03 0.02 0.02 0.01 0.02 0.01 1.60 1.14 0.01 0.01 0.01 0.00 0.00 0.01 0.01 0.02 0.02 0.02 0.02 0.02 0.02 0.02 0.02 0.02 0.00 0.01 0.01 0.01 0.01 0.01 0.20 0.21 0.01 0.01 0.04 0.12 0.31 0.01 0.01 0.01 0.01
0.54 0.01 0.01 1.04 0.80 1.18 1.05 0.45 0.81 0.81 0.77 0.53 0.76 0.59 0.95 0.93 0.53 0.75 0.71 0.73 0.50 0.25 0.17 0.08 0.05 0.03 0.01 0.00 0.01 0.00 0.00 0.00 0.00 0.01 0.02 0.01 0.01 0.01 0.01 0.01 0.02 0.02 0.02 0.01 0.01 0.02 0.02 0.02 1.98 1.85 0.01 0.01 0.01 0.00 0.01 0.01 0.02 0.03 0.03 0.04 0.04 0.03 0.03 0.03 0.02 0.02 0.05 0.00 0.01 0.01 0.01 0.01 0.02 0.20 0.01 0.01 0.00 0.08 0.20 0.18 0.01 0.01 0.01 0.01
0.01 0.01 0.02 0.01 0.01 0.01 0.01 0.50 0.49 0.02 0.02 0.03 0.01 0.01 0.01 0.01 0.01 0.01 0.01 0.01 0.01 0.01 0.01 0.01 0.01 0.01 0.01 0.00 0.00 0.00 0.01 0.01 0.01 0.01 0.02 0.01 0.01 0.01 0.01 0.01 0.01 0.02 0.02 0.03 0.01 0.01 0.02 1.35 2.08 0.58 0.01 0.01 0.01 0.00 0.01 0.02 0.02 0.02 0.01 0.01 0.01 0.02 0.02 0.02 0.02 0.02 0.04 0.00 0.01 0.01 0.01 0.01 0.04 0.19 0.00 0.37 0.41 0.20 0.23 0.13 0.01 0.01 0.01 0.01
0.01 0.01 0.01 0.01 0.01 0.01 0.01 0.01 0.01 0.03 0.01 0.01 0.01 0.01 0.01 0.01 0.01 0.01 0.01 0.01 0.01 0.01 0.01 0.01 0.00 0.00 0.01 0.01 0.01 0.01 0.01 0.01 0.01 0.01 0.02 0.01 0.13 0.13 0.01 0.01 0.01 0.02 0.02 0.03 0.02 0.01 0.01 1.17 0.01 0.01 0.00 0.01 0.00 0.01 0.01 0.01 0.01 0.01 0.01 0.01 0.02 0.02 0.02 0.02 0.02 0.03 0.09 0.09 0.00 0.01 0.01 0.01 0.05 0.11 0.17 0.34 0.40 0.18 0.05 0.03 0.01 0.01 0.01 0.01
0.01 0.01 0.01 0.01 0.01 0.01 0.01 0.01 0.01 0.02 0.02 0.01 0.01 0.01 0.01 0.01 0.01 0.01 0.01 0.01 0.01 0.00 0.01 0.01 0.01 0.01 0.01 0.01 0.01 0.00 0.00 0.01 0.01 0.01 0.02 0.20 0.12 0.11 0.08 0.05 0.05 0.06 0.04 0.04 0.03 0.02 0.01 1.46 0.01 0.00 0.00 0.00 0.01 0.01 0.01 0.01 0.01 0.01 0.01 0.01 0.02 0.02 0.02 0.02 0.04 0.06 0.04 0.10 0.04 0.04 0.03 0.32 0.13 0.08 0.28 0.28 0.27 0.01 0.00 0.01 0.01 0.01 0.01 0.01
0.00 0.01 0.01 0.01 0.01 0.00 0.01 0.01 0.01 0.02 0.01 0.01 0.01 0.01 0.01 0.00 0.00 0.00 0.00 0.00 0.00 0.01 0.02 0.02 0.04 0.05 0.07 0.05 0.11 0.02 0.02 0.00 0.00 0.01 0.01 0.20 0.00 0.04 0.07 0.08 0.07 0.06 0.04 0.05 0.04 0.03 1.25 0.94 0.00 0.00 0.00 0.00 0.01 0.01 0.01 0.01 0.01 0.01 0.01 0.01 0.02 0.04 0.05 0.04 0.14 0.00 0.01 0.01 0.03 0.04 0.10 0.35 0.03 0.06 0.06 0.05 0.11 0.04 0.04 0.01 0.01 0.00 0.01 0.02
0.00 0.00 0.00 0.00 0.00 0.00 0.00 0.01 0.01 0.01 0.01 0.01 0.01 0.01 0.01 0.01 0.01 0.01 0.01 0.01 0.01 0.03 0.03 0.06 0.06 0.04 0.04 0.14 0.10 0.06 0.03 0.03 0.05 0.27 0.26 0.20 0.07 0.05 0.04 0.03 0.05 0.04 0.05 0.50 1.24 1.24 1.24 0.01 0.00 0.00 0.00 0.01 0.01 0.01 0.01 0.01 0.01 0.01 0.02 0.04 0.06 0.05 0.03 0.05 0.21 0.00 0.01 0.01 0.02 0.25 0.37 0.31 0.34 0.15 0.05 0.04 0.05 0.03 0.04 0.03 0.01 0.00 0.00 0.03
0.01 0.00 0.00 0.01 0.01 0.00 0.00 0.00 0.00 0.01 0.01 0.01 0.01 0.01 0.01 0.02 0.03 0.03 0.03 0.05 0.05 0.04 0.03 0.03 0.03 0.02 0.02 0.02 0.01 0.01 0.01 0.04 0.01 0.01 0.01 0.02 0.05 0.04 0.04 0.03 0.04 0.04 1.70 1.56 1.46 0.01 0.01 0.01 0.01 0.00 0.01 0.01 0.01 0.01 0.01 0.01 0.02 0.03 0.02 0.03 0.04 0.03 0.03 0.04 0.23 0.01 0.01 0.01 0.29 0.41 0.21 0.01 0.02 0.14 0.01 0.04 0.03 0.04 0.01 0.01 0.01 0.03 0.06 0.05
0.01 0.01 0.00 0.02 0.01 0.01 0.01 0.00 0.00 0.00 0.00 0.01 0.01 0.01 0.01 0.01 0.01 0.01 0.02 0.02 0.01 0.02 0.02 0.02 0.02 0.01 0.01 0.01 0.01 0.01 0.01 0.01 0.01 0.01 0.01 0.01 0.03 0.03 0.03 0.03 0.04 1.50 1.56 0.01 0.01 0.01 0.01 0.01 0.00 0.00 0.01 0.01 0.01 0.01 0.02 0.02 0.02 0.03 0.13 0.05 0.03 0.05 0.07 0.06 0.25 0.14 0.17 0.33 0.28 0.22 0.01 0.02 0.02 0.06 0.03 0.05 0.04 0.05 0.01 0.01 0.01 0.02 0.00 0.04
1.31 0.01 0.01 0.01 0.01 0.01 0.01 0.01 0.00 0.00 0.01 0.00 0.00 0.00 0.01 0.01 0.01 0.01 0.01 0.01 0.01 0.01 0.01 0.01 0.01 0.01 0.01 0.01 0.01 0.01 0.01 0.01 0.01 0.01 0.01 0.01 0.02 0.03 0.02 0.03 0.04 1.47 0.01 0.02 0.02 0.00 0.00 0.00 0.00 0.01 0.01 0.01 0.01 0.02 0.04 0.06 0.08 0.09 0.05 0.03 0.05 0.07 0.08 0.07 0.11 0.15 0.13 0.15 0.08 0.03 0.02 0.02 0.02 0.03 0.04 0.06 0.04 0.03 0.02 0.01 0.02 0.01 0.00 0.01
1.30 0.01 0.01 0.01 0.01 0.01 0.01 0.01 0.01 0.01 0.00 0.01 0.01 0.01 0.01 0.01 0.01 0.01 0.01 0.01 0.01 0.01 0.01 0.01 0.01 0.01 0.01 0.01 0.01 0.01 0.01 0.01 0.01 0.01 0.01 0.01 0.02 0.02 0.02 0.02 0.12 1.75 0.01 0.01 0.02 0.00 0.00 0.01 0.01 0.01 0.02 0.02 0.02 0.07 0.07 0.06 0.06 0.05 0.08 0.08 0.07 0.07 0.08 0.06 0.07 0.15 0.00 0.16 0.01 0.02 0.02 0.02 0.01 0.04 0.06 0.05 0.02 0.03 0.03 0.01 0.01 0.01 0.01 0.01
1.28 0.01 0.01 2.42 2.45 0.01 0.01 0.01 0.01 0.01 0.01 0.01 0.01 0.01 0.01 0.00 0.00 0.01 0.01 0.01 0.01 0.01 0.01 0.00 0.00 0.00 0.00 0.01 0.01 0.01 0.01 0.01 0.01 0.01 0.01 0.01 0.02 0.04 0.01 1.49 1.06 1.46 0.01 0.01 0.01 0.00 0.01 0.02 0.02 0.01 0.01 0.07 0.10 0.09 0.07 0.04 0.04 0.05 0.05 0.09 0.08 0.06 0.06 0.05 0.05 0.09 0.06 0.27 0.02 0.02 0.01 0.01 0.02 0.06 0.03 0.03 0.02 0.04 0.01 0.01 0.01 0.01 0.01 0.01
1.22 0.96 2.47 2.39 2.49 0.01 0.01 0.01 0.01 0.01 0.01 0.01 0.01 0.03 0.01 0.02 0.00 0.00 0.01 0.00 0.00 0.00 0.01 0.01 0.01 0.01 0.01 0.01 0.02 0.02 0.01 0.01 0.01 0.01 1.16 1.54 1.60 1.89 1.82 1.70 0.01 0.01 0.01 0.01 0.01 0.00 0.00 0.01 0.02 0.02 0.07 0.06 0.06 0.06 0.04 0.05 0.06 0.05 0.04 0.05 0.06 0.06 0.05 0.04 0.04 0.08 0.22 0.28 0.04 0.03 0.01 0.01 0.03 0.06 0.01 0.04 0.04 0.01 0.01 0.01 0.01 0.01 0.01 0.00
0.01 0.01 0.03 0.01 2.43 2.35 2.27 0.01 0.01 0.01 0.01 0.01 0.01 0.02 0.03 0.02 0.00 0.01 0.01 0.01 0.01 0.01 0.01 0.01 0.01 0.01 0.01 0.02 0.01 0.02 0.01 0.01 0.97 1.06 1.07 0.01 0.01 0.01 0.02 0.02 0.01 0.01 0.01 0.00 0.00 0.01 0.01 0.03 0.06 0.10 0.08 0.06 0.05 0.03 0.03 0.03 0.03 0.03 0.04 0.05 0.05 0.04 0.04 0.04 0.04 0.04 0.10 0.10 0.04 0.05 0.01 0.01 0.03 0.05 0.03 0.10 0.01 0.02 0.01 0.01 0.01 0.00 0.02 0.03
0.02 0.01 0.02 0.03 0.01 0.01 2.16 0.02 0.01 0.01 0.01 0.01 0.01 0.02 0.01 0.01 0.01 0.01 0.01 0.01 0.01 0.01 0.01 0.01 0.01 0.01 0.01 0.05 0.03 0.02 1.00 0.99 0.99 0.01 0.02 0.01 0.00 0.01 0.01 0.02 0.01 0.00 0.00 0.00 0.01 0.04 0.08 0.06 0.05 0.05 0.06 0.04 0.02 0.04 0.04 0.02 0.02 0.04 0.05 0.04 0.04 0.04 0.04 0.03 0.03 0.03 0.03 0.19 0.18 0.18 0.14 0.02 0.03 0.05 0.02 0.06 0.00 0.01 0.00 0.01 0.01 0.03 0.01 0.01
0.01 0.02 0.02 0.02 0.02 0.01 2.03 0.01 0.03 0.01 0.00 0.01 0.01 0.02 0.01 0.01 0.02 0.01 0.01 0.01 0.01 0.01 0.01 0.01 0.01 0.01 0.03 0.00 0.00 1.33 1.26 0.01 0.00 0.01 0.02 0.01 0.00 0.01 0.01 0.01 0.00 0.00 0.01 0.03 0.05 0.07 0.06 0.03 0.03 0.03 0.05 0.03 0.05 0.04 0.02 0.02 0.01 0.06 0.04 0.03 0.04 0.04 0.04 0.03 0.03 0.02 0.03 0.03 0.05 0.07 0.06 0.05 0.04 0.04 0.03 0.09 0.06 0.01 0.00 0.01 0.03 0.01 0.03 0.02
0.01 0.02 0.02 0.02 0.02 0.01 1.86 1.62 1.19 1.62 1.38 0.80 1.43 0.79 0.01 0.01 0.01 0.01 0.01 0.01 0.01 0.01 0.01 0.01 0.02 0.02 0.09 0.04 1.74 1.35 0.01 0.01 0.00 0.00 0.01 0.01 0.01 0.00 0.01 0.01 0.00 0.02 0.06 0.05 0.04 0.04 0.04 0.03 0.03 0.04 0.04 0.05 0.04 0.02 0.02 0.06 0.19 0.13 0.04 0.03 0.04 0.04 0.04 0.02 0.02 0.02 0.04 0.04 0.04 0.05 0.04 0.04 0.04 0.03 0.03 0.02 0.09 0.08 0.05 0.00 0.00 0.03 0.02 0.06
0.01 0.02 0.02 0.02 0.01 0.02 0.01 0.02 0.00 0.01 0.01 0.01 1.51 1.61 1.53 1.37 0.01 0.01 0.02 0.01 0.01 0.01 0.02 0.02 0.04 0.06 0.06 0.04 1.98 0.01 0.01 0.01 0.00 0.00 0.01 0.01 0.01 0.00 0.00 0.00 0.03 0.04 0.04 0.03 0.03 0.04 0.03 0.03 0.04 0.04 0.04 0.03 0.02 0.02 0.06 0.05 0.12 0.02 0.03 0.04 0.04 0.05 0.02 0.02 0.03 0.02 0.04 0.05 0.05 0.04 0.04 0.06 0.05 0.01 0.01 0.01 0.01 0.02 0.01 0.01 0.02 0.06 0.00 0.04
0.01 0.01 0.01 0.01 0.02 0.02 0.01 0.02 0.00 0.01 0.01 0.01 0.19 0.06 0.11 0.95 0.76 0.84 0.89 0.00 0.01 0.02 0.03 0.00 0.00 0.01 0.00 0.02 2.16 0.16 0.00 0.01 0.00 0.00 0.01 0.00 0.01 0.01 0.01 0.03 0.06 0.06 0.04 0.04 0.03 0.03 0.03 0.04 0.04 0.04 0.03 0.02 0.02 0.02 0.02 0.03 0.03 0.02 0.05 0.04 0.04 0.04 0.02 0.02 0.03 0.02 0.07 0.06 0.02 0.04 0.06 0.06 0.03 0.01 0.02 0.01 0.01 0.02 0.01 0.01 0.01 0.01 0.01 0.04
0.01 0.01 0.01 0.01 0.01 0.01 0.02 0.02 0.03 0.04 0.03 0.22 0.26 0.01 0.02 0.01 0.01 0.01 0.90 1.03 0.00 0.01 0.01 0.00 0.00 0.00 0.01 0.49 2.30 0.01 0.01 0.00 0.00 0.00 0.00 0.03 0.04 0.06 0.06 0.07 0.04 0.03 0.03 0.03 0.02 0.03 0.05 0.04 0.03 0.03 0.03 0.02 0.02 0.02 0.02 0.03 0.03 0.03 0.03 0.03 0.03 0.04 0.07 0.03 0.07 0.13 0.14 0.00 0.01 0.07 0.04 0.03 0.02 0.01 0.02 0.01 0.02 0.02 0.03 0.02 0.02 0.03 0.03 0.03
0.01 0.01 0.01 0.01 0.01 0.01 0.01 0.01 0.02 0.02 0.01 0.22 0.12 0.01 0.02 0.01 0.01 0.02 0.02 1.22 1.25 0.00 0.00 0.01 0.00 0.00 0.00 0.92 0.96 0.01 0.01 0.01 0.00 0.01 0.02 0.03 0.03 0.03 0.02 0.03 0.02 0.02 0.02 0.02 0.02 0.02 0.03 0.02 0.02 0.02 0.02 0.02 0.02 0.02 0.02 0.03 0.02 0.03 0.03 0.04 0.04 0.04 0.06 0.07 0.11 0.05 0.03 0.05 0.09 0.09 0.01 0.02 0.01 0.01 0.01 0.02 0.02 0.02 0.01 0.01 0.01 0.02 0.02 0.02
0.00 0.00 0.00 0.00 0.00 0.00 0.00 0.00 0.06 0.21 0.24 0.27 0.01 0.01 0.02 0.01 0.01 0.02 0.02 0.02 1.35 1.60 1.51 1.34 0.98 0.95 0.98 0.98 0.02 0.01 0.02 0.01 0.00 0.02 0.02 0.02 0.02 0.02 0.02 0.03 0.02 0.02 0.02 0.02 0.02 0.02 0.02 0.02 0.02 0.02 0.02 0.02 0.02 0.02 0.02 0.03 0.03 0.03 0.04 0.05 0.04 0.05 0.05 0.06 0.08 0.00 0.04 0.04 0.03 0.03 0.01 0.02 0.01 0.01 0.02 0.03 0.03 0.02 0.01 0.01 0.01 0.01 0.02 0.01
0.01 0.01 0.01 0.01 0.01 0.01 0.01 0.29 0.19 0.19 0.07 0.01 0.01 0.02 0.02 0.02 0.02 0.02 0.02 0.01 0.02 0.04 0.01 0.01 0.01 0.01 0.02 0.03 0.02 0.01 0.01 0.01 0.01 0.02 0.02 0.02 0.02 0.02 0.01 0.01 0.02 0.02 0.02 0.02 0.02 0.02 0.02 0.02 0.02 0.01 0.01 0.02 0.01 0.02 0.02 0.03 0.03 0.03 0.04 0.06 0.04 0.05 0.05 0.03 0.04 0.06 0.05 0.03 0.02 0.01 0.01 0.02 0.02 0.01 0.04 0.06 0.01 0.01 0.01 0.01 0.01 0.01 0.01 0.01
0.01 0.01 0.01 0.01 0.01 0.11 0.29 0.32 0.01 0.01 0.01 0.01 0.01 0.02 0.02 0.06 0.02 0.02 0.02 0.01 0.02 0.05 0.01 0.01 0.01 0.02 0.02 0.02 0.01 0.01 0.01 0.00 0.01 0.02 0.02 0.02 0.02 0.02 0.01 0.01 0.01 0.02 0.01 0.01 0.02 0.02 0.03 0.02 0.01 0.01 0.01 0.02 0.02 0.04 0.04 0.03 0.05 0.06 0.04 0.06 0.05 0.05 0.03 0.04 0.07 0.02 0.03 0.01 0.01 0.01 0.01 0.02 0.02 0.01 0.06 0.01 0.01 0.01 0.01 0.01 0.01 0.01 0.01 0.02
