NEW_versions/S_Waiehu/Scripts/Results/S_Waiehu_50m/MaxFloodMaps/S_Waiehu_50m_1.6.asc
NCOLS 296
NROWS 126
XLLCENTER 753498.390000
YLLCENTER 2312278.410000
CELLSIZE 25.000000
NODATA_value -99999.000000
[rows 38 to 75 of 126, columns 84 to 167 of 296]
0.00 0.00 0.00 0.00 0.00 0.00 0.00 0.00 0.00 0.00 0.00 0.00 0.00 0.00 0.00 0.00 0.00 0.00 0.00 0.00 0.00 0.00 0.00 0.00 0.00 0.00 0.00 0.00 0.00 0.00 0.00 0.00 0.00 0.00 0.00 0.00 0.00 0.00 0.00 0.00 0.00 0.00 0.00 0.00 0.00 0.00 0.00 0.00 0.00 0.00 0.00 0.00 0.00 0.00 0.00 0.00 0.00 0.01 0.01 0.01 0.01 0.01 0.01 0.00 0.00 0.00 0.00 0.00 0.00 0.00 0.00 0.00 0.01 0.02 0.02 0.02 0.03 0.05 0.15 0.06 0.05 0.05 0.06 0.08
0.00 0.00 0.00 0.00 0.00 0.00 0.00 0.00 0.00 0.00 0.00 0.00 0.00 0.00 0.00 0.00 0.00 0.00 0.00 0.00 0.00 0.00 0.00 0.00 0.00 0.00 0.00 0.00 0.00 0.00 0.00 0.00 0.00 0.00 0.00 0.00 0.00 0.00 0.00 0.00 0.00 0.00 0.00 0.00 0.00 0.01 0.01 0.01 0.01 0.01 0.01 0.01 0.01 0.00 0.01 0.00 0.01 0.01 0.01 0.01 0.01 0.02 0.01 0.01 0.00 0.00 0.00 0.00 0.00 0.00 0.00 0.01 0.01 0.01 0.01 0.02 0.02 0.02 0.02 0.03 0.03 0.03 0.04 0.04
0.01 0.01 0.01 0.00 0.00 0.00 0.00 0.00 0.00 0.00 0.00 0.00 0.00 0.00 0.00 0.00 0.00 0.00 0.00 0.00 0.00 0.00 0.00 0.00 0.00 0.00 0.00 0.00 0.00 0.00 0.00 0.00 0.00 0.00 0.00 0.00 0.00 0.00 0.00 0.00 0.00 0.00 0.00 0.01 0.01 0.01 0.01 0.01 0.01 0.01 0.01 0.01 0.01 0.01 0.01 0.01 0.01 0.02 0.01 0.01 0.01 0.03 0.01 0.01 0.01 0.00 0.01 0.01 0.01 0.01 0.00 0.01 0.01 0.01 0.01 0.01 0.01 0.01 0.01 0.03 0.03 0.04 0.03 0.02
0.01 0.01 0.01 0.01 0.01 0.01 0.01 0.00 0.00 0.00 0.00 0.00 0.00 0.00 0.00 0.00 0.00 0.00 0.00 0.00 0.00 0.00 0.00 0.00 0.00 0.00 0.00 0.00 0.00 0.00 0.00 0.00 0.00 0.00 0.00 0.00 0.00 0.00 0.01 0.01 0.01 0.01 0.01 0.01 0.01 0.02 0.01 0.01 0.01 0.02 0.01 0.01 0.02 0.01 0.01 0.01 0.01 0.02 0.02 0.01 0.01 0.04 0.01 0.01 0.01 0.01 0.01 0.01 0.01 0.02 0.01 0.01 0.02 0.01 0.01 0.01 0.01 0.01 0.01 0.02 0.02 0.02 0.02 0.02
0.01 0.01 0.01 0.02 0.01 0.01 0.01 0.01 0.01 0.01 0.00 0.00 0.00 0.00 0.00 0.00 0.01 0.01 0.01 0.01 0.01 0.01 0.01 0.01 0.01 0.01 0.01 0.01 0.01 0.01 0.01 0.01 0.01 0.01 0.01 0.01 0.01 0.01 0.01 0.01 0.01 0.01 0.01 0.01 0.01 0.02 0.03 0.01 0.01 0.03 0.01 0.01 0.03 0.02 0.01 0.02 0.01 0.02 0.03 0.01 0.01 0.04 0.01 0.01 0.01 0.01 0.01 0.01 0.01 0.03 0.01 0.02 0.02 0.01 0.01 0.01 0.01 0.01 0.02 0.02 0.02 0.02 0.02 0.03
0.01 0.01 0.02 0.02 0.02 0.01 0.01 0.01 0.01 0.01 0.01 0.01 0.01 0.01 0.01 0.01 0.01 0.01 0.01 0.01 0.01 0.01 0.02 0.01 0.01 0.01 0.02 0.01 0.01 0.02 0.01 0.01 0.01 0.01 0.01 0.01 0.01 0.01 0.01 0.01 0.01 0.01 0.01 0.01 0.01 0.02 0.03 0.03 0.01 0.03 0.01 0.01 0.02 0.03 0.02 0.02 0.01 0.01 0.04 0.02 0.01 0.03 0.04 0.01 0.01 0.01 0.01 0.01 0.03 0.02 0.01 0.01 0.03 0.02 0.02 0.01 0.01 0.01 0.02 0.02 0.02 0.02 0.02 0.02
0.02 0.02 0.03 0.02 0.03 0.02 0.01 0.01 0.01 0.01 0.01 0.01 0.01 0.01 0.01 0.01 0.01 0.02 0.01 0.02 0.01 0.02 0.02 0.02 0.02 0.02 0.02 0.01 0.01 0.02 0.01 0.01 0.01 0.01 0.01 0.02 0.02 0.02 0.01 0.01 0.01 0.01 0.01 0.01 0.02 0.02 0.03 0.04 0.01 0.03 0.02 0.01 0.02 0.03 0.03 0.03 0.01 0.01 0.03 0.04 0.01 0.02 0.05 0.01 0.01 0.01 0.01 0.01 0.03 0.04 0.01 0.02 0.04 0.02 0.02 0.01 0.01 0.01 0.02 0.02 0.02 0.03 0.01 0.02
0.02 0.02 0.03 0.02 0.03 0.02 0.02 0.02 0.01 0.01 0.01 0.01 0.01 0.01 0.01 0.01 0.02 0.02 0.02 0.02 0.01 0.02 0.02 0.02 0.02 0.02 0.02 0.02 0.01 0.03 0.02 0.01 0.01 0.01 0.02 0.02 0.02 0.02 0.02 0.02 0.02 0.02 0.02 0.01 0.02 0.02 0.02 0.04 0.02 0.03 0.04 0.01 0.02 0.03 0.04 0.02 0.01 0.02 0.03 0.05 0.01 0.02 0.06 0.01 0.01 0.01 0.01 0.01 0.02 0.05 0.01 0.01 0.05 0.02 0.01 0.02 0.02 0.02 0.02 0.02 0.02 0.04 0.01 0.01
0.02 0.02 0.04 0.03 0.03 0.02 0.02 0.02 0.02 0.01 0.01 0.01 0.01 0.01 0.01 0.01 0.02 0.02 0.02 0.02 0.02 0.02 0.01 0.01 0.01 0.02 0.02 0.02 0.02 0.03 0.02 0.01 0.01 0.01 0.02 0.01 0.02 0.03 0.02 0.02 0.02 0.02 0.02 0.02 0.02 0.02 0.02 0.04 0.03 0.03 0.05 0.02 0.02 0.02 0.06 0.05 0.01 0.01 0.02 0.06 0.01 0.02 0.09 0.01 0.01 0.02 0.01 0.01 0.02 0.04 0.04 0.01 0.08 0.01 0.02 0.02 0.04 0.02 0.01 0.02 0.05 0.04 0.01 0.01
0.02 0.02 0.05 0.03 0.02 0.03 0.02 0.02 0.02 0.01 0.01 0.01 0.01 0.01 0.01 0.02 0.02 0.02 0.02 0.02 0.02 0.01 0.01 0.02 0.02 0.02 0.02 0.03 0.02 0.03 0.04 0.02 0.01 0.01 0.02 0.02 0.02 0.02 0.03 0.02 0.02 0.02 0.02 0.03 0.02 0.02 0.02 0.03 0.05 0.02 0.04 0.04 0.01 0.02 0.05 0.07 0.04 0.01 0.02 0.05 0.04 0.01 0.09 0.01 0.01 0.03 0.01 0.01 0.02 0.03 0.07 0.03 0.04 0.01 0.02 0.04 0.04 0.02 0.02 0.02 0.04 0.04 0.02 0.01
0.05 0.04 0.06 0.05 0.02 0.02 0.03 0.02 0.02 0.02 0.01 0.01 0.01 0.01 0.01 0.02 0.02 0.02 0.02 0.02 0.02 0.01 0.02 0.02 0.03 0.03 0.03 0.04 0.02 0.03 0.04 0.03 0.02 0.01 0.01 0.02 0.01 0.02 0.03 0.02 0.02 0.02 0.02 0.03 0.03 0.03 0.03 0.03 0.06 0.02 0.02 0.05 0.01 0.02 0.03 0.05 0.05 0.02 0.02 0.10 0.04 0.01 0.08 0.01 0.01 0.03 0.03 0.01 0.02 0.03 0.11 0.03 0.04 0.01 0.02 0.05 0.03 0.01 0.03 0.02 0.03 0.04 0.03 0.02
0.07 0.04 0.06 0.03 0.03 0.04 0.03 0.02 0.02 0.02 0.01 0.01 0.01 0.01 0.01 0.02 0.02 0.02 0.02 0.03 0.03 0.02 0.02 0.02 0.02 0.03 0.03 0.04 0.04 0.02 0.04 0.04 0.03 0.03 0.01 0.03 0.01 0.01 0.04 0.02 0.02 0.03 0.02 0.03 0.03 0.03 0.04 0.05 0.07 0.02 0.02 0.05 0.02 0.02 0.03 0.08 0.03 0.03 0.05 2.33 2.30 2.20 1.90 0.01 0.01 0.03 0.05 0.01 0.02 0.03 0.09 0.04 0.03 0.01 0.02 0.07 0.04 0.01 0.04 0.03 0.02 0.04 0.02 0.02
0.09 0.04 0.05 0.02 0.03 0.07 0.03 0.02 0.02 0.01 0.01 0.01 0.01 0.01 0.02 0.02 0.02 0.02 0.02 0.03 0.03 0.03 0.03 0.02 0.02 0.02 0.03 0.03 0.05 0.01 0.03 0.04 0.04 0.04 0.04 0.03 0.02 0.01 0.03 0.03 0.02 0.03 0.03 0.03 0.03 0.04 0.07 0.52 0.60 0.02 0.02 0.04 0.03 0.03 0.04 0.08 3.53 3.55 3.29 2.92 0.01 0.02 1.52 1.64 0.01 0.03 0.07 0.02 0.01 0.03 0.14 0.03 0.02 0.01 0.02 0.05 0.03 0.02 0.04 0.04 0.02 0.03 0.03 0.02
0.09 0.06 0.03 0.01 0.02 0.07 0.03 0.02 0.02 0.01 0.01 0.01 0.01 0.01 0.02 0.02 0.02 0.02 0.02 0.02 0.03 0.04 0.03 0.03 0.02 0.02 0.02 0.03 0.07 0.02 0.02 0.03 0.04 0.04 2.70 2.41 1.88 0.01 0.02 0.03 0.02 0.03 0.04 0.03 0.03 0.03 1.71 1.28 1.79 2.33 2.18 2.17 2.12 1.95 2.16 3.48 3.50 0.02 0.01 0.01 0.01 0.02 0.02 2.65 2.47 2.08 3.31 2.81 1.91 2.61 1.63 0.03 0.01 0.01 0.02 0.04 0.05 0.02 0.04 0.04 0.03 0.03 0.03 0.03
0.07 0.07 0.03 0.01 0.02 0.11 0.02 0.02 0.02 0.01 0.01 0.01 0.01 0.01 0.02 0.02 0.02 0.02 0.02 0.02 0.03 0.03 0.04 0.04 0.03 0.03 0.10 0.05 0.05 0.02 0.01 0.02 0.03 3.01 2.88 0.07 1.68 0.02 0.01 0.03 0.03 0.04 0.05 2.82 3.14 2.89 2.50 0.01 0.01 0.03 0.04 0.05 0.07 0.18 0.03 0.02 0.02 0.01 0.01 0.02 0.02 0.02 0.02 0.02 0.06 0.13 0.02 0.97 0.02 0.02 2.99 3.08 0.02 0.01 0.02 0.05 0.03 0.02 0.03 0.04 0.03 0.04 0.89 1.40
0.06 0.08 0.02 0.01 0.02 0.10 0.03 0.02 0.02 0.01 0.01 0.01 0.01 0.01 0.02 0.02 0.03 0.03 0.02 0.02 0.03 0.03 0.03 0.03 2.00 1.97 1.41 1.23 1.39 0.02 0.01 0.02 3.18 3.11 0.01 0.02 1.66 1.51 0.01 0.02 1.93 2.09 2.14 2.30 0.02 0.02 0.01 0.01 0.02 0.03 0.03 0.02 0.03 0.02 0.02 0.02 0.01 0.01 0.01 0.01 0.02 0.02 0.02 0.02 0.02 0.02 0.03 0.02 0.01 0.01 0.02 3.26 3.53 3.12 0.64 0.04 0.06 0.02 0.02 0.04 2.49 2.33 2.01 1.59
0.06 7.59 11.96 11.84 11.94 11.84 8.93 0.03 0.01 0.01 0.01 0.01 0.01 0.01 0.02 0.02 0.03 0.03 0.02 0.02 0.02 0.02 0.02 1.95 1.97 0.01 0.01 0.01 1.25 1.51 2.76 2.84 2.98 0.01 0.01 0.02 0.03 1.62 2.46 2.43 2.37 0.03 0.03 0.02 0.02 0.01 0.01 0.01 0.01 0.02 0.02 0.01 0.02 0.02 0.02 0.01 0.01 0.01 0.01 0.01 0.01 0.01 0.01 0.02 0.02 0.01 0.01 0.01 0.02 0.01 0.01 0.01 0.02 2.59 1.60 2.08 2.62 2.21 1.36 2.62 2.57 0.01 0.01 0.02
5.42 5.64 0.00 0.01 0.01 0.01 8.39 7.85 7.32 0.01 0.01 0.01 0.01 0.01 0.01 0.02 0.03 0.04 0.04 0.04 0.07 0.01 2.17 2.11 0.01 0.01 0.01 0.02 0.03 0.03 0.02 0.01 0.01 0.01 0.01 0.02 0.03 0.03 0.05 0.02 0.02 0.02 0.03 0.02 0.02 0.01 0.01 0.01 0.01 0.02 0.01 0.01 0.02 0.02 0.01 0.01 0.01 0.01 0.01 0.01 0.01 0.01 0.01 0.01 0.01 0.01 0.01 0.01 0.01 0.01 0.01 0.01 0.01 0.01 0.01 0.01 0.02 0.03 0.01 0.02 0.01 0.01 0.02 0.02
0.01 0.01 0.01 0.01 0.01 0.01 0.02 0.02 1.33 1.34 1.36 0.01 0.01 0.01 0.01 0.01 0.02 0.03 1.77 1.67 1.21 1.48 2.20 0.02 0.01 0.00 0.01 0.02 0.03 0.01 0.01 0.01 0.01 0.01 0.02 0.03 0.03 0.02 0.01 0.01 0.01 0.03 0.02 0.01 0.01 0.01 0.01 0.01 0.01 0.02 0.01 0.01 0.01 0.01 0.01 0.01 0.00 0.00 0.01 0.01 0.01 0.01 0.01 0.01 0.01 0.01 0.01 0.01 0.01 0.01 0.01 0.01 0.01 0.01 0.01 0.01 0.01 0.01 0.01 0.01 0.01 0.01 0.01 0.01
0.01 0.01 0.00 0.01 0.01 0.01 0.02 0.02 0.02 0.03 1.53 1.53 1.48 0.01 0.01 0.01 0.02 0.03 1.61 0.01 0.01 0.04 0.02 0.01 0.01 0.01 0.01 0.02 0.03 0.01 0.01 0.01 0.01 0.01 0.01 0.02 0.03 0.01 0.01 0.01 0.01 0.02 0.01 0.01 0.01 0.01 0.01 0.01 0.01 0.01 0.01 0.01 0.01 0.01 0.01 0.01 0.01 0.01 0.01 0.01 0.01 0.01 0.01 0.01 0.01 0.01 0.01 0.01 0.01 0.01 0.01 0.01 0.01 0.01 0.01 0.01 0.01 0.00 0.00 0.01 0.01 0.00 0.01 0.01
0.01 0.01 0.01 0.01 0.01 0.01 0.01 0.02 0.02 0.03 0.03 0.03 1.20 1.48 1.49 0.01 0.01 1.78 0.99 0.01 0.02 0.02 0.01 0.01 0.01 0.01 0.01 0.02 0.02 0.01 0.01 0.01 0.01 0.01 0.01 0.01 0.02 0.01 0.01 0.01 0.01 0.01 0.01 0.01 0.01 0.01 0.00 0.01 0.01 0.01 0.01 0.00 0.00 0.01 0.01 0.01 0.01 0.01 0.01 0.01 0.01 0.01 0.02 0.01 0.02 0.02 0.02 0.02 0.02 0.02 0.02 0.02 0.02 0.02 0.02 0.02 0.01 0.01 0.01 0.02 0.01 0.01 0.01 0.01
0.01 0.01 0.01 0.01 0.01 0.01 0.02 0.03 0.03 0.04 0.03 0.03 0.03 0.03 1.55 1.87 2.13 2.03 0.01 0.01 0.01 0.02 0.01 0.01 0.01 0.01 0.01 0.01 0.01 0.01 0.00 0.00 0.01 0.01 0.01 0.01 0.01 0.01 0.01 0.01 0.01 0.01 0.01 0.01 0.01 0.01 0.01 0.01 0.01 0.01 0.01 0.01 0.01 0.01 0.01 0.01 0.01 0.01 0.01 0.01 0.01 0.01 0.02 0.02 0.02 0.01 0.02 0.02 0.02 0.01 0.02 0.02 0.02 0.02 0.02 0.03 0.02 0.02 0.01 0.01 0.02 0.01 0.02 0.02
0.01 0.01 0.01 0.01 0.01 0.02 0.02 0.02 0.03 0.03 0.04 0.03 0.03 0.03 0.03 0.07 0.09 0.02 0.01 0.01 0.01 0.02 0.01 0.01 0.01 0.01 0.01 0.01 0.01 0.00 0.01 0.01 0.01 0.01 0.01 0.00 0.00 0.00 0.01 0.01 0.01 0.01 0.01 0.01 0.01 0.01 0.01 0.01 0.01 0.01 0.02 0.01 0.01 0.01 0.01 0.02 0.02 0.02 0.02 0.02 0.02 0.02 0.02 0.02 0.03 0.01 0.02 0.02 0.04 0.01 0.01 0.02 0.03 0.03 0.03 0.03 0.05 0.03 0.05 0.01 0.04 0.02 0.01 0.02
0.01 0.01 0.01 0.01 0.02 0.02 0.02 0.02 0.02 0.03 0.03 0.03 0.04 0.04 0.04 0.06 0.03 0.01 0.01 0.01 0.01 0.01 0.01 0.01 0.00 0.00 0.01 0.01 0.01 0.01 0.01 0.01 0.01 0.01 0.01 0.01 0.01 0.01 0.01 0.01 0.00 0.01 0.01 0.01 0.01 0.01 0.01 0.01 0.02 0.02 0.02 0.03 0.01 0.01 0.02 0.02 0.02 0.03 0.05 0.02 0.02 0.02 0.03 0.02 0.04 0.02 0.02 0.02 1.43 2.79 3.71 3.75 3.81 3.91 0.02 3.75 3.28 2.48 1.16 0.02 0.02 3.10 2.49 2.91
0.01 0.01 0.01 0.01 0.01 0.02 0.02 0.02 0.03 0.02 0.02 0.03 0.03 0.04 0.03 0.03 0.04 0.02 0.01 0.01 0.01 0.01 0.01 0.01 0.01 0.01 0.01 0.01 0.01 0.01 0.01 0.02 0.02 0.02 0.02 0.02 0.01 0.01 0.01 0.01 0.00 0.01 0.02 0.02 0.02 0.02 0.02 0.02 0.02 0.02 0.02 0.04 0.02 0.01 0.02 0.02 0.05 0.04 0.04 0.03 0.03 0.02 2.04 2.27 2.73 3.57 3.21 2.56 1.77 1.95 0.02 0.01 0.03 4.06 4.06 4.07 0.03 2.40 2.55 3.53 3.42 3.29 0.01 0.01
0.01 0.01 0.01 0.01 0.01 0.02 0.02 0.02 0.02 0.02 0.02 0.03 0.03 0.03 0.03 0.04 0.02 0.01 0.01 0.01 0.00 0.01 0.01 0.01 0.01 0.01 0.01 0.02 0.01 0.02 0.02 0.02 0.02 0.02 0.03 0.03 0.02 0.01 0.01 0.01 0.01 0.01 0.01 0.01 0.02 0.02 0.02 0.02 0.02 0.02 0.02 0.03 0.03 0.02 0.02 0.03 0.02 0.02 2.21 1.97 2.62 2.63 2.62 0.01 0.04 0.05 0.02 0.03 0.04 0.02 0.03 0.03 0.05 0.04 0.03 0.04 0.03 0.03 0.03 0.04 0.07 0.04 0.01 0.02
0.01 0.01 0.01 0.01 0.01 0.02 0.02 0.02 0.02 0.02 0.03 0.04 0.03 0.02 0.02 0.03 0.02 0.01 0.01 0.01 0.00 0.01 0.01 0.01 0.01 0.02 0.02 0.02 0.02 0.02 0.02 0.02 0.02 0.03 0.03 0.03 0.04 0.01 0.02 0.01 0.01 0.01 0.01 0.01 0.02 0.02 0.04 0.04 0.04 0.02 0.02 0.03 0.04 0.04 0.04 0.04 2.00 2.24 2.26 0.16 0.01 0.11 0.09 0.01 0.03 0.04 0.02 0.03 0.02 0.01 0.04 0.03 0.05 0.03 0.03 0.03 0.03 0.03 0.03 0.03 0.03 0.04 0.02 0.03
0.01 0.01 0.01 0.01 0.01 0.02 0.02 0.02 0.02 0.03 0.03 0.03 0.02 0.02 0.02 0.02 0.01 0.01 0.01 0.01 0.01 0.01 0.01 0.01 0.01 0.02 0.02 0.02 0.03 0.02 0.02 0.02 0.02 0.03 0.04 0.03 0.04 0.03 0.03 0.01 0.01 0.01 0.01 0.01 0.01 0.02 0.02 0.03 0.05 0.04 0.01 0.02 0.02 0.03 3.44 2.98 2.70 0.07 0.11 0.01 0.01 0.16 0.06 0.01 0.03 0.04 0.02 0.02 0.03 0.01 0.03 0.04 0.06 0.02 0.02 0.02 0.02 0.03 0.03 0.03 0.05 0.02 0.03 0.03
0.01 0.01 0.01 0.01 0.02 0.02 0.02 0.02 0.02 0.03 0.02 0.02 0.02 0.02 0.01 0.01 0.01 0.01 0.01 0.01 0.02 0.02 0.02 0.02 0.02 0.02 0.02 0.02 0.03 0.03 0.02 0.02 0.03 0.03 0.03 0.03 0.05 0.03 0.06 0.02 0.01 0.01 0.01 0.01 0.01 0.01 0.02 0.03 0.04 0.07 0.01 3.56 3.87 4.19 3.87 0.03 0.02 0.24 0.05 0.01 0.01 0.17 0.09 0.02 0.03 0.03 0.02 0.02 0.03 0.02 0.03 0.03 0.05 0.01 0.02 0.02 0.02 0.03 0.03 0.02 0.03 0.03 0.03 0.03
0.01 0.01 0.01 0.01 0.02 0.02 0.02 0.02 0.02 0.02 0.02 0.02 0.02 0.01 0.01 0.01 0.01 0.01 0.01 0.01 0.01 0.02 0.02 0.02 0.02 0.02 0.02 0.02 0.03 0.03 0.03 0.03 0.03 0.03 2.54 2.00 1.75 3.11 2.92 0.03 0.01 0.01 0.00 0.01 0.01 0.02 0.03 0.03 0.84 3.45 3.46 3.39 1.30 2.58 0.03 0.02 0.03 0.11 0.06 0.01 0.02 0.36 0.13 0.03 0.02 0.02 0.01 0.02 0.03 0.01 0.04 0.03 0.04 0.01 0.02 0.02 0.02 0.02 0.02 0.02 0.03 0.03 0.03 0.03
0.01 0.01 0.01 0.01 0.01 0.02 0.02 0.01 0.01 0.01 0.02 0.02 0.01 0.01 0.01 0.01 0.01 0.01 0.01 0.01 0.01 0.01 0.01 0.02 0.02 0.02 0.03 0.03 0.03 0.03 0.03 0.03 0.02 0.02 2.67 0.64 0.01 0.01 2.61 2.03 0.01 0.01 0.01 0.01 0.01 0.02 0.04 2.32 3.22 3.35 0.76 0.04 0.03 0.04 0.03 0.01 0.04 0.05 0.06 0.01 0.01 0.14 0.17 0.04 0.02 0.02 0.01 0.02 0.02 0.01 0.02 0.03 0.04 0.02 0.02 0.02 0.02 0.02 0.02 0.02 0.02 0.02 0.02 0.03
0.01 0.01 0.01 0.01 0.01 0.01 0.01 0.01 0.01 0.01 0.01 0.01 0.01 0.01 0.01 0.02 0.02 0.02 0.02 0.01 0.01 0.01 0.01 0.02 0.02 0.02 0.03 0.03 0.03 0.02 2.66 2.88 2.99 2.93 2.84 0.01 0.01 0.02 0.03 2.41 0.01 0.01 0.01 0.01 0.02 0.03 0.02 2.36 2.69 0.02 0.04 0.03 0.02 0.02 0.03 0.02 0.01 0.03 0.09 0.01 0.01 0.02 0.18 0.06 0.02 0.01 0.01 0.01 0.01 0.01 0.02 0.03 0.03 0.01 0.02 0.02 0.02 0.02 0.02 0.02 0.02 0.02 0.02 0.02
0.01 0.00 0.00 0.00 0.00 0.00 0.00 0.00 0.00 0.01 0.01 0.01 0.01 0.01 0.01 0.02 0.02 0.04 0.04 0.04 0.04 0.03 0.03 0.02 0.03 0.02 0.02 0.02 2.68 2.62 2.49 1.65 1.44 0.01 0.01 0.01 0.01 0.02 0.03 3.45 3.35 0.01 0.01 0.01 0.02 0.02 0.02 2.74 0.03 0.03 0.03 0.03 0.02 0.02 0.03 0.01 0.01 0.03 0.07 0.01 0.01 0.03 0.14 0.09 0.02 0.01 0.01 0.01 0.01 0.01 0.02 0.02 0.02 0.02 0.02 0.02 0.02 0.02 0.02 0.01 0.01 0.02 0.02 0.02
0.00 0.01 0.01 0.01 0.01 0.01 0.01 0.01 0.01 0.01 0.01 0.01 0.01 0.01 0.01 0.01 0.01 0.01 0.01 0.02 0.04 0.05 0.05 0.04 0.03 0.03 0.03 2.72 2.71 0.04 0.02 0.01 0.01 0.01 0.01 0.01 0.02 0.02 0.03 0.03 3.22 3.02 2.71 2.13 1.49 2.88 2.96 2.89 0.03 0.02 0.03 0.02 0.02 0.01 0.03 0.01 0.01 0.03 0.07 0.01 0.01 0.02 0.11 0.09 0.02 0.01 0.01 0.01 0.01 0.02 0.02 0.02 0.02 0.02 0.02 0.01 0.01 0.01 0.01 0.01 0.01 0.01 0.01 0.01
0.01 0.01 0.01 0.01 0.01 0.01 0.01 0.02 0.01 0.01 0.01 0.01 0.01 0.01 0.01 0.01 0.01 0.01 0.01 0.01 0.01 0.01 0.03 0.06 0.06 0.06 2.72 2.72 0.01 0.02 0.02 0.01 0.01 0.01 0.01 0.01 0.02 0.02 0.02 0.03 0.04 0.05 0.08 0.17 1.89 2.25 0.10 0.04 0.03 0.02 0.02 0.02 0.02 0.01 0.02 0.01 0.01 0.04 0.06 0.01 0.01 0.02 0.06 0.13 0.02 0.01 0.01 0.01 0.01 0.02 0.02 0.01 0.01 0.01 0.01 0.01 0.01 0.01 0.01 0.01 0.01 0.01 0.01 0.01
0.01 0.01 0.01 0.01 0.02 0.02 0.02 0.03 0.01 0.01 0.01 0.01 0.02 0.02 0.02 0.02 0.01 0.01 0.01 0.01 0.01 0.01 0.01 0.01 0.04 0.10 1.48 0.01 0.02 0.02 0.01 0.01 0.01 0.01 0.01 0.01 0.02 0.02 0.03 0.04 0.06 0.06 0.08 0.08 0.07 0.17 0.10 0.04 0.03 0.02 0.02 0.02 0.02 0.01 0.01 0.01 0.01 0.04 0.04 0.01 0.01 0.01 0.07 0.08 0.02 0.01 0.01 0.01 0.01 0.01 0.01 0.01 0.01 0.01 0.01 0.01 0.01 0.01 0.01 0.01 0.01 0.01 0.01 0.01
0.01 0.02 0.02 0.02 0.02 0.02 0.02 0.04 0.01 0.01 0.01 0.01 0.02 0.02 0.03 0.03 0.02 0.02 0.01 0.01 0.01 0.01 0.01 0.01 0.01 0.01 1.74 0.01 0.02 0.02 0.01 0.01 0.01 0.01 0.01 0.01 0.02 0.03 0.04 0.05 0.06 0.07 0.12 0.09 0.05 0.11 0.11 0.06 0.04 0.02 0.02 0.02 0.02 0.02 0.01 0.01 0.01 0.05 0.02 0.01 0.01 0.02 0.07 0.07 0.01 0.01 0.01 0.01 0.01 0.01 0.01 0.01 0.01 0.01 0.01 0.01 0.01 0.01 0.01 0.02 0.02 0.02 0.01 0.02
0.01 0.01 0.02 0.02 0.02 0.02 0.02 0.04 0.01 0.01 0.01 0.01 0.01 0.01 0.02 0.02 0.03 0.03 0.02 0.02 0.02 0.01 0.01 0.01 0.01 1.78 1.78 0.02 0.02 0.01 0.01 0.01 0.00 0.01 0.01 0.02 0.02 0.04 0.05 0.05 0.06 0.07 0.14 0.05 0.01 0.07 0.12 0.07 0.06 0.03 0.02 0.01 0.01 0.01 0.01 0.01 0.01 0.04 0.02 0.01 0.01 0.02 0.08 0.05 0.01 0.01 0.01 0.01 0.01 0.01 0.01 0.01 0.01 0.01 0.01 0.01 0.02 0.01 0.02 0.02 0.03 0.02 0.03 0.02
