NEW_versions/S_Waiehu/Scripts/Results/S_Waiehu_50m/MaxFloodMaps/S_Waiehu_50m_0.9.asc
NCOLS 296
NROWS 126
XLLCENTER 753498.390000
YLLCENTER 2312278.410000
CELLSIZE 25.000000
NODATA_value -99999.000000
[rows 38 to 75 of 126, columns 168 to 251 of 296]
0.16 0.04 0.06 0.07 0.05 0.03 0.03 0.02 0.02 0.02 0.01 0.01 0.02 0.02 0.01 0.01 0.02 0.01 0.01 0.02 0.02 0.02 0.01 0.01 0.01 0.01 0.01 0.02 0.02 0.01 0.01 0.01 0.01 0.02 0.01 0.01 0.01 0.02 0.05 0.06 0.04 0.02 0.02 0.02 0.01 0.01 1.31 0.01 0.03 0.01 0.00 0.01 0.01 0.01 0.02 0.02 2.21 2.15 0.01 0.01 0.01 0.01 0.02 0.02 0.03 0.05 0.05 0.16 0.18 0.12 0.08 0.07 0.06 0.05 0.03 0.02 0.03 0.20 0.28 0.37 0.23 0.14 0.01 0.01
0.02 0.06 0.05 0.01 0.01 0.01 0.01 0.02 0.02 0.01 0.01 0.01 0.02 0.01 0.01 0.01 0.01 0.01 0.01 0.01 0.01 0.02 0.02 0.01 0.01 0.01 0.03 0.02 0.01 0.01 0.01 0.01 0.01 0.02 0.01 0.01 0.01 0.01 0.01 0.01 0.01 0.02 0.01 0.02 0.01 1.49 1.25 0.01 0.02 0.01 0.01 0.02 0.03 0.02 0.60 1.99 2.05 0.01 0.01 0.01 0.01 0.01 0.01 0.02 0.03 0.08 0.21 0.10 0.06 0.04 0.08 0.05 0.07 0.05 0.05 0.23 0.45 0.41 0.01 0.01 0.02 0.07 0.05 0.02
0.01 0.01 0.00 0.01 0.01 0.01 0.01 0.01 0.01 0.01 0.01 0.01 0.01 0.01 0.01 0.01 0.01 0.01 0.01 0.01 0.01 0.01 0.03 0.00 0.01 0.01 0.07 0.00 0.00 0.01 0.01 0.01 0.02 0.01 0.01 0.01 0.02 0.01 0.01 0.01 0.01 0.02 0.02 1.42 1.42 1.43 0.01 0.01 0.02 0.01 0.01 0.01 0.01 0.05 2.20 1.85 0.01 0.01 0.01 0.01 0.01 0.01 0.01 0.03 0.04 0.03 0.02 0.02 0.01 0.01 0.01 0.02 0.12 0.20 0.21 0.22 0.01 0.01 0.01 0.01 0.02 0.07 0.04 0.05
0.02 0.01 0.01 0.01 0.01 0.02 0.02 0.02 0.02 0.02 0.01 0.01 0.01 0.01 0.01 0.01 0.01 0.01 0.01 0.01 0.01 0.01 0.03 0.01 0.01 0.01 0.02 0.01 0.01 0.00 0.00 0.01 0.01 0.01 0.01 0.01 0.01 0.01 0.02 0.01 1.77 1.21 2.01 1.64 0.01 0.00 0.01 0.01 0.01 0.01 0.01 0.01 0.03 0.10 2.56 0.01 0.01 0.01 0.01 0.02 0.01 0.01 0.01 0.02 0.07 0.01 0.01 0.01 0.01 0.01 0.02 0.03 0.08 0.09 0.02 0.00 0.01 0.04 0.03 0.03 0.11 0.10 0.15 0.14
0.02 0.02 0.02 0.01 0.01 0.01 0.02 0.02 0.02 0.02 0.02 0.01 0.01 0.01 0.01 0.01 0.01 0.01 0.01 0.01 0.01 0.01 0.02 0.01 0.02 0.03 0.03 0.02 0.02 0.02 0.03 0.02 0.02 0.02 0.02 0.02 0.02 0.02 0.02 2.19 2.03 0.02 0.01 0.01 0.01 0.00 0.01 0.01 0.01 0.01 0.02 0.02 0.04 0.15 1.70 0.01 0.01 0.01 0.01 0.01 0.01 0.01 0.01 0.02 0.05 0.01 0.01 0.01 0.01 0.02 0.02 0.02 0.15 0.00 0.01 0.01 0.01 0.03 0.11 0.17 0.17 0.12 0.10 0.11
0.01 0.01 0.01 0.01 0.01 0.01 0.01 0.01 0.02 0.02 0.02 0.01 0.01 0.01 0.01 0.01 0.01 0.01 0.01 0.01 0.01 0.02 0.02 0.02 0.02 0.02 0.02 0.03 0.02 0.02 0.02 0.02 0.02 0.02 0.03 0.03 0.02 0.02 2.38 2.30 0.01 0.01 0.00 0.01 0.01 0.01 0.01 0.01 0.01 0.01 0.02 0.04 0.05 0.43 1.40 0.01 0.01 0.01 0.01 0.01 0.01 0.01 0.01 0.02 0.03 0.04 0.01 0.02 0.05 0.03 0.02 0.01 0.15 0.01 0.01 0.01 0.02 0.03 0.10 0.12 0.11 0.10 0.07 0.10
0.01 0.01 0.01 0.02 0.02 0.01 0.01 0.01 0.01 0.01 0.01 0.01 0.01 0.01 0.01 0.02 0.01 0.01 0.01 0.02 0.03 0.03 0.04 0.03 0.03 0.03 0.05 0.05 0.04 0.03 0.02 0.02 0.02 0.03 0.03 0.03 0.71 1.31 2.43 0.01 0.01 0.01 0.00 0.01 0.01 0.01 0.01 0.01 0.02 0.02 0.03 0.03 0.12 0.55 1.76 0.01 0.01 0.01 0.02 0.03 0.04 0.05 0.06 0.05 0.04 0.09 0.07 0.07 0.05 0.05 0.03 0.02 0.14 0.11 0.10 0.11 0.10 0.06 0.14 0.13 0.09 0.07 0.06 0.12
0.01 0.01 0.01 0.02 0.02 0.02 0.01 0.01 0.01 0.01 0.01 0.01 0.02 0.02 0.02 0.02 0.02 0.02 0.02 0.04 0.05 0.02 0.04 0.03 0.03 0.03 0.02 0.03 0.04 0.03 0.03 0.02 0.03 0.02 0.03 1.81 1.48 0.98 0.01 0.01 0.01 0.01 0.01 0.01 0.01 0.01 0.01 0.02 0.02 0.05 0.05 0.03 0.17 1.86 1.50 0.01 0.01 0.01 0.01 0.01 0.01 0.02 0.02 0.02 0.02 0.03 0.03 0.02 0.04 0.05 0.05 0.02 0.20 0.04 0.03 0.02 0.32 0.35 0.24 0.11 0.09 0.07 0.06 0.22
0.01 0.02 0.01 0.02 0.02 0.04 0.01 0.01 0.01 0.01 0.01 0.02 0.02 0.02 0.02 0.02 0.02 0.02 0.03 0.02 0.01 0.03 0.05 0.05 0.04 0.05 0.03 0.03 0.04 0.04 0.03 0.03 0.03 0.02 0.01 1.76 0.01 0.01 0.01 0.00 0.00 0.01 0.01 0.01 0.01 0.01 0.02 0.03 0.05 0.04 0.05 0.04 0.36 2.22 0.01 0.01 0.01 0.01 0.01 0.01 0.02 0.02 0.02 0.01 0.01 0.01 0.01 0.01 0.01 0.01 0.02 0.04 0.21 0.01 0.01 0.08 0.30 0.04 0.03 0.02 0.04 0.05 0.04 0.60
0.01 0.01 0.02 0.03 0.03 0.04 0.03 0.01 0.01 0.01 0.01 0.02 0.02 0.02 0.02 0.02 0.03 0.03 0.03 0.03 0.03 0.02 0.01 0.03 0.04 0.04 0.04 0.04 0.05 0.05 0.04 0.58 1.18 1.66 1.66 1.69 0.01 0.01 0.00 0.00 0.01 0.01 0.01 0.01 0.01 0.01 0.02 0.02 0.02 0.01 0.03 0.09 0.61 2.36 0.01 0.01 0.01 0.01 0.01 0.02 0.02 0.02 0.02 0.02 0.02 0.02 0.02 0.02 0.02 0.05 0.08 0.06 0.14 0.07 0.10 0.14 0.22 0.06 0.02 0.03 0.05 0.07 0.05 0.71
0.01 0.02 0.02 0.03 0.03 0.05 0.02 0.01 0.01 0.01 0.01 0.01 0.02 0.02 0.03 0.02 0.02 0.02 0.04 0.00 0.00 0.00 0.01 0.02 0.03 0.03 0.03 0.04 0.04 0.75 1.26 1.33 0.71 0.60 0.01 0.01 0.01 0.01 0.01 0.01 0.01 0.01 0.01 0.01 0.01 0.01 0.02 0.02 0.04 0.04 0.05 0.02 1.40 1.14 0.01 0.01 0.01 0.01 0.01 0.01 0.01 0.01 0.01 0.03 0.04 0.12 0.10 0.10 0.11 0.08 0.06 0.04 0.04 0.15 0.07 0.12 0.12 0.16 0.11 0.04 0.14 0.09 0.74 0.70
0.02 0.02 0.02 0.02 0.02 0.04 0.04 0.01 0.01 0.01 0.02 0.02 0.02 0.03 0.04 0.03 0.03 0.04 0.08 0.09 0.00 0.01 0.01 0.02 0.02 0.03 0.66 0.92 1.21 1.31 0.87 0.01 0.01 0.01 0.01 0.01 0.01 0.00 0.01 0.01 0.01 0.01 0.01 0.01 0.02 0.02 0.03 0.04 0.04 0.03 0.02 0.18 2.10 0.39 0.01 0.00 0.01 0.01 0.02 0.01 0.02 0.03 0.03 0.03 0.03 0.08 0.01 0.01 0.01 0.01 0.03 0.05 0.06 0.05 0.03 0.22 0.12 0.16 0.22 0.16 0.21 0.50 0.74 0.14
0.02 0.02 0.02 0.02 0.02 0.04 0.05 0.01 0.01 0.01 0.01 0.02 0.02 0.02 0.02 0.02 0.03 0.02 0.01 0.04 0.03 0.02 0.02 0.02 0.02 0.78 1.14 0.91 0.67 0.35 0.18 0.01 0.01 0.01 0.01 0.00 0.00 0.00 0.01 0.01 0.01 0.01 0.01 0.02 0.02 0.03 0.03 0.03 0.03 0.04 3.03 2.81 2.53 0.01 0.01 0.01 0.02 0.02 0.02 0.02 0.02 0.02 0.02 0.02 0.02 0.04 0.00 0.01 0.02 0.05 0.05 0.02 0.04 0.02 0.01 0.21 0.14 0.12 0.13 0.52 0.34 0.62 0.15 0.05
0.03 0.03 0.04 0.02 0.01 0.03 0.09 0.02 0.01 0.01 0.01 0.02 0.01 0.01 0.02 0.02 0.04 0.01 0.01 0.03 0.03 0.03 0.03 0.03 1.71 1.50 1.26 0.34 0.14 0.02 0.01 0.01 0.01 0.00 0.00 0.01 0.00 0.01 0.01 0.01 0.01 0.02 0.02 0.03 0.03 0.02 0.02 0.03 0.01 0.01 3.20 0.27 0.01 0.01 0.01 0.01 0.01 0.01 0.02 0.02 0.02 0.02 0.01 0.01 0.01 0.02 0.05 0.05 0.05 0.03 0.02 0.02 0.03 0.08 0.33 0.38 0.07 0.06 0.14 0.50 0.29 0.19 0.06 0.12
1.25 1.32 1.42 1.92 0.01 0.03 0.08 0.02 0.01 0.01 0.01 0.03 0.03 0.01 0.02 0.02 0.48 0.24 0.20 0.72 0.96 0.97 1.27 1.86 1.80 0.24 0.01 0.01 0.01 0.01 0.01 0.00 0.00 0.00 0.03 0.01 0.01 0.01 0.01 0.01 0.01 0.02 0.02 0.04 0.03 0.02 0.02 0.03 0.02 2.35 1.82 0.01 0.01 0.01 0.01 0.01 0.01 0.02 0.02 0.03 0.03 0.03 0.03 0.02 0.03 0.03 0.03 0.00 0.01 0.01 0.01 0.01 0.02 0.36 0.37 0.10 0.01 0.08 0.22 0.56 0.02 0.02 0.02 0.01
0.92 0.01 0.02 1.77 1.44 1.93 1.67 0.82 1.44 1.42 1.34 0.95 1.33 1.07 1.65 1.57 0.92 1.31 1.25 1.19 0.84 0.44 0.30 0.16 0.10 0.07 0.01 0.01 0.01 0.00 0.00 0.01 0.01 0.01 0.03 0.01 0.01 0.01 0.01 0.01 0.02 0.02 0.03 0.01 0.02 0.02 0.02 0.02 2.79 2.67 0.02 0.01 0.01 0.01 0.01 0.01 0.03 0.04 0.04 0.05 0.05 0.04 0.05 0.05 0.03 0.02 0.07 0.00 0.01 0.02 0.02 0.02 0.05 0.37 0.01 0.09 0.01 0.14 0.36 0.34 0.02 0.02 0.01 0.02
0.01 0.02 0.03 0.02 0.02 0.01 0.01 0.89 0.92 0.02 0.03 0.05 0.01 0.02 0.02 0.02 0.02 0.01 0.02 0.01 0.02 0.01 0.01 0.01 0.01 0.01 0.01 0.00 0.01 0.00 0.01 0.02 0.01 0.01 0.02 0.02 0.01 0.01 0.01 0.01 0.02 0.03 0.03 0.04 0.01 0.02 0.03 2.11 2.90 1.38 0.02 0.01 0.01 0.00 0.01 0.02 0.03 0.02 0.02 0.01 0.02 0.03 0.02 0.03 0.03 0.02 0.05 0.01 0.01 0.01 0.02 0.01 0.07 0.36 0.00 0.60 0.63 0.35 0.40 0.25 0.02 0.02 0.01 0.02
0.01 0.01 0.01 0.01 0.01 0.01 0.01 0.02 0.02 0.03 0.02 0.02 0.01 0.01 0.02 0.02 0.01 0.01 0.01 0.01 0.01 0.01 0.01 0.01 0.01 0.01 0.01 0.01 0.01 0.01 0.01 0.02 0.02 0.02 0.02 0.02 0.17 0.18 0.01 0.01 0.02 0.02 0.03 0.04 0.02 0.02 0.02 1.83 0.01 0.01 0.01 0.01 0.01 0.01 0.01 0.01 0.02 0.02 0.02 0.02 0.02 0.03 0.03 0.02 0.03 0.04 0.13 0.13 0.00 0.01 0.02 0.02 0.09 0.21 0.36 0.59 0.64 0.34 0.13 0.08 0.01 0.02 0.01 0.02
0.01 0.01 0.01 0.01 0.01 0.01 0.01 0.01 0.02 0.02 0.03 0.02 0.01 0.01 0.01 0.01 0.01 0.01 0.01 0.01 0.01 0.01 0.01 0.01 0.01 0.01 0.01 0.02 0.02 0.00 0.00 0.02 0.01 0.02 0.02 0.26 0.16 0.15 0.10 0.07 0.06 0.08 0.05 0.05 0.04 0.03 0.02 2.18 0.01 0.01 0.00 0.01 0.01 0.01 0.01 0.01 0.01 0.01 0.02 0.02 0.02 0.03 0.03 0.03 0.06 0.09 0.05 0.14 0.06 0.05 0.04 0.49 0.22 0.14 0.50 0.52 0.51 0.04 0.01 0.01 0.01 0.01 0.01 0.03
0.01 0.01 0.01 0.01 0.01 0.01 0.01 0.01 0.01 0.02 0.01 0.01 0.01 0.01 0.01 0.01 0.01 0.01 0.01 0.01 0.01 0.01 0.03 0.02 0.05 0.07 0.09 0.07 0.14 0.02 0.03 0.00 0.00 0.01 0.02 0.26 0.01 0.05 0.09 0.10 0.09 0.08 0.06 0.08 0.07 0.05 1.86 1.47 0.01 0.00 0.00 0.01 0.01 0.02 0.02 0.02 0.02 0.02 0.02 0.02 0.02 0.06 0.07 0.06 0.22 0.00 0.01 0.02 0.04 0.06 0.25 0.56 0.11 0.11 0.11 0.10 0.24 0.09 0.09 0.01 0.01 0.01 0.01 0.04
0.01 0.00 0.00 0.01 0.01 0.00 0.01 0.01 0.01 0.01 0.01 0.01 0.01 0.01 0.02 0.01 0.01 0.01 0.01 0.01 0.02 0.04 0.05 0.07 0.08 0.06 0.06 0.19 0.13 0.08 0.04 0.05 0.10 0.37 0.35 0.25 0.09 0.06 0.05 0.04 0.07 0.05 0.07 1.07 1.90 1.90 1.89 0.01 0.01 0.00 0.01 0.01 0.01 0.02 0.02 0.02 0.02 0.02 0.02 0.06 0.09 0.08 0.04 0.08 0.34 0.01 0.01 0.01 0.03 0.43 0.59 0.50 0.49 0.23 0.08 0.07 0.11 0.08 0.09 0.06 0.02 0.00 0.01 0.06
0.01 0.01 0.01 0.01 0.01 0.01 0.01 0.01 0.01 0.01 0.01 0.01 0.01 0.01 0.02 0.03 0.04 0.04 0.04 0.07 0.07 0.06 0.04 0.04 0.04 0.03 0.02 0.03 0.01 0.01 0.01 0.06 0.01 0.01 0.02 0.04 0.07 0.06 0.05 0.05 0.06 0.06 2.43 2.20 2.08 0.02 0.02 0.01 0.01 0.01 0.01 0.01 0.01 0.01 0.02 0.02 0.02 0.04 0.03 0.05 0.06 0.05 0.05 0.07 0.37 0.01 0.01 0.04 0.50 0.64 0.38 0.02 0.05 0.25 0.03 0.08 0.08 0.10 0.01 0.01 0.02 0.05 0.11 0.10
0.02 0.01 0.01 0.02 0.01 0.01 0.01 0.00 0.00 0.00 0.01 0.01 0.01 0.01 0.01 0.01 0.02 0.02 0.02 0.02 0.02 0.02 0.03 0.03 0.02 0.02 0.01 0.01 0.01 0.01 0.01 0.02 0.02 0.01 0.01 0.01 0.04 0.05 0.05 0.05 0.06 2.27 2.33 0.01 0.01 0.02 0.02 0.01 0.01 0.01 0.01 0.01 0.02 0.02 0.02 0.03 0.03 0.05 0.19 0.08 0.05 0.09 0.11 0.10 0.40 0.23 0.29 0.54 0.47 0.39 0.03 0.03 0.04 0.11 0.06 0.11 0.09 0.11 0.02 0.01 0.01 0.04 0.01 0.08
1.89 0.01 0.01 0.02 0.01 0.01 0.01 0.01 0.01 0.01 0.01 0.01 0.01 0.01 0.01 0.01 0.01 0.01 0.02 0.02 0.02 0.02 0.02 0.02 0.01 0.01 0.01 0.01 0.01 0.01 0.01 0.01 0.01 0.01 0.01 0.01 0.03 0.04 0.03 0.04 0.21 2.24 0.02 0.03 0.02 0.01 0.00 0.00 0.01 0.01 0.01 0.02 0.02 0.03 0.07 0.10 0.12 0.14 0.07 0.04 0.09 0.12 0.13 0.11 0.19 0.25 0.23 0.27 0.15 0.06 0.05 0.04 0.03 0.05 0.08 0.13 0.10 0.07 0.04 0.02 0.02 0.02 0.01 0.01
1.88 0.01 0.01 0.01 0.01 0.02 0.01 0.01 0.01 0.01 0.01 0.01 0.01 0.01 0.01 0.01 0.01 0.01 0.01 0.01 0.01 0.01 0.01 0.01 0.01 0.01 0.01 0.01 0.01 0.02 0.02 0.01 0.01 0.01 0.01 0.01 0.03 0.04 0.03 0.03 0.41 2.55 0.02 0.01 0.03 0.00 0.00 0.01 0.01 0.02 0.03 0.03 0.02 0.10 0.10 0.09 0.09 0.09 0.13 0.13 0.11 0.11 0.12 0.09 0.12 0.25 0.01 0.28 0.02 0.05 0.04 0.04 0.03 0.07 0.12 0.11 0.04 0.08 0.06 0.02 0.02 0.01 0.01 0.01
1.85 0.02 0.01 3.36 3.39 0.01 0.01 0.01 0.01 0.01 0.01 0.01 0.01 0.02 0.01 0.00 0.01 0.01 0.01 0.01 0.01 0.01 0.01 0.01 0.00 0.00 0.01 0.01 0.02 0.01 0.01 0.01 0.01 0.01 0.01 0.02 0.03 0.07 0.01 2.13 1.56 2.17 0.01 0.01 0.01 0.00 0.01 0.03 0.03 0.02 0.02 0.10 0.16 0.14 0.11 0.06 0.06 0.08 0.08 0.14 0.12 0.10 0.09 0.08 0.08 0.16 0.16 0.45 0.05 0.06 0.03 0.02 0.04 0.10 0.07 0.06 0.05 0.08 0.01 0.01 0.02 0.01 0.01 0.01
1.76 1.47 3.44 3.33 3.42 0.01 0.01 0.01 0.01 0.01 0.02 0.01 0.01 0.04 0.01 0.02 0.01 0.01 0.01 0.01 0.01 0.01 0.01 0.01 0.01 0.01 0.01 0.01 0.02 0.03 0.01 0.01 0.01 0.02 1.82 2.35 2.43 2.73 2.60 2.42 0.12 0.01 0.01 0.01 0.01 0.01 0.01 0.02 0.04 0.03 0.10 0.09 0.09 0.09 0.07 0.08 0.09 0.08 0.06 0.07 0.10 0.09 0.09 0.07 0.07 0.14 0.38 0.47 0.10 0.07 0.02 0.02 0.05 0.10 0.03 0.09 0.09 0.02 0.01 0.01 0.01 0.01 0.01 0.01
0.02 0.02 0.04 0.01 3.34 3.23 3.12 0.01 0.01 0.01 0.01 0.01 0.02 0.03 0.04 0.02 0.01 0.01 0.01 0.01 0.01 0.01 0.01 0.01 0.01 0.01 0.01 0.02 0.02 0.02 0.02 0.01 1.47 1.61 1.65 0.01 0.01 0.01 0.02 0.02 0.01 0.01 0.01 0.01 0.01 0.01 0.01 0.04 0.09 0.15 0.13 0.10 0.07 0.04 0.04 0.05 0.05 0.05 0.07 0.07 0.07 0.06 0.06 0.06 0.06 0.07 0.18 0.17 0.10 0.10 0.02 0.03 0.05 0.09 0.05 0.20 0.01 0.02 0.01 0.01 0.01 0.01 0.04 0.05
0.02 0.02 0.03 0.04 0.02 0.02 2.98 0.03 0.01 0.01 0.01 0.02 0.01 0.02 0.01 0.01 0.01 0.01 0.01 0.02 0.01 0.01 0.01 0.01 0.01 0.01 0.01 0.06 0.03 0.03 1.51 1.51 1.50 0.01 0.03 0.01 0.01 0.01 0.02 0.03 0.01 0.01 0.00 0.01 0.01 0.05 0.12 0.10 0.08 0.07 0.08 0.06 0.03 0.06 0.05 0.03 0.03 0.05 0.07 0.06 0.06 0.06 0.06 0.06 0.05 0.04 0.06 0.30 0.27 0.28 0.22 0.04 0.05 0.08 0.03 0.13 0.01 0.02 0.01 0.01 0.01 0.04 0.02 0.02
0.02 0.02 0.02 0.02 0.03 0.02 2.80 0.01 0.05 0.01 0.01 0.02 0.01 0.03 0.02 0.01 0.02 0.01 0.01 0.01 0.01 0.01 0.01 0.01 0.02 0.01 0.04 0.00 0.00 1.98 1.86 0.01 0.01 0.01 0.02 0.01 0.01 0.01 0.02 0.01 0.00 0.01 0.01 0.04 0.08 0.10 0.09 0.05 0.04 0.05 0.07 0.05 0.07 0.06 0.03 0.03 0.02 0.09 0.07 0.05 0.06 0.07 0.06 0.05 0.04 0.04 0.06 0.06 0.08 0.11 0.11 0.08 0.07 0.07 0.06 0.19 0.15 0.01 0.01 0.01 0.05 0.01 0.07 0.03
0.02 0.02 0.02 0.02 0.02 0.01 2.58 2.27 1.77 2.26 1.92 1.18 2.03 1.37 0.01 0.01 0.01 0.01 0.01 0.01 0.01 0.01 0.01 0.01 0.02 0.02 0.12 0.05 2.49 2.03 0.01 0.01 0.01 0.01 0.02 0.01 0.01 0.01 0.01 0.01 0.00 0.04 0.08 0.07 0.06 0.06 0.05 0.05 0.05 0.05 0.05 0.07 0.06 0.04 0.03 0.08 0.27 0.19 0.06 0.05 0.06 0.07 0.06 0.04 0.04 0.04 0.08 0.07 0.07 0.08 0.07 0.07 0.07 0.05 0.05 0.04 0.20 0.19 0.16 0.01 0.01 0.06 0.05 0.13
0.02 0.02 0.02 0.02 0.02 0.03 0.01 0.03 0.00 0.01 0.01 0.13 2.16 2.27 2.08 1.87 0.01 0.01 0.02 0.01 0.01 0.01 0.03 0.03 0.06 0.08 0.09 0.06 2.79 0.01 0.01 0.01 0.01 0.01 0.01 0.01 0.01 0.00 0.00 0.01 0.05 0.06 0.06 0.05 0.05 0.05 0.05 0.05 0.05 0.07 0.05 0.04 0.03 0.04 0.09 0.07 0.17 0.03 0.05 0.06 0.07 0.08 0.03 0.03 0.04 0.03 0.08 0.09 0.08 0.07 0.06 0.09 0.09 0.01 0.02 0.02 0.02 0.04 0.02 0.01 0.03 0.11 0.01 0.09
0.01 0.02 0.02 0.02 0.03 0.02 0.01 0.02 0.00 0.01 0.01 0.01 0.26 0.08 0.48 1.40 1.13 1.26 1.33 0.01 0.01 0.02 0.04 0.00 0.01 0.02 0.01 0.13 3.03 1.03 0.01 0.01 0.01 0.01 0.01 0.01 0.01 0.01 0.01 0.04 0.08 0.08 0.06 0.06 0.05 0.05 0.05 0.05 0.05 0.06 0.04 0.03 0.03 0.03 0.03 0.05 0.04 0.03 0.07 0.06 0.06 0.07 0.04 0.04 0.05 0.03 0.12 0.10 0.04 0.07 0.10 0.09 0.05 0.02 0.04 0.03 0.03 0.04 0.02 0.02 0.03 0.03 0.02 0.08
0.01 0.01 0.01 0.01 0.01 0.01 0.03 0.03 0.04 0.05 0.03 0.29 0.34 0.01 0.02 0.01 0.02 0.01 1.35 1.56 0.01 0.01 0.02 0.01 0.00 0.00 0.01 0.83 3.21 0.02 0.01 0.00 0.00 0.00 0.01 0.04 0.06 0.08 0.08 0.10 0.06 0.05 0.04 0.04 0.04 0.04 0.07 0.06 0.04 0.04 0.04 0.03 0.02 0.02 0.03 0.05 0.04 0.04 0.05 0.05 0.05 0.06 0.12 0.06 0.11 0.22 0.23 0.00 0.01 0.12 0.07 0.05 0.03 0.02 0.04 0.03 0.03 0.04 0.06 0.05 0.04 0.06 0.06 0.05
0.01 0.01 0.01 0.01 0.01 0.01 0.01 0.01 0.03 0.03 0.02 0.28 0.16 0.01 0.02 0.01 0.02 0.03 0.03 1.85 1.90 0.00 0.00 0.01 0.00 0.01 0.00 1.36 1.51 0.02 0.01 0.01 0.01 0.01 0.03 0.04 0.04 0.04 0.04 0.04 0.03 0.03 0.03 0.03 0.03 0.03 0.04 0.04 0.03 0.03 0.02 0.02 0.02 0.02 0.03 0.04 0.04 0.04 0.05 0.06 0.06 0.06 0.09 0.12 0.17 0.08 0.04 0.08 0.14 0.14 0.01 0.03 0.02 0.02 0.02 0.05 0.05 0.05 0.03 0.02 0.02 0.04 0.04 0.03
0.01 0.01 0.01 0.01 0.01 0.01 0.01 0.01 0.09 0.27 0.31 0.36 0.02 0.01 0.02 0.02 0.02 0.02 0.02 0.02 2.04 2.30 2.16 1.93 1.47 1.43 1.48 1.46 0.03 0.02 0.02 0.01 0.01 0.02 0.03 0.03 0.03 0.03 0.02 0.04 0.03 0.03 0.03 0.03 0.03 0.03 0.03 0.03 0.03 0.03 0.03 0.02 0.02 0.02 0.04 0.05 0.04 0.04 0.06 0.07 0.07 0.07 0.08 0.10 0.13 0.01 0.07 0.07 0.05 0.05 0.02 0.03 0.02 0.02 0.04 0.07 0.06 0.04 0.02 0.02 0.02 0.02 0.03 0.01
0.01 0.01 0.01 0.01 0.01 0.01 0.01 0.37 0.25 0.24 0.10 0.01 0.01 0.02 0.02 0.03 0.02 0.02 0.02 0.02 0.03 0.06 0.01 0.01 0.02 0.02 0.02 0.05 0.02 0.01 0.01 0.01 0.01 0.03 0.03 0.03 0.03 0.02 0.02 0.02 0.03 0.02 0.03 0.03 0.03 0.03 0.03 0.03 0.02 0.02 0.02 0.02 0.02 0.03 0.03 0.05 0.05 0.05 0.06 0.10 0.07 0.07 0.08 0.05 0.07 0.09 0.08 0.05 0.03 0.02 0.02 0.02 0.03 0.02 0.07 0.12 0.01 0.01 0.01 0.01 0.01 0.01 0.02 0.02
0.01 0.02 0.02 0.02 0.01 0.15 0.38 0.42 0.01 0.01 0.01 0.01 0.01 0.02 0.03 0.07 0.03 0.03 0.02 0.02 0.03 0.07 0.01 0.01 0.01 0.02 0.02 0.03 0.02 0.01 0.01 0.01 0.02 0.03 0.03 0.03 0.03 0.02 0.02 0.02 0.02 0.02 0.02 0.02 0.04 0.02 0.04 0.02 0.01 0.01 0.01 0.03 0.04 0.06 0.05 0.05 0.07 0.09 0.06 0.09 0.08 0.08 0.05 0.06 0.11 0.04 0.04 0.01 0.01 0.01 0.02 0.03 0.03 0.02 0.12 0.01 0.01 0.01 0.01 0.01 0.01 0.02 0.01 0.03
