NEW_versions/S_Waiehu/Scripts/Results/S_Waiehu_50m/MaxFloodMaps/S_Waiehu_50m_1.1.asc
NCOLS 296
NROWS 126
XLLCENTER 753498.390000
YLLCENTER 2312278.410000
CELLSIZE 25.000000
NODATA_value -99999.000000
[rows 38 to 75 of 126, columns 84 to 167 of 296]
0.00 0.00 0.00 0.00 0.00 0.00 0.00 0.00 0.00 0.00 0.00 0.00 0.00 0.00 0.00 0.00 0.00 0.00 0.00 0.00 0.00 0.00 0.00 0.00 0.00 0.00 0.00 0.00 0.00 0.00 0.00 0.00 0.00 0.00 0.00 0.00 0.00 0.00 0.00 0.00 0.00 0.00 0.00 0.00 0.00 0.00 0.00 0.00 0.00 0.00 0.00 0.00 0.00 0.00 0.00 0.00 0.00 0.01 0.01 0.01 0.01 0.01 0.00 0.00 0.00 0.00 0.00 0.00 0.00 0.00 0.00 0.00 0.01 0.02 0.02 0.02 0.02 0.04 0.12 0.05 0.04 0.04 0.05 0.06
0.00 0.00 0.00 0.00 0.00 0.00 0.00 0.00 0.00 0.00 0.00 0.00 0.00 0.00 0.00 0.00 0.00 0.00 0.00 0.00 0.00 0.00 0.00 0.00 0.00 0.00 0.00 0.00 0.00 0.00 0.00 0.00 0.00 0.00 0.00 0.00 0.00 0.00 0.00 0.00 0.00 0.00 0.00 0.00 0.00 0.01 0.00 0.01 0.01 0.00 0.01 0.01 0.01 0.00 0.01 0.00 0.00 0.01 0.01 0.01 0.01 0.01 0.01 0.00 0.00 0.00 0.00 0.00 0.00 0.00 0.00 0.01 0.01 0.01 0.01 0.01 0.01 0.01 0.02 0.02 0.03 0.02 0.03 0.03
0.01 0.01 0.01 0.00 0.00 0.00 0.00 0.00 0.00 0.00 0.00 0.00 0.00 0.00 0.00 0.00 0.00 0.00 0.00 0.00 0.00 0.00 0.00 0.00 0.00 0.00 0.00 0.00 0.00 0.00 0.00 0.00 0.00 0.00 0.00 0.00 0.00 0.00 0.00 0.00 0.00 0.00 0.00 0.00 0.01 0.01 0.01 0.01 0.01 0.01 0.01 0.01 0.01 0.00 0.01 0.01 0.01 0.01 0.01 0.01 0.01 0.02 0.01 0.01 0.00 0.00 0.01 0.01 0.01 0.01 0.00 0.01 0.01 0.01 0.01 0.01 0.01 0.01 0.01 0.02 0.02 0.03 0.02 0.01
0.01 0.01 0.01 0.01 0.00 0.00 0.01 0.00 0.00 0.00 0.00 0.00 0.00 0.00 0.00 0.00 0.00 0.00 0.00 0.00 0.00 0.00 0.00 0.00 0.00 0.00 0.00 0.00 0.00 0.00 0.00 0.00 0.00 0.00 0.00 0.00 0.00 0.00 0.00 0.00 0.00 0.00 0.01 0.01 0.01 0.02 0.01 0.01 0.01 0.02 0.01 0.01 0.02 0.01 0.01 0.01 0.01 0.01 0.01 0.01 0.01 0.03 0.01 0.01 0.01 0.00 0.01 0.01 0.01 0.02 0.00 0.01 0.01 0.01 0.01 0.01 0.01 0.01 0.01 0.01 0.02 0.01 0.01 0.02
0.01 0.01 0.01 0.01 0.01 0.01 0.01 0.00 0.00 0.01 0.00 0.00 0.00 0.00 0.00 0.00 0.00 0.01 0.01 0.00 0.01 0.01 0.01 0.01 0.01 0.01 0.01 0.00 0.00 0.01 0.01 0.01 0.01 0.01 0.01 0.01 0.01 0.00 0.01 0.01 0.01 0.01 0.01 0.01 0.01 0.01 0.02 0.01 0.01 0.03 0.01 0.01 0.02 0.02 0.01 0.01 0.01 0.02 0.02 0.01 0.01 0.03 0.01 0.01 0.01 0.00 0.01 0.01 0.01 0.02 0.01 0.01 0.02 0.01 0.01 0.01 0.01 0.01 0.01 0.01 0.01 0.01 0.01 0.02
0.01 0.01 0.01 0.01 0.02 0.01 0.01 0.01 0.01 0.01 0.00 0.00 0.00 0.00 0.00 0.01 0.01 0.01 0.01 0.01 0.01 0.01 0.01 0.01 0.01 0.01 0.01 0.01 0.01 0.01 0.01 0.01 0.01 0.01 0.01 0.01 0.01 0.01 0.01 0.01 0.01 0.01 0.01 0.01 0.01 0.02 0.02 0.02 0.01 0.03 0.01 0.01 0.02 0.03 0.02 0.02 0.01 0.01 0.03 0.02 0.01 0.03 0.03 0.01 0.01 0.00 0.01 0.01 0.02 0.02 0.01 0.01 0.02 0.01 0.01 0.01 0.01 0.01 0.01 0.01 0.01 0.01 0.02 0.01
0.01 0.01 0.02 0.02 0.02 0.01 0.01 0.01 0.01 0.01 0.00 0.01 0.01 0.01 0.01 0.01 0.01 0.01 0.01 0.01 0.01 0.01 0.01 0.02 0.01 0.01 0.02 0.01 0.01 0.02 0.01 0.01 0.01 0.01 0.01 0.01 0.01 0.02 0.01 0.01 0.01 0.01 0.01 0.01 0.01 0.01 0.02 0.03 0.01 0.02 0.02 0.01 0.01 0.02 0.02 0.02 0.01 0.01 0.02 0.03 0.01 0.02 0.04 0.01 0.01 0.01 0.01 0.01 0.02 0.03 0.01 0.01 0.03 0.01 0.01 0.01 0.01 0.01 0.02 0.01 0.01 0.02 0.01 0.01
0.02 0.02 0.03 0.02 0.02 0.02 0.01 0.01 0.01 0.01 0.01 0.00 0.01 0.01 0.01 0.01 0.01 0.02 0.02 0.01 0.01 0.01 0.02 0.02 0.02 0.01 0.02 0.01 0.01 0.02 0.01 0.01 0.01 0.01 0.01 0.01 0.02 0.02 0.01 0.01 0.01 0.01 0.01 0.01 0.01 0.02 0.02 0.03 0.02 0.02 0.03 0.01 0.01 0.02 0.03 0.02 0.01 0.01 0.02 0.04 0.01 0.02 0.05 0.01 0.01 0.01 0.01 0.01 0.02 0.04 0.01 0.01 0.04 0.01 0.01 0.01 0.02 0.01 0.01 0.01 0.02 0.03 0.01 0.01
0.02 0.02 0.03 0.02 0.02 0.02 0.02 0.01 0.01 0.01 0.01 0.01 0.01 0.01 0.01 0.01 0.01 0.02 0.02 0.02 0.01 0.01 0.01 0.01 0.01 0.01 0.01 0.02 0.02 0.03 0.01 0.01 0.01 0.01 0.01 0.01 0.01 0.02 0.02 0.01 0.01 0.01 0.01 0.01 0.01 0.02 0.02 0.03 0.02 0.02 0.04 0.02 0.01 0.02 0.05 0.04 0.01 0.01 0.01 0.05 0.01 0.02 0.07 0.01 0.01 0.02 0.01 0.01 0.01 0.03 0.03 0.01 0.06 0.01 0.01 0.01 0.03 0.01 0.01 0.02 0.04 0.03 0.01 0.01
0.02 0.02 0.04 0.02 0.02 0.02 0.02 0.01 0.01 0.01 0.01 0.01 0.01 0.01 0.01 0.01 0.02 0.02 0.02 0.02 0.02 0.01 0.01 0.01 0.01 0.02 0.02 0.02 0.02 0.03 0.03 0.01 0.01 0.01 0.01 0.01 0.01 0.02 0.03 0.01 0.02 0.02 0.02 0.02 0.02 0.02 0.02 0.03 0.04 0.01 0.03 0.03 0.01 0.02 0.04 0.05 0.03 0.01 0.01 0.04 0.03 0.01 0.07 0.01 0.01 0.02 0.01 0.01 0.01 0.02 0.06 0.02 0.03 0.01 0.02 0.03 0.03 0.02 0.02 0.01 0.03 0.03 0.02 0.01
0.04 0.03 0.04 0.04 0.02 0.01 0.02 0.01 0.01 0.01 0.01 0.01 0.01 0.01 0.01 0.02 0.02 0.02 0.02 0.02 0.02 0.01 0.02 0.02 0.02 0.03 0.02 0.03 0.02 0.02 0.03 0.02 0.02 0.01 0.01 0.02 0.01 0.01 0.03 0.02 0.02 0.02 0.02 0.02 0.02 0.02 0.02 0.03 0.05 0.02 0.02 0.04 0.01 0.01 0.03 0.04 0.04 0.02 0.02 0.08 0.03 0.01 0.07 0.01 0.01 0.02 0.02 0.01 0.01 0.03 0.08 0.03 0.03 0.01 0.01 0.04 0.02 0.01 0.02 0.02 0.02 0.03 0.02 0.01
0.06 0.03 0.05 0.02 0.02 0.03 0.02 0.01 0.01 0.01 0.01 0.01 0.01 0.01 0.01 0.01 0.02 0.02 0.02 0.02 0.02 0.02 0.02 0.02 0.02 0.03 0.02 0.03 0.03 0.01 0.03 0.03 0.03 0.02 0.01 0.02 0.01 0.01 0.03 0.01 0.01 0.02 0.02 0.02 0.02 0.03 0.03 0.04 0.06 0.02 0.01 0.04 0.02 0.01 0.02 0.06 0.03 0.03 0.04 1.76 1.75 1.68 1.45 0.01 0.01 0.02 0.04 0.01 0.01 0.03 0.07 0.03 0.02 0.01 0.01 0.06 0.03 0.01 0.03 0.02 0.02 0.03 0.02 0.01
0.07 0.03 0.04 0.01 0.03 0.05 0.02 0.02 0.01 0.01 0.01 0.01 0.01 0.01 0.01 0.01 0.02 0.02 0.02 0.02 0.02 0.02 0.02 0.02 0.02 0.02 0.02 0.03 0.04 0.01 0.02 0.03 0.03 0.03 0.03 0.02 0.01 0.01 0.03 0.02 0.01 0.03 0.02 0.02 0.03 0.03 0.05 0.34 0.39 0.02 0.01 0.03 0.02 0.02 0.03 0.06 2.76 2.80 2.59 2.29 0.01 0.02 1.15 1.22 0.01 0.02 0.05 0.01 0.01 0.02 0.10 0.03 0.01 0.01 0.01 0.04 0.03 0.02 0.03 0.03 0.01 0.03 0.02 0.02
0.07 0.04 0.03 0.01 0.02 0.05 0.02 0.02 0.01 0.01 0.01 0.01 0.01 0.01 0.01 0.02 0.02 0.02 0.02 0.02 0.02 0.03 0.03 0.02 0.02 0.02 0.02 0.03 0.05 0.01 0.02 0.02 0.03 0.03 2.16 1.92 1.46 0.01 0.02 0.02 0.02 0.03 0.03 0.02 0.03 0.03 1.32 0.99 1.35 1.78 1.66 1.65 1.61 1.46 1.57 2.68 2.71 0.01 0.01 0.01 0.01 0.01 0.01 2.03 1.89 1.54 2.62 2.20 1.43 2.05 1.20 0.02 0.01 0.01 0.01 0.03 0.04 0.01 0.03 0.03 0.02 0.02 0.03 0.02
0.05 0.06 0.02 0.01 0.01 0.08 0.02 0.02 0.01 0.01 0.01 0.00 0.01 0.01 0.02 0.02 0.02 0.02 0.02 0.02 0.02 0.03 0.03 0.03 0.03 0.02 0.07 0.04 0.04 0.01 0.01 0.02 0.02 2.40 2.30 0.01 1.29 0.02 0.01 0.02 0.02 0.03 0.04 2.16 2.49 2.30 1.99 0.01 0.01 0.02 0.03 0.04 0.05 0.11 0.03 0.02 0.01 0.01 0.01 0.01 0.01 0.02 0.02 0.02 0.04 0.07 0.02 0.37 0.01 0.02 2.24 2.33 0.01 0.01 0.01 0.04 0.02 0.01 0.02 0.03 0.02 0.03 0.52 0.99
0.05 0.06 0.01 0.01 0.01 0.08 0.03 0.02 0.01 0.01 0.01 0.01 0.01 0.01 0.01 0.02 0.02 0.02 0.02 0.02 0.02 0.02 0.03 0.02 1.56 1.55 1.09 0.95 1.08 0.01 0.01 0.01 2.51 2.46 0.01 0.01 1.28 1.15 0.01 0.02 1.47 1.59 1.62 1.72 0.02 0.02 0.01 0.01 0.01 0.02 0.02 0.02 0.03 0.02 0.02 0.02 0.01 0.01 0.01 0.01 0.01 0.02 0.02 0.02 0.02 0.01 0.02 0.02 0.01 0.01 0.02 2.52 2.86 2.54 0.22 0.03 0.05 0.01 0.01 0.03 1.91 1.81 1.59 1.21
0.05 7.17 11.51 11.51 11.49 11.47 8.51 0.02 0.01 0.01 0.01 0.01 0.00 0.01 0.01 0.02 0.02 0.02 0.02 0.02 0.01 0.02 0.02 1.51 1.52 0.01 0.01 0.01 0.96 1.14 2.11 2.18 2.31 0.00 0.01 0.02 0.02 1.22 1.89 1.88 1.85 0.02 0.02 0.02 0.01 0.01 0.01 0.01 0.01 0.02 0.02 0.01 0.02 0.01 0.01 0.01 0.01 0.01 0.01 0.01 0.01 0.01 0.01 0.01 0.01 0.01 0.01 0.01 0.01 0.01 0.01 0.01 0.01 2.09 1.19 1.54 2.05 1.72 1.00 1.98 1.96 0.00 0.01 0.01
4.97 5.20 0.00 0.01 0.01 0.01 7.98 7.45 6.92 0.01 0.01 0.01 0.01 0.01 0.01 0.02 0.02 0.03 0.03 0.03 0.05 0.01 1.69 1.64 0.01 0.00 0.01 0.01 0.02 0.03 0.01 0.01 0.00 0.01 0.01 0.02 0.03 0.02 0.04 0.01 0.01 0.02 0.03 0.02 0.01 0.01 0.01 0.01 0.01 0.02 0.01 0.01 0.01 0.01 0.01 0.01 0.01 0.01 0.01 0.01 0.01 0.01 0.01 0.01 0.01 0.01 0.01 0.01 0.01 0.01 0.01 0.01 0.01 0.01 0.01 0.01 0.02 0.02 0.01 0.02 0.01 0.01 0.01 0.02
0.01 0.01 0.00 0.01 0.01 0.01 0.01 0.02 1.03 1.04 1.05 0.01 0.01 0.01 0.01 0.01 0.02 0.02 1.38 1.31 0.93 1.13 1.70 0.01 0.01 0.00 0.01 0.01 0.02 0.01 0.01 0.01 0.01 0.01 0.01 0.02 0.02 0.02 0.01 0.01 0.01 0.03 0.01 0.01 0.01 0.01 0.01 0.01 0.01 0.01 0.01 0.01 0.01 0.01 0.01 0.01 0.00 0.00 0.00 0.00 0.01 0.01 0.00 0.00 0.01 0.00 0.00 0.01 0.00 0.00 0.00 0.01 0.00 0.01 0.01 0.01 0.01 0.01 0.01 0.01 0.01 0.01 0.01 0.01
0.01 0.01 0.00 0.01 0.01 0.01 0.01 0.02 0.02 0.02 1.18 1.19 1.16 0.01 0.01 0.01 0.01 0.02 1.24 0.01 0.01 0.03 0.01 0.01 0.01 0.00 0.01 0.02 0.02 0.01 0.01 0.01 0.01 0.01 0.01 0.02 0.02 0.01 0.01 0.01 0.01 0.02 0.01 0.01 0.01 0.01 0.01 0.01 0.01 0.01 0.01 0.01 0.01 0.00 0.00 0.00 0.01 0.01 0.01 0.01 0.01 0.01 0.01 0.01 0.01 0.01 0.01 0.01 0.01 0.01 0.01 0.01 0.01 0.01 0.01 0.01 0.00 0.00 0.00 0.00 0.01 0.00 0.00 0.01
0.01 0.01 0.00 0.01 0.01 0.01 0.01 0.02 0.02 0.02 0.02 0.03 0.93 1.15 1.15 0.01 0.01 1.42 0.76 0.01 0.01 0.02 0.01 0.01 0.01 0.01 0.01 0.02 0.01 0.01 0.00 0.01 0.01 0.01 0.01 0.01 0.01 0.01 0.01 0.01 0.01 0.01 0.01 0.01 0.01 0.01 0.00 0.00 0.00 0.00 0.01 0.00 0.00 0.01 0.01 0.01 0.01 0.01 0.01 0.01 0.01 0.01 0.01 0.01 0.01 0.02 0.01 0.02 0.01 0.01 0.01 0.01 0.02 0.01 0.01 0.02 0.01 0.01 0.00 0.01 0.01 0.01 0.01 0.01
0.01 0.01 0.00 0.01 0.01 0.01 0.02 0.02 0.03 0.03 0.03 0.02 0.02 0.02 1.19 1.44 1.67 1.60 0.01 0.01 0.01 0.02 0.01 0.01 0.01 0.01 0.01 0.01 0.01 0.01 0.00 0.00 0.00 0.00 0.01 0.01 0.01 0.01 0.01 0.01 0.01 0.01 0.01 0.01 0.00 0.00 0.01 0.01 0.01 0.01 0.01 0.01 0.01 0.01 0.01 0.01 0.01 0.01 0.01 0.01 0.01 0.01 0.01 0.02 0.02 0.01 0.01 0.01 0.02 0.01 0.01 0.01 0.02 0.02 0.02 0.02 0.02 0.02 0.01 0.01 0.02 0.01 0.01 0.01
0.01 0.01 0.00 0.01 0.01 0.01 0.02 0.02 0.03 0.02 0.03 0.02 0.02 0.03 0.03 0.06 0.07 0.01 0.01 0.01 0.01 0.01 0.01 0.01 0.01 0.00 0.01 0.01 0.00 0.00 0.01 0.01 0.01 0.01 0.01 0.00 0.00 0.00 0.00 0.01 0.00 0.00 0.00 0.01 0.01 0.01 0.01 0.01 0.01 0.01 0.01 0.01 0.01 0.01 0.01 0.01 0.02 0.01 0.01 0.01 0.01 0.02 0.02 0.02 0.03 0.01 0.01 0.02 0.03 0.01 0.01 0.01 0.02 0.02 0.03 0.02 0.04 0.02 0.04 0.01 0.03 0.01 0.01 0.01
0.01 0.01 0.00 0.01 0.01 0.01 0.02 0.02 0.02 0.02 0.02 0.02 0.03 0.03 0.03 0.05 0.03 0.01 0.01 0.01 0.01 0.01 0.01 0.01 0.00 0.00 0.00 0.00 0.01 0.01 0.01 0.01 0.01 0.01 0.01 0.01 0.01 0.01 0.01 0.01 0.00 0.01 0.01 0.01 0.01 0.01 0.01 0.01 0.01 0.01 0.02 0.02 0.01 0.01 0.01 0.02 0.02 0.02 0.04 0.01 0.02 0.02 0.02 0.02 0.03 0.02 0.02 0.02 1.05 2.06 2.82 2.86 2.91 3.01 0.01 3.01 2.63 1.97 0.74 0.01 0.01 2.41 1.86 2.22
0.01 0.01 0.01 0.01 0.01 0.01 0.02 0.02 0.02 0.01 0.02 0.02 0.03 0.03 0.02 0.03 0.03 0.01 0.01 0.01 0.01 0.01 0.01 0.00 0.00 0.01 0.01 0.01 0.01 0.01 0.01 0.01 0.02 0.01 0.02 0.01 0.01 0.01 0.01 0.01 0.00 0.01 0.01 0.01 0.01 0.01 0.01 0.01 0.01 0.01 0.02 0.03 0.02 0.01 0.01 0.02 0.04 0.03 0.03 0.02 0.02 0.02 1.55 1.72 2.06 2.83 2.55 2.01 1.35 1.45 0.02 0.01 0.03 3.17 3.21 3.26 0.02 1.87 1.91 2.75 2.67 2.56 0.01 0.01
0.01 0.01 0.01 0.01 0.01 0.01 0.02 0.02 0.02 0.02 0.02 0.03 0.03 0.02 0.02 0.03 0.01 0.01 0.01 0.01 0.00 0.00 0.00 0.01 0.01 0.01 0.01 0.01 0.01 0.01 0.01 0.02 0.02 0.02 0.02 0.02 0.02 0.01 0.01 0.01 0.01 0.00 0.01 0.01 0.02 0.02 0.02 0.02 0.02 0.02 0.02 0.03 0.02 0.02 0.02 0.02 0.02 0.02 1.72 1.50 2.02 2.03 2.04 0.01 0.03 0.04 0.01 0.02 0.03 0.02 0.02 0.03 0.04 0.03 0.03 0.03 0.02 0.03 0.02 0.03 0.05 0.03 0.01 0.01
0.01 0.01 0.01 0.01 0.01 0.01 0.02 0.02 0.02 0.02 0.02 0.03 0.02 0.02 0.02 0.02 0.01 0.01 0.01 0.00 0.00 0.01 0.01 0.01 0.01 0.01 0.01 0.01 0.02 0.01 0.02 0.02 0.02 0.02 0.03 0.02 0.03 0.01 0.01 0.01 0.01 0.00 0.01 0.01 0.01 0.02 0.03 0.03 0.03 0.02 0.01 0.02 0.03 0.03 0.03 0.03 1.54 1.73 1.77 0.02 0.01 0.08 0.07 0.01 0.03 0.03 0.02 0.03 0.02 0.01 0.03 0.02 0.04 0.02 0.02 0.03 0.02 0.02 0.02 0.03 0.03 0.03 0.02 0.02
0.01 0.01 0.01 0.01 0.01 0.01 0.02 0.02 0.02 0.02 0.02 0.02 0.02 0.02 0.01 0.02 0.01 0.01 0.00 0.00 0.01 0.01 0.01 0.01 0.01 0.01 0.01 0.01 0.02 0.02 0.02 0.02 0.02 0.02 0.03 0.03 0.03 0.02 0.02 0.01 0.01 0.01 0.00 0.01 0.01 0.01 0.02 0.03 0.04 0.03 0.01 0.02 0.02 0.02 2.75 2.34 2.13 0.05 0.08 0.01 0.01 0.12 0.04 0.01 0.02 0.03 0.02 0.02 0.02 0.01 0.02 0.03 0.04 0.02 0.02 0.02 0.02 0.02 0.02 0.02 0.04 0.01 0.02 0.02
0.01 0.01 0.01 0.01 0.01 0.01 0.02 0.02 0.02 0.02 0.02 0.02 0.02 0.01 0.01 0.01 0.01 0.00 0.00 0.01 0.01 0.02 0.02 0.01 0.01 0.02 0.01 0.01 0.02 0.02 0.02 0.02 0.02 0.02 0.03 0.03 0.04 0.02 0.05 0.01 0.01 0.01 0.00 0.01 0.01 0.01 0.02 0.02 0.03 0.06 0.01 2.82 3.09 3.39 3.12 0.02 0.01 0.19 0.04 0.01 0.01 0.14 0.07 0.02 0.02 0.02 0.01 0.02 0.02 0.02 0.02 0.03 0.04 0.01 0.01 0.02 0.02 0.02 0.02 0.02 0.03 0.02 0.02 0.02
0.01 0.01 0.01 0.01 0.01 0.01 0.01 0.01 0.01 0.01 0.02 0.02 0.01 0.01 0.01 0.01 0.00 0.00 0.01 0.01 0.01 0.01 0.01 0.02 0.02 0.02 0.02 0.02 0.02 0.03 0.03 0.02 0.02 0.02 2.09 1.56 1.34 2.49 2.34 0.02 0.01 0.01 0.00 0.01 0.01 0.02 0.02 0.02 0.32 2.75 2.74 2.70 0.65 1.77 0.02 0.01 0.02 0.08 0.05 0.01 0.02 0.29 0.11 0.02 0.01 0.02 0.01 0.02 0.02 0.01 0.03 0.02 0.03 0.01 0.01 0.02 0.02 0.02 0.02 0.02 0.02 0.02 0.02 0.02
0.01 0.01 0.01 0.01 0.01 0.01 0.01 0.01 0.01 0.01 0.01 0.02 0.01 0.01 0.01 0.01 0.01 0.01 0.01 0.01 0.01 0.00 0.01 0.01 0.02 0.02 0.02 0.03 0.03 0.03 0.03 0.02 0.02 0.02 2.20 0.28 0.01 0.01 2.08 1.56 0.01 0.01 0.00 0.01 0.01 0.02 0.03 1.74 2.60 2.72 0.24 0.03 0.02 0.03 0.02 0.01 0.03 0.04 0.05 0.01 0.01 0.11 0.13 0.03 0.01 0.01 0.01 0.01 0.01 0.01 0.01 0.02 0.04 0.01 0.01 0.02 0.02 0.02 0.02 0.02 0.02 0.02 0.02 0.02
0.01 0.00 0.00 0.01 0.01 0.01 0.01 0.01 0.01 0.01 0.01 0.01 0.01 0.00 0.01 0.01 0.02 0.02 0.01 0.01 0.01 0.01 0.01 0.01 0.02 0.02 0.02 0.02 0.02 0.02 2.10 2.29 2.38 2.35 2.30 0.01 0.01 0.01 0.02 1.83 0.01 0.01 0.01 0.01 0.01 0.02 0.01 1.80 2.08 0.01 0.03 0.03 0.02 0.02 0.02 0.01 0.01 0.03 0.07 0.01 0.01 0.02 0.14 0.05 0.01 0.01 0.01 0.01 0.01 0.01 0.01 0.02 0.03 0.01 0.01 0.02 0.02 0.02 0.02 0.01 0.01 0.01 0.01 0.02
0.01 0.00 0.00 0.00 0.00 0.00 0.00 0.00 0.00 0.00 0.01 0.01 0.00 0.01 0.01 0.01 0.02 0.03 0.03 0.03 0.03 0.02 0.02 0.02 0.02 0.02 0.02 0.02 2.11 2.07 1.97 1.14 0.92 0.01 0.01 0.01 0.01 0.01 0.03 2.76 2.69 0.01 0.01 0.01 0.01 0.01 0.02 2.14 0.02 0.02 0.02 0.02 0.01 0.01 0.02 0.01 0.01 0.03 0.06 0.01 0.01 0.02 0.11 0.07 0.02 0.01 0.01 0.01 0.01 0.01 0.01 0.02 0.01 0.02 0.01 0.01 0.01 0.01 0.01 0.01 0.01 0.01 0.01 0.01
0.00 0.00 0.01 0.01 0.01 0.01 0.01 0.01 0.01 0.00 0.00 0.01 0.01 0.01 0.01 0.01 0.01 0.01 0.01 0.02 0.03 0.04 0.04 0.03 0.03 0.02 0.02 2.14 2.13 0.03 0.01 0.01 0.01 0.01 0.01 0.01 0.01 0.02 0.02 0.02 2.59 2.43 2.17 1.68 1.13 2.24 2.31 2.27 0.03 0.02 0.02 0.02 0.01 0.01 0.02 0.01 0.01 0.03 0.06 0.01 0.01 0.01 0.09 0.07 0.01 0.01 0.01 0.01 0.01 0.01 0.01 0.01 0.01 0.01 0.01 0.01 0.01 0.01 0.01 0.01 0.01 0.01 0.01 0.01
0.01 0.01 0.01 0.01 0.01 0.01 0.01 0.01 0.01 0.00 0.01 0.01 0.01 0.01 0.01 0.01 0.01 0.00 0.00 0.00 0.01 0.01 0.02 0.05 0.05 0.04 2.13 2.14 0.01 0.01 0.01 0.01 0.01 0.00 0.01 0.01 0.02 0.02 0.02 0.02 0.03 0.04 0.06 0.10 1.41 1.67 0.07 0.03 0.02 0.02 0.02 0.02 0.01 0.01 0.02 0.01 0.01 0.03 0.05 0.01 0.01 0.01 0.04 0.10 0.01 0.01 0.01 0.01 0.01 0.01 0.01 0.01 0.01 0.01 0.01 0.01 0.01 0.01 0.01 0.01 0.01 0.01 0.01 0.01
0.01 0.01 0.01 0.01 0.01 0.02 0.01 0.02 0.01 0.01 0.01 0.01 0.01 0.02 0.01 0.01 0.01 0.01 0.01 0.01 0.01 0.01 0.01 0.01 0.03 0.08 1.15 0.01 0.02 0.01 0.01 0.01 0.01 0.00 0.01 0.01 0.01 0.02 0.02 0.03 0.05 0.04 0.06 0.06 0.05 0.13 0.08 0.03 0.02 0.02 0.01 0.02 0.02 0.01 0.01 0.01 0.01 0.03 0.03 0.01 0.01 0.01 0.05 0.07 0.01 0.01 0.01 0.01 0.01 0.01 0.01 0.01 0.01 0.01 0.01 0.01 0.01 0.01 0.01 0.01 0.01 0.01 0.01 0.01
0.01 0.01 0.01 0.01 0.02 0.02 0.02 0.03 0.01 0.01 0.01 0.01 0.01 0.02 0.02 0.02 0.02 0.01 0.01 0.01 0.01 0.01 0.01 0.01 0.01 0.01 1.37 0.01 0.01 0.01 0.01 0.01 0.00 0.01 0.01 0.01 0.01 0.02 0.03 0.04 0.05 0.06 0.09 0.07 0.04 0.09 0.09 0.05 0.03 0.02 0.01 0.01 0.01 0.01 0.01 0.01 0.01 0.04 0.02 0.01 0.01 0.01 0.05 0.05 0.01 0.01 0.01 0.01 0.01 0.01 0.01 0.01 0.01 0.01 0.01 0.01 0.01 0.01 0.01 0.01 0.01 0.01 0.01 0.01
0.01 0.01 0.01 0.02 0.02 0.02 0.02 0.04 0.01 0.01 0.01 0.01 0.01 0.01 0.01 0.02 0.02 0.02 0.02 0.02 0.01 0.01 0.01 0.01 0.01 1.40 1.40 0.01 0.01 0.01 0.01 0.01 0.00 0.01 0.01 0.01 0.02 0.03 0.04 0.04 0.04 0.06 0.11 0.04 0.01 0.05 0.09 0.06 0.05 0.02 0.01 0.01 0.01 0.01 0.01 0.01 0.01 0.03 0.02 0.01 0.01 0.01 0.06 0.04 0.01 0.01 0.01 0.01 0.00 0.01 0.00 0.01 0.01 0.01 0.01 0.01 0.01 0.01 0.01 0.02 0.02 0.02 0.02 0.02
