NEW_versions/S_Waiehu/Scripts/Results/S_Waiehu_50m/MaxFloodMaps/S_Waiehu_50m_1.3.asc
NCOLS 296
NROWS 126
XLLCENTER 753498.390000
YLLCENTER 2312278.410000
CELLSIZE 25.000000
NODATA_value -99999.000000
[rows 38 to 75 of 126, columns 168 to 251 of 296]
0.20 0.06 0.08 0.10 0.06 0.04 0.03 0.03 0.03 0.02 0.02 0.02 0.02 0.02 0.02 0.02 0.02 0.02 0.02 0.02 0.02 0.02 0.01 0.01 0.01 0.01 0.01 0.03 0.02 0.01 0.01 0.01 0.02 0.03 0.01 0.01 0.01 0.02 0.06 0.08 0.05 0.03 0.03 0.02 0.01 0.01 1.87 0.01 0.04 0.01 0.01 0.01 0.02 0.02 0.03 0.02 3.00 2.90 0.01 0.01 0.01 0.01 0.03 0.02 0.04 0.06 0.07 0.21 0.24 0.16 0.11 0.09 0.07 0.07 0.04 0.03 0.04 0.26 0.37 0.47 0.30 0.19 0.02 0.02
0.03 0.08 0.07 0.02 0.01 0.01 0.02 0.02 0.02 0.01 0.01 0.01 0.02 0.02 0.01 0.01 0.01 0.02 0.02 0.01 0.01 0.02 0.02 0.02 0.01 0.01 0.04 0.03 0.02 0.01 0.01 0.01 0.02 0.03 0.01 0.01 0.01 0.01 0.02 0.01 0.01 0.02 0.02 0.02 0.02 2.07 1.77 0.01 0.03 0.01 0.02 0.02 0.04 0.03 1.16 2.75 2.83 0.01 0.01 0.01 0.01 0.01 0.01 0.03 0.04 0.10 0.26 0.13 0.08 0.05 0.10 0.06 0.09 0.07 0.06 0.31 0.57 0.51 0.01 0.01 0.03 0.12 0.07 0.03
0.01 0.01 0.01 0.01 0.01 0.02 0.02 0.02 0.02 0.02 0.02 0.02 0.02 0.01 0.01 0.01 0.01 0.01 0.01 0.01 0.01 0.02 0.04 0.00 0.01 0.01 0.09 0.01 0.00 0.01 0.01 0.01 0.03 0.02 0.01 0.01 0.02 0.01 0.01 0.02 0.02 0.02 0.03 2.00 2.00 2.02 0.01 0.01 0.02 0.01 0.01 0.01 0.01 0.12 2.84 2.49 0.01 0.01 0.01 0.01 0.01 0.01 0.01 0.04 0.05 0.04 0.03 0.02 0.02 0.01 0.01 0.03 0.16 0.26 0.28 0.28 0.01 0.01 0.01 0.01 0.04 0.10 0.06 0.09
0.02 0.02 0.02 0.01 0.01 0.03 0.03 0.03 0.02 0.02 0.01 0.01 0.01 0.01 0.01 0.01 0.01 0.01 0.01 0.01 0.01 0.02 0.04 0.02 0.01 0.02 0.02 0.01 0.01 0.01 0.01 0.01 0.01 0.01 0.01 0.02 0.02 0.02 0.02 0.02 2.39 1.75 2.71 2.27 0.01 0.01 0.01 0.01 0.02 0.02 0.02 0.02 0.04 0.19 3.30 0.02 0.01 0.01 0.01 0.02 0.02 0.02 0.01 0.03 0.09 0.01 0.01 0.01 0.01 0.01 0.03 0.04 0.11 0.11 0.03 0.01 0.01 0.06 0.04 0.04 0.17 0.15 0.23 0.21
0.02 0.03 0.02 0.02 0.02 0.01 0.02 0.02 0.03 0.02 0.02 0.01 0.01 0.01 0.01 0.01 0.01 0.01 0.01 0.01 0.01 0.02 0.02 0.02 0.02 0.04 0.04 0.03 0.03 0.02 0.04 0.02 0.02 0.02 0.02 0.03 0.02 0.02 0.02 2.94 2.72 0.15 0.01 0.01 0.01 0.01 0.01 0.01 0.02 0.02 0.02 0.03 0.07 0.29 2.36 0.01 0.01 0.01 0.01 0.01 0.01 0.02 0.01 0.02 0.07 0.01 0.01 0.01 0.01 0.03 0.02 0.02 0.18 0.01 0.01 0.01 0.02 0.05 0.16 0.26 0.25 0.18 0.16 0.17
0.01 0.02 0.02 0.02 0.02 0.02 0.01 0.01 0.02 0.02 0.02 0.01 0.01 0.02 0.02 0.02 0.01 0.02 0.02 0.02 0.02 0.02 0.03 0.03 0.03 0.03 0.03 0.03 0.03 0.03 0.02 0.02 0.02 0.03 0.03 0.03 0.03 0.03 3.21 3.10 0.02 0.01 0.01 0.01 0.01 0.02 0.01 0.01 0.01 0.02 0.03 0.05 0.10 0.71 1.92 0.01 0.01 0.01 0.01 0.01 0.02 0.01 0.01 0.03 0.04 0.05 0.02 0.03 0.07 0.05 0.02 0.01 0.19 0.01 0.01 0.02 0.02 0.05 0.16 0.19 0.17 0.16 0.11 0.16
0.01 0.01 0.02 0.02 0.03 0.02 0.01 0.01 0.01 0.01 0.02 0.02 0.01 0.02 0.02 0.02 0.02 0.02 0.02 0.02 0.03 0.04 0.05 0.04 0.03 0.04 0.06 0.06 0.05 0.04 0.03 0.03 0.03 0.04 0.04 0.04 1.08 1.92 3.30 0.02 0.01 0.01 0.01 0.01 0.01 0.01 0.01 0.02 0.02 0.03 0.05 0.04 0.20 0.89 2.32 0.01 0.01 0.02 0.03 0.04 0.05 0.06 0.08 0.06 0.05 0.11 0.10 0.09 0.06 0.06 0.04 0.03 0.18 0.14 0.13 0.15 0.13 0.09 0.21 0.20 0.14 0.11 0.10 0.19
0.01 0.02 0.02 0.02 0.03 0.03 0.01 0.01 0.01 0.01 0.02 0.02 0.02 0.02 0.02 0.02 0.02 0.02 0.02 0.05 0.07 0.03 0.05 0.04 0.04 0.04 0.03 0.04 0.05 0.04 0.03 0.03 0.03 0.02 0.04 2.41 1.95 1.38 0.02 0.01 0.01 0.01 0.01 0.01 0.01 0.02 0.02 0.02 0.03 0.06 0.07 0.04 0.28 2.37 1.97 0.01 0.01 0.01 0.01 0.02 0.02 0.02 0.03 0.03 0.02 0.04 0.04 0.02 0.05 0.07 0.06 0.03 0.25 0.06 0.04 0.03 0.46 0.49 0.34 0.17 0.15 0.12 0.11 0.33
0.01 0.02 0.02 0.02 0.03 0.05 0.01 0.01 0.01 0.02 0.02 0.02 0.02 0.02 0.02 0.03 0.03 0.02 0.03 0.03 0.02 0.04 0.07 0.07 0.05 0.06 0.04 0.04 0.05 0.05 0.04 0.04 0.04 0.03 0.02 2.41 0.02 0.01 0.01 0.01 0.00 0.01 0.01 0.01 0.01 0.02 0.02 0.04 0.06 0.05 0.06 0.05 0.55 2.86 0.01 0.01 0.01 0.01 0.01 0.02 0.02 0.02 0.03 0.02 0.01 0.01 0.01 0.01 0.01 0.01 0.03 0.05 0.26 0.01 0.01 0.12 0.44 0.08 0.07 0.04 0.08 0.09 0.08 0.80
0.01 0.02 0.02 0.03 0.04 0.05 0.04 0.01 0.01 0.02 0.02 0.02 0.02 0.02 0.03 0.03 0.03 0.04 0.04 0.04 0.04 0.03 0.02 0.04 0.05 0.05 0.05 0.05 0.06 0.07 0.07 0.89 1.72 2.33 2.34 2.36 0.01 0.01 0.01 0.00 0.01 0.01 0.01 0.01 0.02 0.02 0.02 0.03 0.02 0.02 0.04 0.33 0.87 3.08 0.01 0.01 0.01 0.01 0.02 0.03 0.02 0.03 0.02 0.02 0.03 0.03 0.02 0.02 0.03 0.06 0.10 0.08 0.18 0.09 0.13 0.20 0.33 0.09 0.05 0.05 0.08 0.13 0.09 0.96
0.02 0.02 0.02 0.04 0.03 0.06 0.03 0.01 0.01 0.01 0.02 0.02 0.02 0.03 0.03 0.03 0.03 0.03 0.05 0.00 0.00 0.01 0.01 0.02 0.03 0.04 0.04 0.06 0.06 1.08 1.74 1.74 0.99 0.88 0.01 0.01 0.01 0.01 0.01 0.01 0.01 0.01 0.01 0.01 0.02 0.02 0.02 0.02 0.05 0.06 0.06 0.16 1.80 1.60 0.01 0.01 0.01 0.01 0.01 0.02 0.02 0.02 0.02 0.04 0.05 0.16 0.13 0.13 0.14 0.10 0.08 0.05 0.05 0.19 0.10 0.18 0.18 0.25 0.16 0.06 0.21 0.15 1.02 0.99
0.02 0.02 0.02 0.03 0.03 0.05 0.05 0.01 0.01 0.01 0.02 0.02 0.03 0.04 0.05 0.04 0.04 0.05 0.11 0.11 0.01 0.01 0.01 0.02 0.03 0.04 0.95 1.29 1.66 1.73 1.20 0.13 0.01 0.01 0.01 0.01 0.01 0.00 0.01 0.01 0.01 0.02 0.02 0.02 0.02 0.03 0.04 0.05 0.05 0.04 0.03 0.67 2.61 0.79 0.01 0.01 0.01 0.01 0.02 0.02 0.02 0.04 0.04 0.04 0.03 0.10 0.01 0.01 0.01 0.01 0.04 0.07 0.07 0.07 0.04 0.31 0.18 0.26 0.34 0.27 0.32 0.69 0.99 0.33
0.02 0.02 0.02 0.02 0.03 0.05 0.07 0.02 0.01 0.01 0.02 0.02 0.02 0.02 0.03 0.03 0.03 0.02 0.01 0.05 0.03 0.03 0.03 0.03 0.03 1.16 1.49 1.24 0.96 0.53 0.30 0.01 0.01 0.01 0.01 0.00 0.01 0.01 0.01 0.01 0.01 0.02 0.02 0.02 0.02 0.04 0.04 0.03 0.03 0.05 3.74 3.47 3.13 0.01 0.01 0.01 0.02 0.02 0.03 0.02 0.03 0.03 0.02 0.03 0.02 0.05 0.01 0.01 0.03 0.07 0.06 0.03 0.06 0.03 0.02 0.30 0.22 0.19 0.21 0.71 0.47 0.81 0.28 0.08
0.03 0.03 0.05 0.02 0.02 0.04 0.11 0.02 0.01 0.01 0.02 0.03 0.01 0.02 0.03 0.03 0.05 0.01 0.01 0.04 0.05 0.05 0.04 0.04 2.21 1.94 1.62 0.57 0.28 0.02 0.02 0.01 0.01 0.00 0.00 0.01 0.00 0.01 0.01 0.02 0.02 0.02 0.03 0.03 0.03 0.03 0.03 0.03 0.02 0.02 3.95 0.94 0.02 0.01 0.01 0.01 0.01 0.02 0.03 0.03 0.03 0.02 0.02 0.01 0.01 0.02 0.07 0.06 0.07 0.04 0.03 0.03 0.04 0.17 0.47 0.53 0.16 0.10 0.21 0.68 0.41 0.27 0.10 0.17
1.73 1.83 1.99 2.58 0.01 0.04 0.11 0.02 0.01 0.01 0.01 0.04 0.03 0.01 0.02 0.03 0.72 0.37 0.32 1.07 1.34 1.37 1.79 2.48 2.33 0.64 0.02 0.01 0.01 0.02 0.01 0.00 0.00 0.01 0.03 0.02 0.01 0.01 0.01 0.02 0.02 0.02 0.03 0.05 0.03 0.03 0.02 0.03 0.03 3.09 2.53 0.02 0.01 0.01 0.01 0.01 0.01 0.02 0.03 0.04 0.04 0.04 0.04 0.03 0.04 0.04 0.04 0.01 0.01 0.01 0.01 0.02 0.03 0.49 0.50 0.23 0.01 0.11 0.30 0.76 0.03 0.02 0.03 0.01
1.26 0.01 0.02 2.39 2.01 2.53 2.18 1.15 1.98 1.95 1.83 1.32 1.83 1.51 2.25 2.11 1.26 1.80 1.71 1.58 1.14 0.63 0.44 0.24 0.16 0.12 0.01 0.01 0.01 0.00 0.00 0.01 0.01 0.02 0.04 0.01 0.01 0.01 0.02 0.02 0.03 0.03 0.03 0.02 0.03 0.03 0.03 0.03 3.59 3.46 0.43 0.01 0.01 0.01 0.01 0.01 0.03 0.05 0.05 0.07 0.07 0.06 0.06 0.06 0.04 0.03 0.09 0.01 0.01 0.02 0.02 0.02 0.07 0.52 0.01 0.20 0.01 0.20 0.48 0.49 0.02 0.02 0.01 0.02
0.02 0.02 0.03 0.02 0.03 0.01 0.01 1.26 1.35 0.03 0.03 0.07 0.01 0.02 0.02 0.02 0.02 0.02 0.02 0.02 0.03 0.01 0.01 0.01 0.01 0.01 0.01 0.00 0.01 0.01 0.02 0.02 0.01 0.02 0.03 0.02 0.01 0.01 0.02 0.02 0.03 0.04 0.04 0.05 0.02 0.02 0.04 2.91 3.70 2.17 0.02 0.01 0.01 0.01 0.02 0.03 0.04 0.03 0.02 0.02 0.03 0.04 0.03 0.03 0.03 0.03 0.07 0.01 0.01 0.02 0.02 0.01 0.10 0.51 0.01 0.77 0.80 0.46 0.54 0.37 0.02 0.02 0.01 0.03
0.01 0.01 0.02 0.02 0.01 0.02 0.02 0.02 0.02 0.04 0.02 0.02 0.02 0.02 0.02 0.02 0.01 0.01 0.01 0.01 0.01 0.01 0.01 0.01 0.01 0.01 0.01 0.02 0.01 0.01 0.02 0.02 0.02 0.02 0.03 0.02 0.22 0.22 0.01 0.02 0.02 0.03 0.04 0.05 0.03 0.02 0.03 2.56 0.02 0.01 0.01 0.01 0.01 0.01 0.02 0.02 0.02 0.02 0.02 0.02 0.03 0.04 0.04 0.03 0.03 0.05 0.17 0.17 0.01 0.01 0.02 0.03 0.12 0.30 0.55 0.79 0.83 0.48 0.20 0.13 0.02 0.03 0.01 0.03
0.01 0.01 0.01 0.01 0.01 0.01 0.02 0.02 0.02 0.03 0.04 0.02 0.01 0.01 0.02 0.01 0.01 0.01 0.01 0.01 0.01 0.01 0.01 0.01 0.01 0.01 0.02 0.02 0.02 0.00 0.00 0.02 0.02 0.03 0.03 0.31 0.19 0.18 0.13 0.08 0.08 0.10 0.07 0.06 0.06 0.04 0.03 2.95 0.02 0.01 0.01 0.01 0.01 0.02 0.01 0.01 0.01 0.02 0.02 0.03 0.03 0.04 0.04 0.04 0.09 0.12 0.07 0.18 0.08 0.07 0.05 0.63 0.30 0.20 0.68 0.72 0.71 0.07 0.01 0.02 0.02 0.01 0.02 0.03
0.01 0.01 0.01 0.01 0.01 0.01 0.01 0.01 0.02 0.03 0.02 0.02 0.01 0.01 0.01 0.01 0.01 0.01 0.01 0.01 0.01 0.01 0.04 0.03 0.06 0.08 0.12 0.09 0.18 0.03 0.04 0.01 0.00 0.02 0.02 0.32 0.01 0.07 0.11 0.12 0.11 0.10 0.07 0.12 0.37 0.39 2.52 2.06 0.01 0.01 0.01 0.01 0.01 0.02 0.02 0.02 0.02 0.02 0.02 0.03 0.03 0.08 0.10 0.08 0.31 0.01 0.01 0.03 0.06 0.08 0.39 0.72 0.19 0.16 0.15 0.15 0.37 0.14 0.14 0.01 0.02 0.01 0.02 0.05
0.01 0.01 0.00 0.01 0.01 0.00 0.01 0.01 0.01 0.02 0.01 0.01 0.01 0.01 0.02 0.02 0.02 0.02 0.01 0.02 0.02 0.05 0.06 0.09 0.10 0.07 0.07 0.24 0.16 0.10 0.06 0.07 0.19 0.47 0.44 0.31 0.12 0.08 0.07 0.05 0.08 0.07 0.11 1.65 2.50 2.51 2.52 0.01 0.01 0.00 0.01 0.01 0.01 0.02 0.02 0.02 0.02 0.02 0.03 0.08 0.12 0.10 0.05 0.10 0.45 0.01 0.01 0.02 0.04 0.59 0.77 0.65 0.60 0.30 0.12 0.10 0.16 0.12 0.14 0.09 0.02 0.01 0.01 0.09
0.01 0.01 0.01 0.02 0.01 0.01 0.01 0.01 0.01 0.01 0.01 0.01 0.01 0.02 0.02 0.04 0.05 0.05 0.05 0.08 0.09 0.07 0.05 0.05 0.05 0.04 0.03 0.04 0.01 0.01 0.02 0.07 0.01 0.01 0.02 0.07 0.10 0.09 0.07 0.06 0.08 0.10 3.15 2.81 2.67 0.35 0.03 0.02 0.01 0.01 0.01 0.01 0.02 0.02 0.02 0.02 0.03 0.05 0.05 0.07 0.08 0.06 0.07 0.10 0.49 0.02 0.02 0.13 0.69 0.83 0.53 0.04 0.09 0.36 0.05 0.12 0.12 0.15 0.02 0.02 0.03 0.07 0.14 0.13
0.02 0.01 0.01 0.03 0.02 0.01 0.01 0.01 0.00 0.01 0.01 0.01 0.01 0.01 0.01 0.02 0.02 0.02 0.03 0.03 0.02 0.03 0.04 0.03 0.03 0.02 0.02 0.01 0.01 0.01 0.01 0.02 0.02 0.02 0.02 0.01 0.06 0.07 0.06 0.06 0.09 3.03 3.10 0.01 0.02 0.02 0.02 0.01 0.01 0.01 0.01 0.02 0.02 0.02 0.03 0.03 0.03 0.07 0.25 0.10 0.06 0.12 0.15 0.14 0.52 0.31 0.39 0.71 0.62 0.54 0.06 0.05 0.07 0.18 0.09 0.16 0.14 0.16 0.04 0.02 0.02 0.05 0.01 0.11
2.51 0.01 0.01 0.02 0.01 0.02 0.01 0.01 0.01 0.01 0.01 0.01 0.01 0.01 0.01 0.01 0.02 0.02 0.02 0.02 0.02 0.02 0.02 0.02 0.02 0.01 0.01 0.01 0.01 0.01 0.01 0.01 0.01 0.01 0.01 0.02 0.04 0.05 0.04 0.06 0.47 2.98 0.45 0.04 0.03 0.01 0.00 0.01 0.01 0.01 0.02 0.02 0.02 0.04 0.09 0.13 0.17 0.18 0.10 0.05 0.12 0.16 0.17 0.15 0.26 0.34 0.31 0.36 0.21 0.09 0.08 0.07 0.05 0.07 0.11 0.18 0.15 0.11 0.05 0.02 0.03 0.02 0.01 0.02
2.49 0.02 0.02 0.02 0.02 0.02 0.02 0.01 0.01 0.01 0.01 0.01 0.01 0.01 0.01 0.01 0.01 0.01 0.02 0.02 0.02 0.02 0.01 0.01 0.01 0.01 0.01 0.01 0.01 0.03 0.02 0.01 0.01 0.01 0.01 0.02 0.03 0.05 0.04 0.05 0.77 3.31 0.41 0.01 0.03 0.01 0.00 0.01 0.01 0.03 0.03 0.04 0.03 0.14 0.13 0.12 0.12 0.11 0.18 0.17 0.15 0.15 0.16 0.13 0.16 0.34 0.02 0.37 0.05 0.07 0.06 0.06 0.04 0.11 0.17 0.16 0.07 0.12 0.08 0.02 0.02 0.01 0.01 0.02
2.45 0.05 0.01 4.28 4.31 0.01 0.01 0.01 0.01 0.01 0.01 0.01 0.02 0.02 0.01 0.01 0.01 0.01 0.01 0.01 0.01 0.01 0.01 0.01 0.01 0.01 0.01 0.01 0.02 0.02 0.02 0.02 0.01 0.01 0.01 0.03 0.06 0.22 0.02 2.71 2.07 2.88 0.02 0.02 0.01 0.00 0.01 0.04 0.04 0.02 0.03 0.13 0.21 0.18 0.15 0.08 0.08 0.11 0.11 0.18 0.16 0.13 0.12 0.11 0.11 0.22 0.26 0.59 0.08 0.09 0.05 0.04 0.06 0.15 0.10 0.08 0.08 0.12 0.02 0.01 0.02 0.02 0.02 0.01
2.34 2.06 4.40 4.25 4.34 0.02 0.02 0.01 0.02 0.01 0.02 0.01 0.02 0.05 0.01 0.03 0.01 0.01 0.01 0.01 0.01 0.01 0.01 0.01 0.01 0.01 0.01 0.01 0.03 0.03 0.02 0.01 0.02 0.05 2.54 3.18 3.26 3.53 3.33 3.05 0.58 0.02 0.01 0.02 0.01 0.01 0.01 0.02 0.05 0.04 0.14 0.12 0.12 0.11 0.09 0.11 0.12 0.11 0.08 0.10 0.13 0.13 0.11 0.09 0.09 0.20 0.50 0.61 0.15 0.10 0.03 0.04 0.07 0.14 0.04 0.13 0.13 0.03 0.02 0.01 0.02 0.02 0.01 0.01
0.02 0.03 0.06 0.02 4.23 4.10 3.95 0.02 0.01 0.01 0.01 0.02 0.02 0.04 0.05 0.03 0.01 0.01 0.01 0.01 0.01 0.01 0.02 0.01 0.01 0.01 0.01 0.03 0.02 0.03 0.02 0.02 2.01 2.20 2.27 0.02 0.01 0.01 0.03 0.03 0.01 0.02 0.01 0.01 0.01 0.01 0.01 0.05 0.12 0.20 0.17 0.13 0.10 0.05 0.05 0.06 0.06 0.06 0.09 0.09 0.10 0.08 0.08 0.08 0.08 0.10 0.25 0.23 0.14 0.15 0.05 0.04 0.07 0.12 0.07 0.28 0.02 0.04 0.01 0.02 0.01 0.01 0.05 0.06
0.03 0.02 0.04 0.05 0.02 0.02 3.77 0.18 0.01 0.01 0.01 0.02 0.02 0.03 0.02 0.02 0.02 0.01 0.01 0.02 0.01 0.01 0.01 0.01 0.02 0.02 0.02 0.08 0.04 0.04 2.05 2.05 2.04 0.01 0.04 0.02 0.01 0.01 0.03 0.03 0.01 0.01 0.00 0.01 0.01 0.07 0.16 0.13 0.10 0.10 0.11 0.08 0.04 0.08 0.07 0.04 0.04 0.07 0.10 0.07 0.08 0.08 0.08 0.08 0.07 0.06 0.08 0.38 0.34 0.35 0.29 0.05 0.08 0.12 0.04 0.19 0.03 0.03 0.01 0.01 0.01 0.06 0.02 0.03
0.02 0.03 0.03 0.03 0.03 0.02 3.56 0.12 0.64 0.01 0.01 0.02 0.01 0.03 0.02 0.01 0.03 0.01 0.01 0.02 0.02 0.01 0.01 0.01 0.02 0.01 0.05 0.00 0.01 2.66 2.48 0.02 0.01 0.02 0.03 0.01 0.01 0.01 0.02 0.01 0.01 0.01 0.01 0.06 0.11 0.13 0.11 0.07 0.06 0.06 0.10 0.07 0.09 0.07 0.04 0.04 0.03 0.11 0.09 0.07 0.09 0.09 0.09 0.07 0.06 0.05 0.08 0.08 0.12 0.16 0.14 0.12 0.10 0.09 0.08 0.26 0.22 0.01 0.01 0.01 0.06 0.02 0.09 0.05
0.02 0.03 0.03 0.03 0.03 0.02 3.30 2.94 2.38 2.89 2.45 1.55 2.64 1.97 0.02 0.01 0.02 0.02 0.02 0.01 0.01 0.01 0.01 0.02 0.03 0.03 0.15 0.08 3.22 2.73 0.01 0.01 0.01 0.01 0.02 0.02 0.01 0.01 0.01 0.01 0.01 0.05 0.11 0.09 0.08 0.08 0.07 0.06 0.07 0.07 0.07 0.10 0.08 0.05 0.04 0.11 0.33 0.24 0.08 0.07 0.08 0.10 0.08 0.05 0.05 0.05 0.10 0.10 0.10 0.11 0.10 0.09 0.09 0.07 0.07 0.05 0.27 0.27 0.24 0.01 0.01 0.08 0.07 0.18
0.02 0.03 0.03 0.03 0.02 0.03 0.02 0.04 0.01 0.02 0.01 0.34 2.80 2.90 2.60 2.36 0.01 0.01 0.03 0.01 0.01 0.02 0.04 0.04 0.07 0.10 0.11 0.09 3.56 0.42 0.01 0.01 0.01 0.01 0.01 0.01 0.01 0.00 0.01 0.01 0.06 0.08 0.08 0.06 0.06 0.07 0.07 0.06 0.07 0.09 0.07 0.05 0.04 0.05 0.11 0.09 0.22 0.06 0.08 0.09 0.10 0.11 0.04 0.05 0.06 0.04 0.10 0.13 0.11 0.09 0.09 0.12 0.12 0.02 0.03 0.03 0.03 0.05 0.02 0.02 0.05 0.15 0.01 0.13
0.02 0.02 0.02 0.02 0.03 0.03 0.02 0.03 0.00 0.02 0.01 0.01 0.35 0.12 0.88 1.87 1.53 1.70 1.80 0.01 0.01 0.03 0.05 0.01 0.01 0.02 0.01 0.39 3.83 1.83 0.01 0.01 0.01 0.01 0.01 0.01 0.01 0.02 0.02 0.06 0.11 0.11 0.08 0.07 0.06 0.06 0.06 0.07 0.07 0.07 0.06 0.04 0.04 0.04 0.04 0.07 0.05 0.05 0.10 0.08 0.08 0.09 0.06 0.05 0.07 0.04 0.16 0.13 0.06 0.09 0.13 0.12 0.07 0.03 0.05 0.04 0.04 0.05 0.03 0.02 0.04 0.04 0.03 0.11
0.01 0.01 0.02 0.02 0.02 0.02 0.03 0.03 0.06 0.06 0.04 0.37 0.43 0.01 0.03 0.01 0.03 0.01 1.84 2.13 0.01 0.01 0.02 0.01 0.00 0.01 0.01 1.21 4.05 0.03 0.02 0.01 0.00 0.01 0.01 0.06 0.08 0.11 0.11 0.13 0.08 0.06 0.05 0.06 0.05 0.05 0.09 0.08 0.06 0.05 0.05 0.03 0.03 0.03 0.04 0.06 0.05 0.05 0.06 0.07 0.06 0.08 0.16 0.07 0.15 0.30 0.31 0.01 0.01 0.15 0.09 0.07 0.04 0.03 0.05 0.04 0.05 0.06 0.08 0.07 0.05 0.08 0.09 0.07
0.01 0.01 0.01 0.01 0.01 0.01 0.01 0.01 0.04 0.04 0.03 0.36 0.21 0.01 0.03 0.01 0.02 0.03 0.04 2.51 2.59 0.00 0.01 0.02 0.01 0.01 0.01 1.83 2.13 0.02 0.01 0.02 0.01 0.01 0.05 0.05 0.05 0.05 0.05 0.05 0.04 0.04 0.03 0.05 0.04 0.04 0.05 0.05 0.04 0.04 0.03 0.03 0.03 0.03 0.04 0.05 0.05 0.05 0.06 0.07 0.09 0.08 0.12 0.16 0.23 0.11 0.06 0.11 0.19 0.19 0.02 0.04 0.03 0.02 0.03 0.07 0.06 0.07 0.04 0.03 0.03 0.05 0.05 0.04
0.01 0.01 0.01 0.01 0.01 0.01 0.01 0.01 0.11 0.34 0.40 0.45 0.02 0.02 0.03 0.02 0.02 0.03 0.03 0.03 2.75 3.01 2.82 2.52 1.98 1.94 1.99 1.96 0.05 0.02 0.03 0.01 0.01 0.03 0.04 0.04 0.04 0.04 0.03 0.05 0.04 0.04 0.04 0.04 0.04 0.04 0.04 0.04 0.03 0.03 0.03 0.03 0.03 0.03 0.05 0.06 0.06 0.06 0.08 0.10 0.09 0.10 0.11 0.13 0.17 0.01 0.09 0.09 0.07 0.07 0.02 0.04 0.03 0.03 0.06 0.10 0.08 0.05 0.03 0.03 0.03 0.03 0.04 0.02
0.01 0.01 0.01 0.01 0.01 0.01 0.01 0.47 0.32 0.30 0.12 0.01 0.02 0.03 0.03 0.03 0.03 0.03 0.03 0.02 0.04 0.08 0.01 0.01 0.02 0.02 0.03 0.07 0.03 0.02 0.01 0.01 0.01 0.03 0.04 0.04 0.04 0.03 0.03 0.03 0.04 0.03 0.04 0.04 0.04 0.03 0.04 0.03 0.03 0.03 0.03 0.03 0.03 0.04 0.04 0.06 0.07 0.07 0.08 0.13 0.09 0.10 0.10 0.07 0.09 0.12 0.11 0.07 0.04 0.03 0.02 0.03 0.04 0.03 0.09 0.16 0.02 0.02 0.01 0.01 0.02 0.02 0.02 0.02
0.02 0.02 0.02 0.02 0.02 0.19 0.48 0.53 0.02 0.01 0.01 0.02 0.02 0.03 0.04 0.09 0.03 0.04 0.03 0.02 0.04 0.09 0.01 0.01 0.02 0.03 0.03 0.04 0.02 0.01 0.01 0.01 0.03 0.04 0.03 0.03 0.04 0.03 0.03 0.02 0.03 0.03 0.03 0.02 0.05 0.03 0.05 0.03 0.02 0.02 0.02 0.03 0.05 0.07 0.07 0.07 0.10 0.12 0.08 0.11 0.10 0.10 0.07 0.08 0.14 0.05 0.06 0.02 0.02 0.02 0.02 0.04 0.05 0.03 0.16 0.01 0.01 0.01 0.01 0.01 0.01 0.02 0.02 0.04
