NEW_versions/S_Waiehu/Scripts/Results/S_Waiehu_50m/MaxFloodMaps/S_Waiehu_50m_0.5.asc
NCOLS 296
NROWS 126
XLLCENTER 753498.390000
YLLCENTER 2312278.410000
CELLSIZE 25.000000
NODATA_value -99999.000000
[rows 38 to 75 of 126, columns 168 to 251 of 296]
0.10 0.03 0.04 0.04 0.03 0.02 0.02 0.01 0.01 0.01 0.01 0.01 0.01 0.01 0.01 0.01 0.01 0.01 0.01 0.01 0.01 0.01 0.01 0.00 0.01 0.00 0.00 0.01 0.01 0.01 0.01 0.01 0.01 0.01 0.00 0.00 0.00 0.01 0.03 0.04 0.02 0.01 0.01 0.01 0.01 0.00 0.50 0.00 0.02 0.01 0.00 0.01 0.01 0.01 0.01 0.01 1.17 1.15 0.01 0.00 0.00 0.01 0.01 0.01 0.02 0.03 0.03 0.09 0.11 0.07 0.05 0.04 0.03 0.03 0.02 0.01 0.02 0.10 0.13 0.18 0.11 0.06 0.01 0.01
0.01 0.03 0.03 0.01 0.01 0.01 0.01 0.01 0.01 0.01 0.01 0.01 0.01 0.01 0.01 0.01 0.01 0.01 0.01 0.01 0.01 0.01 0.01 0.01 0.01 0.01 0.02 0.01 0.01 0.00 0.00 0.01 0.01 0.01 0.00 0.01 0.01 0.01 0.01 0.01 0.01 0.01 0.01 0.01 0.01 0.59 0.48 0.00 0.01 0.00 0.01 0.01 0.02 0.01 0.02 1.03 1.05 0.00 0.00 0.00 0.01 0.01 0.01 0.01 0.02 0.05 0.14 0.06 0.04 0.02 0.05 0.03 0.04 0.03 0.03 0.12 0.24 0.23 0.00 0.01 0.01 0.02 0.02 0.01
0.01 0.01 0.00 0.00 0.01 0.01 0.01 0.01 0.01 0.01 0.01 0.01 0.01 0.01 0.01 0.01 0.01 0.01 0.01 0.01 0.01 0.01 0.02 0.00 0.00 0.01 0.05 0.00 0.00 0.00 0.01 0.01 0.01 0.01 0.01 0.01 0.01 0.01 0.01 0.01 0.01 0.01 0.01 0.54 0.54 0.55 0.00 0.00 0.01 0.00 0.00 0.00 0.01 0.01 1.31 1.02 0.01 0.00 0.00 0.01 0.00 0.01 0.01 0.02 0.02 0.02 0.01 0.01 0.01 0.01 0.01 0.01 0.07 0.11 0.11 0.11 0.00 0.01 0.00 0.01 0.01 0.02 0.01 0.01
0.01 0.01 0.01 0.01 0.01 0.01 0.02 0.02 0.01 0.01 0.01 0.01 0.01 0.01 0.01 0.01 0.00 0.01 0.01 0.01 0.01 0.01 0.02 0.01 0.01 0.01 0.01 0.01 0.01 0.00 0.00 0.01 0.01 0.00 0.01 0.01 0.01 0.01 0.01 0.01 0.76 0.45 0.87 0.65 0.01 0.00 0.00 0.01 0.01 0.01 0.01 0.01 0.02 0.02 1.52 0.01 0.01 0.00 0.01 0.01 0.01 0.01 0.01 0.01 0.04 0.00 0.01 0.01 0.00 0.01 0.01 0.02 0.04 0.04 0.01 0.00 0.01 0.02 0.02 0.01 0.04 0.03 0.05 0.05
0.01 0.01 0.01 0.01 0.01 0.01 0.01 0.01 0.02 0.01 0.01 0.01 0.01 0.01 0.01 0.01 0.01 0.01 0.01 0.01 0.01 0.01 0.01 0.01 0.01 0.02 0.02 0.01 0.01 0.01 0.02 0.01 0.01 0.01 0.01 0.01 0.01 0.01 0.01 0.94 0.88 0.01 0.01 0.00 0.00 0.00 0.00 0.01 0.01 0.01 0.01 0.01 0.02 0.03 0.86 0.00 0.01 0.01 0.01 0.01 0.01 0.01 0.01 0.01 0.03 0.00 0.00 0.00 0.00 0.01 0.01 0.01 0.08 0.00 0.01 0.01 0.01 0.02 0.04 0.06 0.06 0.04 0.03 0.03
0.01 0.01 0.01 0.01 0.01 0.01 0.01 0.00 0.01 0.01 0.01 0.01 0.01 0.01 0.01 0.01 0.01 0.01 0.01 0.01 0.01 0.01 0.01 0.01 0.02 0.01 0.02 0.02 0.01 0.02 0.01 0.01 0.01 0.01 0.02 0.02 0.01 0.01 0.99 0.97 0.01 0.01 0.00 0.00 0.01 0.01 0.01 0.01 0.01 0.01 0.01 0.02 0.02 0.12 0.73 0.00 0.00 0.01 0.00 0.01 0.01 0.01 0.00 0.01 0.02 0.02 0.01 0.01 0.03 0.02 0.01 0.01 0.08 0.01 0.00 0.01 0.01 0.01 0.04 0.04 0.04 0.03 0.02 0.02
0.01 0.01 0.01 0.01 0.01 0.01 0.00 0.00 0.00 0.01 0.01 0.01 0.01 0.01 0.01 0.01 0.01 0.01 0.01 0.01 0.02 0.02 0.02 0.02 0.02 0.02 0.03 0.03 0.02 0.02 0.01 0.01 0.01 0.02 0.02 0.02 0.19 0.47 1.00 0.01 0.01 0.01 0.00 0.00 0.01 0.01 0.01 0.01 0.01 0.01 0.02 0.02 0.05 0.15 1.00 0.01 0.00 0.01 0.01 0.02 0.02 0.03 0.03 0.03 0.03 0.05 0.04 0.04 0.03 0.03 0.02 0.01 0.08 0.06 0.05 0.05 0.04 0.02 0.05 0.05 0.03 0.02 0.02 0.02
0.01 0.01 0.01 0.01 0.01 0.02 0.00 0.00 0.01 0.01 0.01 0.01 0.01 0.01 0.01 0.01 0.01 0.01 0.01 0.02 0.03 0.01 0.02 0.02 0.02 0.02 0.02 0.02 0.02 0.02 0.02 0.01 0.02 0.01 0.02 0.80 0.74 0.42 0.01 0.00 0.00 0.00 0.00 0.01 0.00 0.01 0.01 0.01 0.01 0.03 0.03 0.02 0.07 1.16 0.87 0.01 0.00 0.01 0.01 0.01 0.01 0.01 0.01 0.01 0.01 0.02 0.02 0.01 0.02 0.03 0.03 0.01 0.12 0.01 0.01 0.01 0.11 0.13 0.09 0.04 0.03 0.02 0.02 0.04
0.01 0.01 0.01 0.01 0.02 0.02 0.01 0.00 0.01 0.01 0.01 0.01 0.01 0.01 0.01 0.01 0.01 0.01 0.02 0.01 0.01 0.02 0.03 0.03 0.03 0.03 0.02 0.02 0.02 0.02 0.02 0.02 0.02 0.01 0.01 0.70 0.01 0.01 0.00 0.00 0.00 0.00 0.01 0.01 0.01 0.01 0.01 0.02 0.03 0.02 0.03 0.02 0.16 1.31 0.01 0.01 0.00 0.01 0.01 0.01 0.01 0.01 0.01 0.01 0.01 0.01 0.00 0.00 0.01 0.01 0.01 0.02 0.12 0.00 0.00 0.03 0.10 0.01 0.01 0.01 0.01 0.01 0.01 0.23
0.01 0.01 0.01 0.02 0.02 0.03 0.02 0.00 0.01 0.01 0.01 0.01 0.01 0.01 0.02 0.01 0.02 0.02 0.02 0.02 0.02 0.02 0.01 0.02 0.03 0.03 0.03 0.03 0.03 0.03 0.03 0.14 0.42 0.64 0.64 0.65 0.01 0.00 0.00 0.00 0.00 0.00 0.00 0.01 0.01 0.01 0.01 0.01 0.01 0.01 0.02 0.05 0.28 1.36 0.00 0.01 0.00 0.00 0.01 0.01 0.01 0.01 0.01 0.01 0.01 0.01 0.01 0.01 0.01 0.03 0.04 0.04 0.07 0.03 0.05 0.06 0.08 0.01 0.01 0.01 0.01 0.02 0.01 0.22
0.01 0.01 0.01 0.02 0.02 0.03 0.02 0.00 0.01 0.01 0.01 0.01 0.01 0.01 0.02 0.01 0.02 0.01 0.02 0.00 0.00 0.00 0.01 0.01 0.02 0.02 0.02 0.03 0.02 0.26 0.49 0.65 0.30 0.24 0.01 0.00 0.01 0.00 0.00 0.00 0.00 0.01 0.01 0.01 0.01 0.01 0.01 0.01 0.02 0.03 0.03 0.01 0.84 0.59 0.00 0.00 0.00 0.01 0.01 0.01 0.01 0.01 0.01 0.02 0.02 0.07 0.06 0.06 0.06 0.05 0.04 0.02 0.02 0.08 0.04 0.04 0.03 0.05 0.03 0.01 0.04 0.02 0.24 0.21
0.01 0.01 0.01 0.02 0.02 0.03 0.02 0.01 0.01 0.01 0.01 0.01 0.02 0.02 0.02 0.02 0.02 0.03 0.05 0.05 0.00 0.00 0.01 0.01 0.01 0.02 0.21 0.35 0.48 0.61 0.34 0.01 0.01 0.01 0.01 0.00 0.00 0.00 0.00 0.01 0.01 0.01 0.01 0.01 0.01 0.01 0.02 0.02 0.02 0.02 0.01 0.01 1.30 0.01 0.00 0.00 0.01 0.01 0.01 0.01 0.01 0.02 0.02 0.02 0.02 0.05 0.00 0.00 0.01 0.00 0.02 0.03 0.03 0.03 0.02 0.08 0.03 0.04 0.06 0.04 0.06 0.16 0.24 0.01
0.01 0.01 0.01 0.01 0.01 0.02 0.03 0.01 0.01 0.01 0.01 0.01 0.01 0.01 0.01 0.01 0.02 0.01 0.01 0.03 0.02 0.02 0.01 0.01 0.01 0.18 0.53 0.38 0.26 0.12 0.05 0.01 0.00 0.00 0.00 0.00 0.00 0.00 0.00 0.01 0.01 0.01 0.01 0.01 0.01 0.02 0.02 0.02 0.02 0.02 1.84 1.71 1.55 0.01 0.01 0.01 0.01 0.01 0.01 0.01 0.01 0.01 0.01 0.01 0.01 0.02 0.00 0.00 0.01 0.03 0.03 0.01 0.02 0.01 0.01 0.07 0.04 0.03 0.04 0.19 0.11 0.23 0.01 0.01
0.02 0.02 0.02 0.01 0.01 0.02 0.06 0.01 0.01 0.00 0.01 0.01 0.01 0.01 0.01 0.01 0.02 0.01 0.01 0.02 0.02 0.02 0.02 0.02 0.74 0.72 0.64 0.01 0.01 0.01 0.01 0.00 0.00 0.00 0.00 0.00 0.00 0.00 0.01 0.01 0.01 0.01 0.01 0.02 0.02 0.01 0.01 0.02 0.01 0.01 1.94 0.01 0.01 0.00 0.00 0.01 0.01 0.01 0.01 0.01 0.01 0.01 0.01 0.01 0.00 0.01 0.03 0.03 0.03 0.02 0.01 0.01 0.02 0.02 0.10 0.13 0.01 0.01 0.04 0.17 0.09 0.06 0.01 0.02
0.48 0.50 0.52 0.79 0.01 0.02 0.05 0.01 0.01 0.00 0.01 0.02 0.02 0.01 0.01 0.01 0.14 0.07 0.05 0.22 0.36 0.37 0.47 0.75 0.75 0.02 0.01 0.01 0.01 0.01 0.01 0.00 0.00 0.00 0.02 0.01 0.00 0.01 0.01 0.01 0.01 0.01 0.01 0.02 0.02 0.01 0.01 0.02 0.01 1.31 0.89 0.01 0.01 0.00 0.00 0.00 0.01 0.01 0.01 0.02 0.02 0.02 0.02 0.01 0.02 0.02 0.02 0.00 0.01 0.01 0.00 0.01 0.01 0.12 0.13 0.01 0.00 0.02 0.07 0.19 0.01 0.01 0.01 0.00
0.36 0.01 0.01 0.73 0.54 0.85 0.78 0.31 0.56 0.56 0.54 0.37 0.53 0.41 0.66 0.67 0.37 0.53 0.50 0.54 0.37 0.18 0.12 0.06 0.03 0.03 0.01 0.00 0.01 0.00 0.00 0.00 0.00 0.01 0.02 0.01 0.01 0.01 0.01 0.01 0.01 0.01 0.02 0.01 0.01 0.02 0.01 0.01 1.66 1.53 0.01 0.01 0.00 0.00 0.00 0.01 0.02 0.02 0.02 0.03 0.03 0.03 0.03 0.03 0.02 0.01 0.04 0.00 0.00 0.01 0.01 0.01 0.01 0.12 0.00 0.01 0.00 0.05 0.13 0.11 0.01 0.01 0.00 0.01
0.01 0.01 0.02 0.01 0.01 0.01 0.01 0.34 0.33 0.01 0.02 0.03 0.01 0.01 0.01 0.01 0.01 0.01 0.01 0.01 0.01 0.01 0.00 0.01 0.00 0.01 0.01 0.00 0.00 0.00 0.01 0.01 0.00 0.01 0.01 0.01 0.01 0.01 0.01 0.01 0.01 0.02 0.02 0.02 0.01 0.01 0.02 1.07 1.76 0.29 0.01 0.01 0.00 0.00 0.01 0.01 0.02 0.01 0.01 0.01 0.01 0.02 0.01 0.02 0.01 0.01 0.03 0.00 0.01 0.01 0.01 0.01 0.02 0.12 0.00 0.24 0.29 0.13 0.15 0.07 0.01 0.01 0.00 0.01
0.01 0.01 0.01 0.01 0.01 0.01 0.01 0.01 0.01 0.02 0.01 0.01 0.01 0.01 0.01 0.01 0.01 0.01 0.01 0.01 0.01 0.01 0.01 0.00 0.00 0.00 0.01 0.01 0.01 0.01 0.01 0.01 0.01 0.01 0.01 0.01 0.11 0.11 0.01 0.01 0.01 0.01 0.02 0.02 0.01 0.01 0.01 0.93 0.01 0.01 0.00 0.00 0.00 0.01 0.01 0.01 0.01 0.01 0.01 0.01 0.01 0.02 0.02 0.01 0.01 0.02 0.07 0.07 0.00 0.01 0.01 0.01 0.03 0.07 0.09 0.22 0.27 0.09 0.02 0.01 0.01 0.01 0.00 0.01
0.01 0.01 0.01 0.01 0.01 0.01 0.01 0.01 0.01 0.01 0.02 0.01 0.01 0.01 0.01 0.01 0.01 0.01 0.01 0.01 0.00 0.00 0.00 0.01 0.01 0.01 0.01 0.01 0.01 0.00 0.00 0.01 0.01 0.01 0.01 0.17 0.10 0.10 0.07 0.04 0.04 0.05 0.03 0.03 0.03 0.02 0.01 1.19 0.01 0.00 0.00 0.00 0.00 0.01 0.01 0.01 0.01 0.01 0.01 0.01 0.01 0.02 0.02 0.02 0.04 0.05 0.03 0.08 0.03 0.03 0.02 0.21 0.08 0.05 0.18 0.17 0.15 0.01 0.00 0.01 0.01 0.00 0.01 0.01
0.00 0.01 0.00 0.01 0.00 0.00 0.01 0.01 0.01 0.02 0.01 0.01 0.01 0.01 0.01 0.00 0.00 0.00 0.00 0.00 0.00 0.01 0.02 0.02 0.03 0.04 0.06 0.05 0.09 0.02 0.02 0.00 0.00 0.01 0.01 0.17 0.00 0.03 0.06 0.06 0.06 0.05 0.04 0.04 0.04 0.02 1.01 0.75 0.00 0.00 0.00 0.00 0.01 0.01 0.01 0.01 0.01 0.01 0.01 0.01 0.01 0.03 0.04 0.03 0.10 0.00 0.00 0.01 0.02 0.03 0.04 0.23 0.00 0.04 0.04 0.03 0.06 0.02 0.02 0.00 0.00 0.00 0.01 0.01
0.00 0.00 0.00 0.00 0.00 0.00 0.00 0.01 0.01 0.01 0.01 0.01 0.01 0.01 0.01 0.01 0.01 0.01 0.01 0.01 0.01 0.03 0.03 0.05 0.05 0.04 0.04 0.12 0.08 0.05 0.03 0.03 0.04 0.24 0.23 0.17 0.06 0.04 0.03 0.03 0.04 0.03 0.04 0.30 1.00 1.00 1.00 0.01 0.00 0.00 0.00 0.01 0.01 0.01 0.01 0.01 0.01 0.01 0.01 0.03 0.05 0.04 0.02 0.04 0.16 0.00 0.00 0.01 0.01 0.17 0.26 0.21 0.25 0.10 0.03 0.02 0.03 0.02 0.02 0.02 0.01 0.00 0.00 0.02
0.01 0.00 0.00 0.01 0.01 0.00 0.00 0.00 0.00 0.00 0.01 0.01 0.01 0.01 0.01 0.02 0.02 0.03 0.03 0.04 0.05 0.04 0.03 0.03 0.02 0.02 0.01 0.02 0.00 0.01 0.01 0.03 0.01 0.01 0.01 0.01 0.04 0.04 0.03 0.03 0.04 0.04 1.41 1.32 1.22 0.01 0.01 0.01 0.00 0.00 0.01 0.01 0.01 0.01 0.01 0.01 0.01 0.02 0.02 0.03 0.03 0.02 0.02 0.03 0.17 0.00 0.01 0.01 0.19 0.29 0.13 0.01 0.02 0.09 0.01 0.02 0.02 0.02 0.00 0.01 0.01 0.02 0.03 0.03
0.01 0.00 0.00 0.02 0.01 0.01 0.01 0.00 0.00 0.00 0.00 0.00 0.01 0.01 0.01 0.01 0.01 0.01 0.02 0.02 0.01 0.01 0.02 0.02 0.01 0.01 0.01 0.01 0.01 0.01 0.01 0.01 0.01 0.01 0.01 0.01 0.02 0.03 0.03 0.03 0.03 1.20 1.26 0.00 0.01 0.01 0.01 0.00 0.00 0.00 0.01 0.01 0.01 0.01 0.01 0.02 0.02 0.02 0.09 0.03 0.02 0.04 0.05 0.04 0.18 0.10 0.12 0.22 0.18 0.14 0.01 0.01 0.02 0.04 0.02 0.03 0.02 0.02 0.01 0.01 0.00 0.01 0.00 0.02
1.07 0.01 0.01 0.01 0.01 0.01 0.01 0.01 0.00 0.00 0.00 0.00 0.00 0.00 0.01 0.01 0.01 0.01 0.01 0.01 0.01 0.01 0.01 0.01 0.01 0.01 0.01 0.01 0.00 0.00 0.00 0.01 0.01 0.01 0.01 0.01 0.02 0.02 0.02 0.03 0.04 1.18 0.01 0.02 0.01 0.00 0.00 0.00 0.00 0.01 0.01 0.01 0.01 0.02 0.03 0.05 0.06 0.06 0.03 0.02 0.04 0.05 0.05 0.04 0.07 0.10 0.09 0.10 0.05 0.01 0.01 0.01 0.01 0.02 0.02 0.03 0.02 0.02 0.01 0.01 0.01 0.01 0.00 0.01
1.06 0.01 0.01 0.01 0.01 0.01 0.01 0.01 0.01 0.00 0.00 0.01 0.01 0.01 0.00 0.01 0.01 0.01 0.01 0.01 0.01 0.01 0.01 0.01 0.01 0.01 0.00 0.01 0.01 0.01 0.01 0.01 0.01 0.00 0.00 0.01 0.01 0.02 0.02 0.02 0.03 1.44 0.01 0.01 0.02 0.00 0.00 0.01 0.01 0.01 0.02 0.02 0.01 0.05 0.05 0.04 0.04 0.04 0.06 0.05 0.05 0.05 0.05 0.04 0.05 0.10 0.00 0.10 0.01 0.01 0.01 0.01 0.01 0.03 0.04 0.02 0.01 0.02 0.02 0.01 0.01 0.00 0.00 0.01
1.05 0.01 0.01 2.02 2.05 0.01 0.01 0.01 0.01 0.01 0.01 0.01 0.01 0.01 0.01 0.00 0.00 0.01 0.01 0.01 0.01 0.01 0.01 0.00 0.00 0.00 0.00 0.01 0.01 0.01 0.01 0.01 0.01 0.01 0.01 0.01 0.02 0.03 0.01 1.23 0.85 1.18 0.01 0.01 0.01 0.00 0.00 0.02 0.02 0.01 0.01 0.05 0.07 0.06 0.05 0.03 0.03 0.03 0.03 0.06 0.05 0.04 0.04 0.03 0.03 0.06 0.03 0.18 0.01 0.01 0.01 0.01 0.02 0.04 0.02 0.01 0.01 0.02 0.01 0.00 0.01 0.01 0.01 0.00
1.00 0.76 2.06 1.98 2.08 0.01 0.01 0.01 0.01 0.01 0.01 0.01 0.01 0.03 0.01 0.01 0.00 0.00 0.00 0.00 0.00 0.00 0.01 0.01 0.01 0.00 0.00 0.01 0.01 0.02 0.01 0.01 0.01 0.01 0.93 1.23 1.28 1.56 1.50 1.40 0.01 0.01 0.01 0.01 0.00 0.00 0.00 0.01 0.02 0.02 0.05 0.04 0.04 0.04 0.03 0.04 0.04 0.03 0.03 0.03 0.04 0.04 0.04 0.03 0.03 0.05 0.14 0.19 0.02 0.01 0.01 0.01 0.02 0.04 0.01 0.02 0.02 0.01 0.01 0.00 0.01 0.01 0.00 0.00
0.01 0.01 0.02 0.01 2.04 1.97 1.91 0.01 0.01 0.01 0.01 0.01 0.01 0.02 0.03 0.01 0.00 0.01 0.01 0.01 0.01 0.01 0.01 0.01 0.01 0.01 0.00 0.01 0.01 0.01 0.01 0.01 0.78 0.85 0.86 0.01 0.00 0.01 0.01 0.01 0.01 0.01 0.00 0.00 0.00 0.00 0.01 0.02 0.05 0.07 0.06 0.05 0.03 0.02 0.02 0.02 0.02 0.02 0.03 0.03 0.03 0.03 0.02 0.03 0.03 0.03 0.06 0.07 0.02 0.02 0.00 0.01 0.02 0.03 0.02 0.05 0.00 0.01 0.00 0.01 0.00 0.00 0.01 0.02
0.01 0.01 0.02 0.02 0.01 0.01 1.82 0.02 0.01 0.00 0.01 0.01 0.01 0.01 0.01 0.01 0.01 0.01 0.01 0.01 0.01 0.01 0.01 0.01 0.01 0.01 0.01 0.04 0.02 0.02 0.80 0.80 0.80 0.01 0.02 0.01 0.00 0.01 0.01 0.02 0.00 0.00 0.00 0.00 0.01 0.03 0.06 0.05 0.04 0.04 0.04 0.03 0.02 0.03 0.03 0.02 0.01 0.03 0.03 0.03 0.03 0.03 0.03 0.02 0.02 0.02 0.02 0.14 0.13 0.13 0.09 0.01 0.02 0.03 0.01 0.03 0.00 0.01 0.00 0.00 0.00 0.02 0.01 0.01
0.01 0.01 0.01 0.01 0.02 0.01 1.71 0.01 0.02 0.01 0.00 0.01 0.01 0.02 0.01 0.01 0.01 0.01 0.01 0.01 0.01 0.01 0.01 0.01 0.01 0.01 0.02 0.00 0.00 1.08 1.03 0.01 0.00 0.01 0.01 0.01 0.00 0.01 0.01 0.01 0.00 0.00 0.00 0.02 0.04 0.05 0.04 0.03 0.02 0.02 0.04 0.03 0.03 0.03 0.01 0.02 0.01 0.04 0.03 0.02 0.03 0.03 0.03 0.02 0.02 0.02 0.02 0.02 0.03 0.04 0.04 0.03 0.03 0.03 0.02 0.05 0.02 0.00 0.00 0.00 0.02 0.01 0.02 0.01
0.01 0.01 0.01 0.01 0.01 0.01 1.56 1.35 0.96 1.35 1.15 0.65 1.18 0.56 0.01 0.00 0.01 0.01 0.01 0.00 0.01 0.01 0.01 0.01 0.01 0.01 0.07 0.03 1.44 1.10 0.01 0.01 0.00 0.00 0.01 0.01 0.00 0.00 0.00 0.00 0.00 0.02 0.04 0.04 0.03 0.03 0.03 0.03 0.03 0.03 0.03 0.04 0.03 0.02 0.01 0.04 0.14 0.10 0.03 0.02 0.03 0.03 0.03 0.02 0.02 0.02 0.03 0.03 0.03 0.03 0.03 0.03 0.03 0.02 0.02 0.01 0.04 0.04 0.02 0.00 0.00 0.02 0.01 0.03
0.01 0.02 0.01 0.01 0.01 0.02 0.01 0.02 0.00 0.01 0.01 0.01 1.24 1.32 1.27 1.14 0.01 0.01 0.01 0.00 0.01 0.01 0.02 0.02 0.03 0.05 0.05 0.03 1.66 0.01 0.01 0.01 0.00 0.00 0.01 0.01 0.00 0.00 0.00 0.00 0.03 0.03 0.03 0.03 0.03 0.03 0.03 0.03 0.03 0.04 0.03 0.02 0.02 0.02 0.04 0.03 0.09 0.01 0.02 0.03 0.03 0.03 0.01 0.01 0.02 0.01 0.03 0.04 0.03 0.03 0.03 0.04 0.04 0.01 0.01 0.01 0.01 0.01 0.00 0.00 0.01 0.03 0.00 0.02
0.01 0.01 0.01 0.01 0.02 0.02 0.01 0.02 0.00 0.01 0.01 0.00 0.17 0.05 0.05 0.77 0.61 0.68 0.72 0.00 0.01 0.01 0.02 0.00 0.00 0.01 0.00 0.02 1.81 0.02 0.00 0.00 0.00 0.00 0.00 0.00 0.01 0.01 0.01 0.02 0.04 0.04 0.04 0.03 0.03 0.03 0.03 0.03 0.03 0.03 0.02 0.02 0.02 0.01 0.02 0.03 0.02 0.02 0.04 0.03 0.03 0.03 0.02 0.02 0.02 0.01 0.05 0.04 0.02 0.03 0.04 0.04 0.02 0.01 0.01 0.01 0.01 0.01 0.01 0.00 0.01 0.01 0.01 0.02
0.01 0.01 0.01 0.01 0.01 0.01 0.02 0.02 0.03 0.03 0.02 0.20 0.23 0.00 0.01 0.01 0.01 0.01 0.72 0.83 0.00 0.00 0.01 0.00 0.00 0.00 0.00 0.37 1.94 0.01 0.01 0.00 0.00 0.00 0.00 0.02 0.03 0.05 0.04 0.06 0.04 0.03 0.02 0.02 0.02 0.02 0.04 0.03 0.02 0.02 0.02 0.01 0.01 0.01 0.02 0.02 0.02 0.02 0.02 0.02 0.02 0.03 0.05 0.02 0.05 0.09 0.10 0.00 0.00 0.06 0.03 0.02 0.01 0.01 0.01 0.01 0.01 0.01 0.01 0.01 0.01 0.02 0.02 0.01
0.01 0.01 0.01 0.01 0.01 0.01 0.01 0.01 0.02 0.02 0.01 0.19 0.11 0.01 0.02 0.01 0.01 0.02 0.02 0.98 1.00 0.00 0.00 0.01 0.00 0.00 0.00 0.75 0.76 0.01 0.01 0.01 0.00 0.01 0.02 0.02 0.02 0.02 0.02 0.02 0.01 0.02 0.01 0.02 0.02 0.02 0.02 0.02 0.02 0.02 0.01 0.01 0.01 0.01 0.02 0.02 0.02 0.02 0.02 0.02 0.03 0.03 0.04 0.05 0.08 0.03 0.02 0.04 0.07 0.07 0.01 0.02 0.01 0.01 0.01 0.01 0.01 0.01 0.01 0.01 0.01 0.01 0.01 0.01
0.00 0.00 0.00 0.00 0.00 0.00 0.00 0.00 0.05 0.18 0.21 0.24 0.01 0.01 0.01 0.01 0.01 0.01 0.01 0.01 1.08 1.31 1.24 1.10 0.79 0.76 0.79 0.79 0.01 0.01 0.01 0.00 0.00 0.01 0.02 0.02 0.02 0.02 0.01 0.02 0.02 0.02 0.02 0.02 0.02 0.02 0.02 0.02 0.02 0.01 0.01 0.01 0.01 0.01 0.02 0.02 0.02 0.02 0.03 0.03 0.03 0.03 0.04 0.04 0.06 0.00 0.03 0.03 0.02 0.03 0.01 0.01 0.01 0.01 0.01 0.02 0.01 0.01 0.01 0.01 0.01 0.01 0.01 0.01
0.01 0.01 0.01 0.01 0.01 0.01 0.01 0.25 0.17 0.17 0.06 0.01 0.01 0.01 0.01 0.02 0.02 0.01 0.01 0.01 0.02 0.04 0.00 0.01 0.01 0.01 0.01 0.03 0.01 0.01 0.01 0.00 0.00 0.02 0.02 0.02 0.02 0.01 0.01 0.01 0.02 0.01 0.02 0.02 0.02 0.01 0.02 0.01 0.01 0.01 0.01 0.01 0.01 0.02 0.02 0.02 0.03 0.03 0.03 0.04 0.03 0.03 0.03 0.02 0.03 0.05 0.04 0.03 0.02 0.01 0.01 0.01 0.01 0.01 0.02 0.03 0.00 0.01 0.00 0.00 0.01 0.01 0.01 0.01
0.01 0.01 0.01 0.01 0.01 0.10 0.25 0.28 0.01 0.01 0.01 0.01 0.01 0.01 0.02 0.05 0.02 0.02 0.02 0.01 0.02 0.04 0.01 0.01 0.01 0.01 0.01 0.02 0.01 0.01 0.01 0.00 0.01 0.02 0.01 0.01 0.02 0.01 0.01 0.01 0.01 0.01 0.01 0.01 0.02 0.01 0.02 0.01 0.01 0.01 0.01 0.01 0.02 0.03 0.03 0.03 0.04 0.05 0.03 0.04 0.03 0.03 0.02 0.03 0.06 0.02 0.02 0.01 0.01 0.01 0.01 0.01 0.01 0.01 0.03 0.00 0.00 0.00 0.00 0.00 0.00 0.01 0.01 0.01
