NEW_versions/S_Waiehu/Scripts/Results/S_Waiehu_50m/MaxFloodMaps/S_Waiehu_50m_1.1.asc
NCOLS 296
NROWS 126
XLLCENTER 753498.390000
YLLCENTER 2312278.410000
CELLSIZE 25.000000
NODATA_value -99999.000000
[rows 38 to 75 of 126, columns 168 to 251 of 296]
0.18 0.05 0.08 0.09 0.06 0.04 0.03 0.03 0.02 0.02 0.01 0.01 0.02 0.02 0.02 0.02 0.02 0.02 0.02 0.02 0.02 0.02 0.01 0.01 0.01 0.01 0.01 0.02 0.02 0.01 0.01 0.01 0.01 0.03 0.01 0.01 0.01 0.02 0.06 0.07 0.05 0.02 0.03 0.02 0.01 0.01 1.60 0.01 0.04 0.01 0.00 0.01 0.01 0.01 0.03 0.02 2.62 2.54 0.01 0.01 0.01 0.01 0.02 0.02 0.04 0.05 0.06 0.19 0.21 0.14 0.10 0.08 0.07 0.06 0.04 0.03 0.04 0.23 0.33 0.42 0.26 0.16 0.02 0.02
0.02 0.07 0.06 0.02 0.01 0.01 0.01 0.02 0.02 0.01 0.01 0.01 0.02 0.02 0.01 0.01 0.01 0.01 0.01 0.01 0.01 0.02 0.02 0.02 0.01 0.01 0.04 0.03 0.02 0.01 0.01 0.01 0.02 0.03 0.01 0.01 0.01 0.01 0.02 0.01 0.01 0.02 0.01 0.02 0.02 1.80 1.52 0.01 0.02 0.01 0.02 0.02 0.03 0.03 0.89 2.39 2.46 0.01 0.01 0.01 0.01 0.01 0.01 0.03 0.04 0.09 0.24 0.11 0.07 0.04 0.09 0.06 0.08 0.06 0.06 0.27 0.51 0.47 0.01 0.01 0.02 0.10 0.06 0.03
0.01 0.01 0.00 0.01 0.01 0.02 0.01 0.02 0.01 0.02 0.01 0.01 0.01 0.01 0.01 0.01 0.01 0.01 0.01 0.01 0.01 0.02 0.04 0.00 0.01 0.01 0.08 0.01 0.00 0.01 0.01 0.01 0.02 0.02 0.01 0.01 0.02 0.01 0.01 0.02 0.02 0.02 0.02 1.72 1.72 1.74 0.01 0.01 0.02 0.01 0.01 0.01 0.01 0.08 2.53 2.18 0.01 0.01 0.01 0.01 0.01 0.01 0.01 0.03 0.05 0.04 0.03 0.02 0.02 0.01 0.01 0.02 0.14 0.23 0.25 0.25 0.01 0.01 0.01 0.01 0.04 0.08 0.05 0.07
0.02 0.02 0.02 0.01 0.01 0.02 0.03 0.03 0.02 0.02 0.01 0.01 0.01 0.01 0.01 0.01 0.01 0.01 0.01 0.01 0.01 0.02 0.03 0.01 0.01 0.02 0.02 0.01 0.01 0.00 0.01 0.01 0.01 0.01 0.01 0.01 0.02 0.02 0.02 0.02 2.10 1.49 2.38 1.97 0.01 0.01 0.01 0.01 0.01 0.01 0.01 0.01 0.03 0.15 2.95 0.01 0.01 0.01 0.01 0.02 0.01 0.02 0.01 0.02 0.08 0.01 0.01 0.01 0.01 0.01 0.02 0.04 0.09 0.10 0.02 0.01 0.01 0.05 0.03 0.03 0.14 0.13 0.19 0.18
0.02 0.02 0.02 0.02 0.01 0.01 0.02 0.02 0.03 0.02 0.02 0.01 0.01 0.01 0.01 0.01 0.01 0.01 0.01 0.01 0.01 0.02 0.02 0.02 0.02 0.03 0.03 0.03 0.02 0.02 0.03 0.02 0.02 0.02 0.02 0.02 0.02 0.02 0.02 2.59 2.40 0.02 0.01 0.01 0.01 0.00 0.01 0.01 0.02 0.02 0.02 0.02 0.05 0.22 2.04 0.01 0.01 0.01 0.01 0.01 0.01 0.01 0.01 0.02 0.06 0.01 0.01 0.01 0.01 0.03 0.02 0.02 0.17 0.01 0.01 0.01 0.02 0.04 0.14 0.22 0.21 0.15 0.13 0.14
0.01 0.01 0.02 0.02 0.02 0.01 0.01 0.01 0.02 0.02 0.02 0.01 0.01 0.01 0.01 0.01 0.01 0.01 0.01 0.01 0.01 0.02 0.02 0.02 0.03 0.03 0.03 0.03 0.03 0.03 0.02 0.02 0.02 0.03 0.03 0.03 0.02 0.02 2.82 2.72 0.02 0.01 0.00 0.01 0.01 0.01 0.01 0.01 0.01 0.02 0.02 0.04 0.07 0.57 1.67 0.01 0.01 0.01 0.01 0.01 0.01 0.01 0.01 0.02 0.04 0.04 0.02 0.03 0.06 0.04 0.02 0.01 0.17 0.01 0.01 0.02 0.02 0.04 0.13 0.16 0.15 0.14 0.09 0.13
0.01 0.01 0.02 0.02 0.02 0.01 0.01 0.01 0.01 0.01 0.02 0.01 0.01 0.02 0.01 0.02 0.02 0.02 0.02 0.02 0.03 0.03 0.04 0.04 0.03 0.03 0.06 0.05 0.04 0.04 0.02 0.02 0.02 0.03 0.03 0.04 0.90 1.62 2.89 0.02 0.01 0.01 0.01 0.01 0.01 0.01 0.01 0.01 0.02 0.02 0.04 0.04 0.16 0.73 2.06 0.01 0.01 0.02 0.02 0.03 0.04 0.06 0.07 0.06 0.05 0.10 0.09 0.08 0.06 0.06 0.04 0.03 0.16 0.13 0.12 0.13 0.12 0.07 0.17 0.17 0.12 0.09 0.08 0.15
0.01 0.01 0.02 0.02 0.02 0.03 0.01 0.01 0.01 0.01 0.02 0.01 0.02 0.02 0.02 0.02 0.02 0.02 0.02 0.04 0.06 0.02 0.04 0.04 0.04 0.04 0.03 0.04 0.04 0.04 0.03 0.03 0.03 0.02 0.04 2.12 1.72 1.19 0.01 0.01 0.01 0.01 0.01 0.01 0.01 0.01 0.01 0.02 0.03 0.06 0.06 0.03 0.23 2.13 1.75 0.01 0.01 0.01 0.01 0.01 0.02 0.02 0.02 0.02 0.02 0.04 0.04 0.02 0.05 0.06 0.05 0.03 0.23 0.05 0.03 0.02 0.40 0.43 0.30 0.14 0.12 0.10 0.08 0.28
0.01 0.02 0.02 0.02 0.03 0.04 0.01 0.01 0.01 0.01 0.02 0.02 0.02 0.02 0.02 0.03 0.02 0.02 0.03 0.02 0.02 0.03 0.06 0.06 0.05 0.05 0.04 0.04 0.05 0.05 0.04 0.03 0.04 0.03 0.01 2.10 0.02 0.01 0.01 0.01 0.00 0.01 0.01 0.01 0.01 0.02 0.02 0.04 0.05 0.04 0.05 0.04 0.45 2.56 0.01 0.01 0.01 0.01 0.01 0.02 0.02 0.02 0.02 0.02 0.01 0.01 0.01 0.01 0.01 0.01 0.03 0.04 0.23 0.01 0.01 0.10 0.38 0.05 0.05 0.03 0.06 0.07 0.06 0.71
0.01 0.02 0.02 0.03 0.03 0.05 0.03 0.01 0.01 0.02 0.02 0.02 0.02 0.02 0.03 0.02 0.03 0.03 0.03 0.03 0.03 0.03 0.02 0.03 0.05 0.05 0.05 0.05 0.06 0.06 0.06 0.73 1.46 2.00 2.01 2.04 0.01 0.01 0.01 0.00 0.01 0.01 0.01 0.01 0.01 0.02 0.02 0.02 0.02 0.01 0.04 0.14 0.74 2.74 0.01 0.01 0.01 0.01 0.02 0.02 0.02 0.02 0.02 0.02 0.02 0.02 0.02 0.02 0.02 0.06 0.09 0.07 0.16 0.08 0.12 0.18 0.28 0.08 0.04 0.04 0.06 0.10 0.06 0.84
0.02 0.02 0.02 0.03 0.03 0.05 0.03 0.01 0.01 0.01 0.01 0.02 0.02 0.03 0.03 0.02 0.03 0.03 0.04 0.00 0.00 0.01 0.01 0.02 0.03 0.04 0.04 0.05 0.05 0.92 1.51 1.55 0.85 0.74 0.01 0.01 0.01 0.01 0.01 0.01 0.01 0.01 0.01 0.01 0.01 0.02 0.02 0.02 0.04 0.05 0.05 0.06 1.61 1.38 0.01 0.01 0.01 0.01 0.01 0.01 0.02 0.01 0.02 0.04 0.04 0.14 0.11 0.12 0.13 0.09 0.07 0.04 0.04 0.17 0.09 0.15 0.15 0.21 0.14 0.05 0.17 0.12 0.89 0.86
0.02 0.02 0.02 0.03 0.03 0.05 0.04 0.01 0.01 0.01 0.02 0.02 0.03 0.03 0.04 0.04 0.03 0.05 0.10 0.10 0.01 0.01 0.01 0.02 0.03 0.03 0.81 1.11 1.44 1.53 1.04 0.06 0.01 0.01 0.01 0.01 0.01 0.00 0.01 0.01 0.01 0.01 0.01 0.01 0.02 0.02 0.04 0.05 0.04 0.03 0.02 0.45 2.38 0.60 0.01 0.01 0.01 0.01 0.02 0.01 0.02 0.03 0.04 0.04 0.03 0.09 0.01 0.01 0.01 0.01 0.04 0.06 0.06 0.06 0.04 0.27 0.15 0.21 0.28 0.22 0.27 0.61 0.88 0.24
0.02 0.02 0.02 0.02 0.02 0.04 0.06 0.01 0.01 0.01 0.02 0.02 0.02 0.02 0.03 0.03 0.03 0.02 0.01 0.05 0.03 0.03 0.02 0.02 0.03 0.98 1.32 1.08 0.82 0.44 0.24 0.01 0.01 0.01 0.01 0.00 0.00 0.01 0.01 0.01 0.01 0.02 0.02 0.02 0.02 0.04 0.04 0.03 0.03 0.04 3.42 3.17 2.85 0.01 0.01 0.01 0.02 0.02 0.02 0.02 0.02 0.02 0.02 0.02 0.02 0.05 0.01 0.01 0.03 0.06 0.05 0.03 0.05 0.03 0.02 0.26 0.18 0.15 0.17 0.62 0.41 0.73 0.22 0.07
0.03 0.03 0.04 0.02 0.02 0.04 0.10 0.02 0.01 0.01 0.01 0.03 0.01 0.02 0.02 0.03 0.04 0.01 0.01 0.03 0.04 0.04 0.03 0.03 1.98 1.73 1.45 0.46 0.21 0.02 0.01 0.01 0.01 0.00 0.00 0.01 0.00 0.01 0.01 0.02 0.02 0.02 0.02 0.03 0.03 0.03 0.02 0.03 0.02 0.02 3.61 0.63 0.01 0.01 0.01 0.01 0.01 0.02 0.02 0.03 0.03 0.02 0.01 0.01 0.01 0.02 0.06 0.06 0.06 0.04 0.03 0.03 0.03 0.12 0.40 0.46 0.12 0.08 0.18 0.60 0.36 0.23 0.08 0.15
1.50 1.59 1.72 2.27 0.01 0.03 0.10 0.02 0.01 0.01 0.01 0.03 0.03 0.01 0.02 0.03 0.61 0.31 0.26 0.90 1.16 1.18 1.54 2.18 2.08 0.45 0.02 0.01 0.01 0.02 0.01 0.00 0.00 0.01 0.03 0.01 0.01 0.01 0.01 0.01 0.02 0.02 0.02 0.04 0.03 0.03 0.02 0.03 0.03 2.75 2.20 0.01 0.01 0.01 0.01 0.01 0.01 0.02 0.03 0.03 0.04 0.03 0.03 0.03 0.03 0.03 0.04 0.01 0.01 0.01 0.01 0.01 0.02 0.43 0.44 0.17 0.01 0.10 0.26 0.67 0.02 0.02 0.03 0.01
1.10 0.01 0.02 2.09 1.74 2.25 1.94 0.99 1.72 1.70 1.60 1.14 1.59 1.30 1.97 1.85 1.09 1.57 1.49 1.40 1.00 0.54 0.37 0.20 0.13 0.09 0.01 0.01 0.01 0.00 0.00 0.01 0.01 0.01 0.03 0.01 0.01 0.01 0.02 0.02 0.03 0.03 0.03 0.01 0.02 0.03 0.03 0.03 3.23 3.10 0.16 0.01 0.01 0.01 0.01 0.01 0.03 0.04 0.05 0.06 0.06 0.05 0.05 0.05 0.04 0.03 0.08 0.01 0.01 0.02 0.02 0.02 0.06 0.45 0.01 0.15 0.01 0.18 0.42 0.42 0.02 0.02 0.01 0.02
0.01 0.02 0.03 0.02 0.02 0.01 0.01 1.08 1.14 0.03 0.03 0.06 0.01 0.02 0.02 0.02 0.02 0.02 0.02 0.02 0.02 0.01 0.01 0.01 0.01 0.01 0.01 0.00 0.01 0.01 0.01 0.02 0.01 0.01 0.02 0.02 0.01 0.01 0.01 0.02 0.02 0.03 0.03 0.04 0.01 0.02 0.03 2.53 3.33 1.81 0.02 0.01 0.01 0.01 0.02 0.03 0.03 0.02 0.02 0.02 0.02 0.03 0.03 0.03 0.03 0.03 0.06 0.01 0.01 0.01 0.02 0.01 0.09 0.44 0.01 0.69 0.72 0.41 0.47 0.31 0.02 0.02 0.01 0.02
0.01 0.01 0.01 0.01 0.01 0.01 0.02 0.02 0.02 0.04 0.02 0.02 0.02 0.02 0.02 0.02 0.01 0.01 0.01 0.01 0.01 0.01 0.01 0.01 0.01 0.01 0.01 0.01 0.01 0.01 0.01 0.02 0.02 0.02 0.03 0.02 0.20 0.20 0.01 0.02 0.02 0.03 0.04 0.04 0.03 0.02 0.02 2.21 0.02 0.01 0.01 0.01 0.01 0.01 0.02 0.02 0.02 0.02 0.02 0.02 0.03 0.03 0.03 0.03 0.03 0.05 0.15 0.15 0.00 0.01 0.02 0.03 0.11 0.26 0.46 0.70 0.74 0.41 0.16 0.11 0.01 0.03 0.01 0.03
0.01 0.01 0.01 0.01 0.01 0.01 0.01 0.02 0.02 0.03 0.03 0.02 0.01 0.01 0.02 0.01 0.01 0.01 0.01 0.01 0.01 0.01 0.01 0.01 0.01 0.01 0.02 0.02 0.02 0.00 0.00 0.02 0.01 0.02 0.03 0.29 0.18 0.17 0.12 0.07 0.07 0.09 0.06 0.06 0.05 0.04 0.02 2.59 0.01 0.01 0.01 0.01 0.01 0.01 0.01 0.01 0.01 0.02 0.02 0.02 0.03 0.03 0.04 0.03 0.08 0.11 0.06 0.16 0.07 0.06 0.05 0.57 0.26 0.17 0.60 0.63 0.62 0.05 0.01 0.02 0.01 0.01 0.02 0.03
0.01 0.01 0.01 0.01 0.01 0.01 0.01 0.01 0.01 0.03 0.02 0.01 0.01 0.01 0.01 0.01 0.01 0.01 0.01 0.01 0.01 0.01 0.03 0.03 0.05 0.08 0.11 0.08 0.16 0.03 0.04 0.00 0.00 0.01 0.02 0.29 0.01 0.06 0.10 0.11 0.10 0.09 0.07 0.09 0.18 0.18 2.21 1.78 0.01 0.01 0.01 0.01 0.01 0.02 0.02 0.02 0.02 0.02 0.02 0.02 0.03 0.07 0.09 0.07 0.27 0.01 0.01 0.03 0.05 0.07 0.33 0.65 0.15 0.14 0.13 0.13 0.31 0.12 0.12 0.01 0.01 0.01 0.02 0.04
0.01 0.01 0.00 0.01 0.01 0.00 0.01 0.01 0.01 0.01 0.01 0.01 0.01 0.01 0.02 0.02 0.02 0.01 0.01 0.02 0.02 0.05 0.05 0.08 0.09 0.07 0.06 0.22 0.15 0.09 0.05 0.06 0.15 0.42 0.40 0.29 0.11 0.07 0.06 0.05 0.07 0.06 0.08 1.39 2.24 2.24 2.23 0.01 0.01 0.00 0.01 0.01 0.01 0.02 0.02 0.02 0.02 0.02 0.03 0.07 0.11 0.09 0.05 0.09 0.40 0.01 0.01 0.02 0.04 0.52 0.69 0.58 0.55 0.27 0.10 0.08 0.14 0.10 0.12 0.07 0.02 0.01 0.01 0.08
0.01 0.01 0.01 0.02 0.01 0.01 0.01 0.01 0.01 0.01 0.01 0.01 0.01 0.02 0.02 0.03 0.04 0.05 0.05 0.08 0.08 0.06 0.05 0.05 0.04 0.03 0.03 0.04 0.01 0.01 0.02 0.07 0.01 0.01 0.02 0.05 0.09 0.07 0.06 0.05 0.07 0.08 2.82 2.53 2.41 0.17 0.02 0.01 0.01 0.01 0.01 0.01 0.01 0.02 0.02 0.02 0.02 0.05 0.04 0.06 0.07 0.06 0.06 0.09 0.44 0.01 0.01 0.08 0.60 0.74 0.47 0.03 0.07 0.31 0.04 0.11 0.10 0.13 0.02 0.02 0.02 0.06 0.12 0.11
0.02 0.01 0.01 0.03 0.01 0.01 0.01 0.01 0.00 0.00 0.01 0.01 0.01 0.01 0.01 0.02 0.02 0.02 0.03 0.03 0.02 0.02 0.03 0.03 0.02 0.02 0.01 0.01 0.01 0.01 0.01 0.02 0.02 0.02 0.02 0.01 0.05 0.06 0.05 0.05 0.07 2.69 2.74 0.01 0.02 0.02 0.02 0.01 0.01 0.01 0.01 0.02 0.02 0.02 0.03 0.03 0.03 0.06 0.23 0.09 0.05 0.10 0.13 0.12 0.46 0.27 0.35 0.63 0.55 0.47 0.05 0.04 0.06 0.15 0.08 0.14 0.12 0.14 0.03 0.01 0.01 0.04 0.01 0.10
2.22 0.01 0.01 0.02 0.01 0.02 0.01 0.01 0.01 0.01 0.01 0.01 0.01 0.01 0.01 0.01 0.02 0.02 0.02 0.02 0.02 0.02 0.02 0.02 0.01 0.01 0.01 0.01 0.01 0.01 0.01 0.01 0.01 0.01 0.01 0.01 0.04 0.05 0.04 0.05 0.34 2.65 0.16 0.03 0.03 0.01 0.00 0.01 0.01 0.01 0.02 0.02 0.02 0.03 0.08 0.11 0.15 0.16 0.09 0.05 0.10 0.14 0.15 0.13 0.23 0.30 0.27 0.32 0.18 0.08 0.06 0.06 0.04 0.06 0.10 0.16 0.13 0.09 0.04 0.02 0.03 0.02 0.01 0.02
2.20 0.02 0.01 0.01 0.01 0.02 0.01 0.01 0.01 0.01 0.01 0.01 0.01 0.01 0.01 0.01 0.01 0.01 0.01 0.01 0.01 0.01 0.01 0.01 0.01 0.01 0.01 0.01 0.01 0.02 0.02 0.01 0.01 0.01 0.01 0.01 0.03 0.04 0.03 0.04 0.60 2.97 0.14 0.01 0.03 0.01 0.00 0.01 0.01 0.02 0.03 0.03 0.03 0.12 0.12 0.11 0.11 0.10 0.16 0.15 0.13 0.13 0.15 0.11 0.14 0.30 0.01 0.33 0.03 0.06 0.05 0.05 0.03 0.09 0.15 0.14 0.06 0.10 0.07 0.02 0.02 0.01 0.01 0.01
2.16 0.02 0.01 3.85 3.88 0.01 0.01 0.01 0.01 0.01 0.01 0.01 0.01 0.02 0.01 0.00 0.01 0.01 0.01 0.01 0.01 0.01 0.01 0.01 0.01 0.01 0.01 0.01 0.02 0.02 0.02 0.01 0.01 0.01 0.01 0.02 0.04 0.10 0.02 2.44 1.83 2.56 0.01 0.02 0.01 0.00 0.01 0.04 0.04 0.02 0.02 0.12 0.18 0.16 0.13 0.07 0.07 0.09 0.09 0.16 0.14 0.12 0.11 0.09 0.09 0.19 0.21 0.53 0.07 0.07 0.04 0.03 0.05 0.13 0.09 0.07 0.07 0.10 0.02 0.01 0.02 0.02 0.02 0.01
2.06 1.77 3.95 3.82 3.91 0.01 0.02 0.01 0.01 0.01 0.02 0.01 0.02 0.05 0.01 0.02 0.01 0.01 0.01 0.01 0.01 0.01 0.01 0.01 0.01 0.01 0.01 0.01 0.02 0.03 0.01 0.01 0.01 0.02 2.20 2.79 2.87 3.16 2.99 2.76 0.36 0.01 0.01 0.01 0.01 0.01 0.01 0.02 0.04 0.04 0.12 0.10 0.11 0.10 0.08 0.10 0.10 0.09 0.07 0.09 0.12 0.11 0.10 0.08 0.08 0.17 0.44 0.54 0.12 0.08 0.02 0.03 0.06 0.12 0.03 0.12 0.11 0.03 0.01 0.01 0.02 0.01 0.01 0.01
0.02 0.02 0.05 0.02 3.81 3.69 3.57 0.01 0.01 0.01 0.01 0.02 0.02 0.04 0.05 0.02 0.01 0.01 0.01 0.01 0.01 0.01 0.01 0.01 0.01 0.01 0.01 0.03 0.02 0.02 0.02 0.02 1.75 1.92 1.97 0.01 0.01 0.01 0.03 0.03 0.01 0.02 0.01 0.01 0.01 0.01 0.01 0.05 0.11 0.18 0.15 0.11 0.09 0.05 0.05 0.06 0.05 0.06 0.08 0.08 0.09 0.07 0.07 0.07 0.07 0.09 0.21 0.20 0.12 0.13 0.04 0.04 0.06 0.11 0.06 0.25 0.01 0.03 0.01 0.02 0.01 0.01 0.05 0.06
0.02 0.02 0.03 0.04 0.02 0.02 3.41 0.04 0.01 0.01 0.01 0.02 0.02 0.02 0.02 0.02 0.01 0.01 0.01 0.02 0.01 0.01 0.01 0.01 0.02 0.02 0.01 0.07 0.04 0.04 1.79 1.79 1.78 0.01 0.03 0.01 0.01 0.01 0.02 0.03 0.01 0.01 0.00 0.01 0.01 0.06 0.14 0.11 0.09 0.09 0.10 0.07 0.04 0.07 0.06 0.04 0.03 0.06 0.09 0.07 0.07 0.07 0.07 0.07 0.06 0.05 0.07 0.34 0.31 0.32 0.26 0.05 0.07 0.10 0.03 0.16 0.02 0.02 0.01 0.01 0.01 0.05 0.02 0.02
0.02 0.02 0.02 0.02 0.03 0.02 3.21 0.02 0.35 0.01 0.01 0.02 0.01 0.03 0.02 0.01 0.02 0.01 0.01 0.01 0.01 0.01 0.01 0.01 0.02 0.01 0.04 0.00 0.01 2.34 2.19 0.02 0.01 0.01 0.03 0.01 0.01 0.01 0.02 0.01 0.01 0.01 0.01 0.05 0.09 0.12 0.10 0.06 0.05 0.05 0.09 0.06 0.08 0.07 0.03 0.04 0.03 0.10 0.08 0.06 0.08 0.08 0.08 0.06 0.05 0.04 0.07 0.07 0.10 0.14 0.13 0.10 0.09 0.08 0.07 0.23 0.19 0.01 0.01 0.01 0.06 0.02 0.08 0.04
0.02 0.02 0.02 0.02 0.02 0.02 2.97 2.63 2.09 2.59 2.20 1.38 2.35 1.69 0.02 0.01 0.02 0.01 0.02 0.01 0.01 0.01 0.01 0.01 0.03 0.03 0.14 0.07 2.89 2.40 0.01 0.01 0.01 0.01 0.02 0.02 0.01 0.01 0.01 0.01 0.01 0.04 0.10 0.08 0.07 0.07 0.06 0.06 0.06 0.06 0.06 0.08 0.07 0.04 0.03 0.10 0.30 0.22 0.07 0.06 0.07 0.08 0.07 0.05 0.05 0.05 0.09 0.08 0.09 0.10 0.08 0.08 0.08 0.06 0.06 0.04 0.24 0.24 0.20 0.01 0.01 0.07 0.06 0.16
0.02 0.03 0.02 0.02 0.02 0.03 0.02 0.03 0.00 0.02 0.01 0.23 2.50 2.61 2.36 2.13 0.01 0.01 0.03 0.01 0.01 0.02 0.04 0.04 0.07 0.09 0.10 0.08 3.22 0.16 0.01 0.01 0.01 0.01 0.01 0.01 0.01 0.00 0.00 0.01 0.06 0.07 0.07 0.06 0.06 0.06 0.06 0.06 0.06 0.08 0.06 0.04 0.04 0.04 0.10 0.08 0.20 0.04 0.07 0.08 0.08 0.09 0.04 0.04 0.05 0.04 0.09 0.11 0.10 0.08 0.08 0.11 0.10 0.02 0.03 0.03 0.03 0.04 0.02 0.02 0.04 0.14 0.01 0.11
0.02 0.02 0.02 0.02 0.03 0.03 0.01 0.03 0.00 0.01 0.01 0.01 0.31 0.10 0.69 1.65 1.34 1.49 1.58 0.01 0.01 0.03 0.05 0.01 0.01 0.02 0.01 0.25 3.47 1.47 0.01 0.01 0.01 0.01 0.01 0.01 0.01 0.02 0.02 0.05 0.10 0.09 0.08 0.06 0.06 0.05 0.06 0.06 0.06 0.07 0.05 0.04 0.03 0.03 0.03 0.06 0.05 0.04 0.09 0.07 0.07 0.08 0.05 0.05 0.06 0.04 0.14 0.11 0.05 0.08 0.12 0.11 0.06 0.03 0.04 0.03 0.03 0.04 0.03 0.02 0.04 0.04 0.02 0.10
0.01 0.01 0.01 0.01 0.02 0.02 0.03 0.03 0.05 0.06 0.04 0.33 0.39 0.01 0.02 0.01 0.02 0.01 1.61 1.86 0.01 0.01 0.02 0.01 0.00 0.01 0.01 1.02 3.68 0.03 0.02 0.01 0.00 0.00 0.01 0.05 0.07 0.09 0.09 0.12 0.07 0.05 0.05 0.05 0.04 0.05 0.08 0.07 0.05 0.04 0.04 0.03 0.03 0.03 0.04 0.06 0.05 0.05 0.05 0.06 0.06 0.07 0.14 0.07 0.13 0.26 0.27 0.01 0.01 0.14 0.08 0.06 0.03 0.03 0.04 0.03 0.04 0.05 0.07 0.06 0.04 0.07 0.08 0.06
0.01 0.01 0.01 0.01 0.01 0.01 0.01 0.01 0.04 0.03 0.02 0.32 0.19 0.01 0.03 0.01 0.02 0.03 0.03 2.20 2.27 0.00 0.00 0.01 0.01 0.01 0.01 1.61 1.84 0.02 0.01 0.02 0.01 0.01 0.04 0.04 0.04 0.05 0.04 0.05 0.03 0.04 0.03 0.04 0.04 0.04 0.05 0.04 0.03 0.03 0.03 0.03 0.02 0.03 0.04 0.05 0.04 0.05 0.05 0.07 0.08 0.07 0.11 0.14 0.20 0.10 0.05 0.09 0.17 0.16 0.02 0.04 0.02 0.02 0.03 0.06 0.06 0.06 0.04 0.03 0.02 0.04 0.04 0.04
0.01 0.01 0.01 0.01 0.01 0.01 0.01 0.01 0.10 0.31 0.36 0.41 0.02 0.01 0.03 0.02 0.02 0.02 0.02 0.03 2.41 2.68 2.51 2.24 1.74 1.70 1.75 1.72 0.03 0.02 0.03 0.01 0.01 0.03 0.04 0.04 0.04 0.03 0.03 0.04 0.04 0.03 0.03 0.04 0.04 0.03 0.03 0.04 0.03 0.03 0.03 0.03 0.03 0.03 0.04 0.05 0.05 0.05 0.07 0.09 0.08 0.09 0.10 0.12 0.15 0.01 0.08 0.08 0.06 0.06 0.02 0.03 0.03 0.02 0.05 0.08 0.07 0.04 0.02 0.02 0.02 0.03 0.04 0.02
0.01 0.01 0.01 0.01 0.01 0.01 0.01 0.43 0.28 0.27 0.11 0.01 0.01 0.03 0.02 0.03 0.03 0.03 0.02 0.02 0.03 0.07 0.01 0.01 0.02 0.02 0.03 0.06 0.02 0.01 0.01 0.01 0.01 0.03 0.03 0.04 0.03 0.03 0.02 0.02 0.03 0.03 0.03 0.03 0.03 0.03 0.03 0.03 0.03 0.02 0.02 0.03 0.02 0.03 0.04 0.05 0.06 0.06 0.07 0.11 0.08 0.09 0.09 0.06 0.08 0.11 0.09 0.06 0.04 0.02 0.02 0.03 0.04 0.03 0.08 0.14 0.01 0.02 0.01 0.01 0.02 0.01 0.02 0.02
0.02 0.02 0.02 0.02 0.02 0.17 0.43 0.47 0.02 0.01 0.01 0.01 0.02 0.02 0.04 0.08 0.03 0.03 0.03 0.02 0.04 0.08 0.01 0.01 0.02 0.02 0.03 0.03 0.02 0.01 0.01 0.01 0.02 0.04 0.03 0.03 0.03 0.03 0.02 0.02 0.02 0.03 0.02 0.02 0.04 0.03 0.04 0.03 0.01 0.02 0.02 0.03 0.04 0.06 0.06 0.06 0.09 0.11 0.07 0.10 0.09 0.09 0.06 0.07 0.13 0.04 0.05 0.02 0.02 0.02 0.02 0.04 0.04 0.02 0.14 0.01 0.01 0.01 0.01 0.01 0.01 0.02 0.02 0.04
