NEW_versions/S_Waiehu/Scripts/Results/S_Waiehu_50m/MaxFloodMaps/S_Waiehu_50m_1.5.asc
NCOLS 296
NROWS 126
XLLCENTER 753498.390000
YLLCENTER 2312278.410000
CELLSIZE 25.000000
NODATA_value -99999.000000
[rows 38 to 75 of 126, columns 168 to 251 of 296]
0.22 0.06 0.09 0.10 0.07 0.05 0.04 0.03 0.03 0.02 0.02 0.02 0.02 0.02 0.02 0.02 0.02 0.02 0.02 0.02 0.02 0.02 0.01 0.01 0.01 0.01 0.01 0.03 0.02 0.01 0.01 0.01 0.02 0.03 0.01 0.01 0.01 0.02 0.07 0.09 0.06 0.03 0.03 0.02 0.01 0.01 2.11 0.01 0.05 0.01 0.01 0.01 0.02 0.02 0.03 0.03 3.32 3.20 0.01 0.01 0.01 0.01 0.03 0.02 0.05 0.07 0.08 0.24 0.26 0.18 0.12 0.10 0.08 0.07 0.05 0.04 0.05 0.29 0.41 0.51 0.33 0.21 0.03 0.03
0.03 0.08 0.07 0.02 0.02 0.02 0.02 0.02 0.02 0.02 0.02 0.01 0.02 0.02 0.02 0.01 0.01 0.02 0.02 0.01 0.02 0.02 0.02 0.02 0.02 0.02 0.05 0.03 0.02 0.01 0.01 0.01 0.02 0.03 0.01 0.01 0.01 0.02 0.02 0.01 0.01 0.02 0.02 0.03 0.03 2.32 1.99 0.01 0.03 0.01 0.02 0.03 0.04 0.04 1.42 3.08 3.16 0.01 0.01 0.01 0.01 0.01 0.02 0.03 0.05 0.11 0.29 0.14 0.09 0.05 0.11 0.07 0.10 0.08 0.07 0.34 0.62 0.56 0.01 0.02 0.04 0.13 0.09 0.04
0.02 0.02 0.01 0.01 0.01 0.02 0.02 0.02 0.02 0.02 0.02 0.02 0.02 0.02 0.01 0.01 0.01 0.01 0.01 0.01 0.01 0.02 0.05 0.01 0.01 0.02 0.10 0.01 0.00 0.01 0.01 0.01 0.03 0.02 0.01 0.01 0.02 0.02 0.01 0.02 0.02 0.03 0.04 2.25 2.25 2.27 0.01 0.01 0.02 0.01 0.01 0.01 0.01 0.15 3.11 2.77 0.01 0.01 0.01 0.01 0.01 0.01 0.02 0.04 0.06 0.05 0.03 0.02 0.02 0.01 0.01 0.03 0.18 0.29 0.31 0.31 0.01 0.01 0.01 0.01 0.05 0.12 0.07 0.11
0.03 0.02 0.02 0.02 0.02 0.03 0.03 0.03 0.02 0.02 0.02 0.01 0.01 0.01 0.01 0.01 0.01 0.01 0.01 0.01 0.02 0.02 0.04 0.02 0.02 0.02 0.03 0.01 0.01 0.01 0.01 0.01 0.01 0.01 0.01 0.02 0.02 0.02 0.02 0.02 2.64 1.98 3.01 2.54 0.01 0.01 0.01 0.02 0.02 0.02 0.02 0.02 0.05 0.24 3.61 0.02 0.01 0.01 0.01 0.02 0.02 0.02 0.01 0.03 0.10 0.01 0.02 0.01 0.01 0.01 0.03 0.04 0.12 0.12 0.03 0.01 0.01 0.06 0.05 0.04 0.19 0.17 0.26 0.24
0.02 0.03 0.02 0.02 0.02 0.01 0.02 0.02 0.03 0.02 0.02 0.01 0.01 0.02 0.02 0.02 0.01 0.01 0.01 0.01 0.02 0.02 0.02 0.02 0.02 0.04 0.04 0.03 0.03 0.03 0.04 0.03 0.02 0.02 0.02 0.03 0.02 0.03 0.03 3.24 2.99 0.33 0.01 0.01 0.01 0.01 0.01 0.02 0.02 0.02 0.02 0.03 0.09 0.36 2.64 0.01 0.01 0.01 0.01 0.02 0.01 0.02 0.02 0.02 0.08 0.01 0.01 0.01 0.01 0.03 0.02 0.02 0.20 0.01 0.01 0.02 0.02 0.06 0.19 0.30 0.29 0.21 0.18 0.20
0.01 0.02 0.02 0.02 0.02 0.02 0.01 0.01 0.03 0.02 0.02 0.02 0.01 0.02 0.02 0.02 0.02 0.02 0.02 0.02 0.02 0.02 0.03 0.03 0.03 0.03 0.03 0.04 0.03 0.04 0.03 0.02 0.02 0.03 0.04 0.04 0.03 0.03 3.55 3.42 0.03 0.01 0.01 0.01 0.01 0.02 0.01 0.01 0.02 0.02 0.03 0.05 0.12 0.83 2.14 0.01 0.01 0.02 0.01 0.01 0.02 0.01 0.01 0.03 0.04 0.05 0.02 0.04 0.08 0.05 0.03 0.01 0.21 0.01 0.01 0.02 0.02 0.06 0.18 0.21 0.20 0.19 0.12 0.19
0.01 0.02 0.02 0.02 0.03 0.02 0.01 0.01 0.01 0.02 0.02 0.02 0.02 0.02 0.02 0.02 0.02 0.02 0.02 0.03 0.04 0.04 0.05 0.05 0.04 0.04 0.07 0.06 0.05 0.05 0.03 0.03 0.03 0.04 0.04 0.05 1.26 2.19 3.65 0.02 0.01 0.01 0.01 0.01 0.02 0.02 0.02 0.02 0.02 0.03 0.05 0.05 0.25 1.04 2.56 0.01 0.01 0.02 0.03 0.04 0.05 0.07 0.08 0.07 0.06 0.13 0.11 0.10 0.07 0.07 0.05 0.03 0.19 0.15 0.14 0.16 0.15 0.11 0.23 0.22 0.16 0.12 0.12 0.21
0.02 0.02 0.02 0.02 0.03 0.03 0.01 0.01 0.01 0.02 0.02 0.02 0.02 0.02 0.02 0.02 0.02 0.02 0.03 0.05 0.07 0.03 0.05 0.05 0.04 0.05 0.04 0.04 0.05 0.05 0.04 0.03 0.04 0.03 0.05 2.66 2.15 1.56 0.02 0.01 0.01 0.01 0.01 0.01 0.01 0.02 0.02 0.02 0.03 0.07 0.07 0.04 0.34 2.58 2.17 0.01 0.01 0.01 0.01 0.02 0.02 0.02 0.03 0.03 0.02 0.04 0.05 0.02 0.06 0.08 0.07 0.03 0.26 0.07 0.04 0.03 0.51 0.54 0.38 0.19 0.17 0.14 0.13 0.38
0.02 0.02 0.02 0.02 0.03 0.05 0.01 0.01 0.01 0.02 0.02 0.02 0.03 0.03 0.02 0.03 0.03 0.02 0.04 0.03 0.02 0.04 0.08 0.08 0.06 0.06 0.05 0.05 0.06 0.06 0.05 0.04 0.05 0.04 0.02 2.69 0.02 0.01 0.01 0.01 0.01 0.01 0.01 0.01 0.02 0.02 0.02 0.04 0.06 0.05 0.07 0.06 0.64 3.13 0.02 0.01 0.01 0.01 0.01 0.02 0.02 0.03 0.03 0.02 0.02 0.02 0.01 0.01 0.01 0.01 0.03 0.06 0.28 0.01 0.01 0.13 0.49 0.10 0.09 0.05 0.09 0.11 0.10 0.87
0.02 0.02 0.02 0.04 0.04 0.06 0.04 0.01 0.01 0.02 0.02 0.02 0.02 0.02 0.03 0.03 0.04 0.04 0.04 0.04 0.04 0.03 0.02 0.04 0.06 0.06 0.06 0.06 0.07 0.08 0.08 1.02 1.96 2.62 2.62 2.65 0.02 0.01 0.01 0.01 0.01 0.01 0.01 0.01 0.02 0.02 0.02 0.03 0.02 0.02 0.05 0.49 1.00 3.37 0.01 0.01 0.01 0.01 0.02 0.03 0.02 0.03 0.02 0.03 0.03 0.03 0.02 0.02 0.03 0.07 0.11 0.09 0.20 0.10 0.15 0.23 0.38 0.11 0.06 0.06 0.10 0.15 0.11 1.05
0.02 0.02 0.03 0.04 0.04 0.06 0.03 0.01 0.01 0.02 0.02 0.02 0.03 0.03 0.04 0.03 0.03 0.03 0.05 0.00 0.01 0.01 0.01 0.02 0.04 0.04 0.05 0.06 0.07 1.22 1.93 1.91 1.11 1.02 0.01 0.01 0.01 0.01 0.01 0.01 0.01 0.01 0.01 0.01 0.02 0.02 0.02 0.02 0.06 0.06 0.07 0.25 1.96 1.80 0.01 0.01 0.01 0.02 0.02 0.02 0.02 0.02 0.02 0.05 0.05 0.17 0.14 0.15 0.16 0.11 0.09 0.05 0.05 0.21 0.11 0.20 0.21 0.28 0.19 0.08 0.24 0.19 1.12 1.10
0.02 0.03 0.03 0.03 0.03 0.06 0.05 0.01 0.01 0.02 0.02 0.02 0.03 0.04 0.05 0.04 0.04 0.06 0.12 0.12 0.01 0.01 0.01 0.03 0.03 0.04 1.08 1.45 1.84 1.90 1.34 0.20 0.02 0.01 0.01 0.01 0.01 0.01 0.01 0.01 0.01 0.02 0.02 0.02 0.03 0.03 0.05 0.06 0.05 0.04 0.04 0.86 2.81 0.95 0.01 0.01 0.01 0.02 0.02 0.02 0.02 0.04 0.05 0.05 0.04 0.11 0.01 0.01 0.01 0.01 0.05 0.08 0.08 0.08 0.04 0.35 0.21 0.29 0.38 0.31 0.36 0.76 1.09 0.41
0.02 0.02 0.03 0.02 0.03 0.05 0.07 0.02 0.01 0.01 0.02 0.03 0.02 0.02 0.03 0.03 0.04 0.03 0.01 0.06 0.04 0.03 0.03 0.03 0.03 1.32 1.64 1.38 1.08 0.61 0.36 0.01 0.01 0.01 0.01 0.01 0.01 0.01 0.01 0.01 0.02 0.02 0.02 0.02 0.03 0.04 0.05 0.04 0.04 0.06 4.01 3.72 3.36 0.01 0.01 0.01 0.02 0.03 0.03 0.02 0.03 0.03 0.03 0.03 0.02 0.06 0.01 0.01 0.03 0.08 0.07 0.03 0.06 0.03 0.02 0.34 0.26 0.22 0.24 0.78 0.52 0.89 0.34 0.09
0.04 0.04 0.05 0.02 0.02 0.05 0.13 0.02 0.02 0.01 0.02 0.03 0.02 0.02 0.03 0.03 0.05 0.01 0.01 0.04 0.05 0.05 0.04 0.05 2.41 2.13 1.76 0.67 0.34 0.03 0.02 0.01 0.01 0.00 0.01 0.01 0.00 0.01 0.01 0.02 0.02 0.02 0.03 0.04 0.04 0.03 0.03 0.04 0.02 0.10 4.24 1.21 0.02 0.01 0.01 0.01 0.01 0.02 0.03 0.03 0.03 0.02 0.02 0.01 0.01 0.02 0.08 0.07 0.08 0.04 0.03 0.03 0.04 0.20 0.53 0.59 0.19 0.11 0.24 0.75 0.46 0.30 0.11 0.20
1.93 2.05 2.23 2.85 0.01 0.04 0.12 0.03 0.01 0.01 0.01 0.04 0.04 0.01 0.02 0.03 0.83 0.43 0.38 1.21 1.50 1.53 2.01 2.73 2.55 0.82 0.02 0.02 0.01 0.02 0.01 0.00 0.00 0.01 0.04 0.02 0.01 0.01 0.01 0.02 0.02 0.02 0.03 0.05 0.04 0.03 0.02 0.04 0.04 3.38 2.82 0.02 0.01 0.01 0.01 0.01 0.01 0.02 0.03 0.04 0.04 0.04 0.04 0.03 0.04 0.04 0.05 0.01 0.01 0.01 0.01 0.02 0.03 0.55 0.56 0.28 0.01 0.13 0.34 0.85 0.04 0.02 0.03 0.02
1.40 0.01 0.03 2.64 2.24 2.78 2.39 1.29 2.21 2.17 2.03 1.49 2.04 1.70 2.50 2.33 1.40 2.00 1.90 1.75 1.27 0.71 0.50 0.28 0.19 0.14 0.01 0.01 0.01 0.00 0.00 0.01 0.01 0.02 0.04 0.02 0.02 0.02 0.02 0.02 0.03 0.03 0.04 0.02 0.03 0.04 0.03 0.04 3.90 3.75 0.68 0.02 0.01 0.01 0.01 0.01 0.04 0.05 0.06 0.07 0.07 0.06 0.07 0.06 0.05 0.03 0.10 0.01 0.01 0.02 0.02 0.02 0.07 0.58 0.01 0.25 0.01 0.23 0.53 0.54 0.03 0.03 0.01 0.02
0.02 0.02 0.04 0.03 0.03 0.01 0.02 1.42 1.53 0.03 0.04 0.08 0.01 0.02 0.02 0.02 0.02 0.02 0.02 0.02 0.03 0.01 0.01 0.01 0.01 0.01 0.01 0.01 0.01 0.01 0.02 0.03 0.01 0.02 0.03 0.02 0.02 0.02 0.02 0.02 0.03 0.04 0.04 0.05 0.02 0.03 0.05 3.23 4.02 2.47 0.03 0.01 0.01 0.01 0.02 0.03 0.04 0.03 0.02 0.02 0.03 0.04 0.04 0.04 0.04 0.03 0.08 0.01 0.02 0.02 0.02 0.02 0.11 0.57 0.01 0.83 0.87 0.51 0.59 0.42 0.03 0.03 0.01 0.03
0.01 0.02 0.02 0.02 0.01 0.02 0.02 0.02 0.03 0.05 0.02 0.02 0.02 0.02 0.02 0.02 0.02 0.02 0.02 0.02 0.01 0.02 0.01 0.01 0.01 0.01 0.02 0.02 0.01 0.02 0.02 0.02 0.02 0.02 0.03 0.02 0.24 0.24 0.01 0.02 0.02 0.03 0.05 0.05 0.03 0.03 0.03 2.86 0.04 0.01 0.01 0.01 0.01 0.02 0.02 0.02 0.02 0.02 0.03 0.02 0.03 0.04 0.04 0.04 0.04 0.06 0.18 0.19 0.01 0.01 0.02 0.03 0.14 0.35 0.62 0.87 0.90 0.53 0.22 0.15 0.02 0.03 0.02 0.04
0.01 0.01 0.01 0.01 0.01 0.02 0.02 0.02 0.02 0.03 0.04 0.02 0.01 0.02 0.02 0.02 0.01 0.01 0.01 0.01 0.01 0.01 0.01 0.01 0.01 0.01 0.02 0.03 0.02 0.00 0.00 0.03 0.02 0.03 0.03 0.34 0.21 0.20 0.14 0.09 0.09 0.11 0.08 0.07 0.06 0.05 0.08 3.27 0.02 0.01 0.01 0.01 0.01 0.02 0.01 0.01 0.01 0.02 0.02 0.03 0.04 0.04 0.05 0.04 0.11 0.14 0.09 0.20 0.08 0.08 0.06 0.68 0.33 0.22 0.76 0.79 0.78 0.08 0.01 0.02 0.02 0.01 0.02 0.04
0.01 0.01 0.01 0.01 0.01 0.01 0.01 0.01 0.02 0.03 0.02 0.02 0.02 0.01 0.01 0.01 0.01 0.01 0.01 0.01 0.01 0.01 0.04 0.03 0.07 0.09 0.13 0.10 0.20 0.03 0.04 0.01 0.00 0.02 0.02 0.35 0.01 0.07 0.12 0.13 0.12 0.10 0.08 0.19 0.55 0.60 2.79 2.32 0.01 0.01 0.01 0.01 0.01 0.03 0.03 0.03 0.02 0.02 0.03 0.03 0.03 0.09 0.11 0.09 0.35 0.01 0.01 0.04 0.06 0.10 0.45 0.78 0.22 0.18 0.17 0.18 0.43 0.16 0.16 0.01 0.02 0.01 0.02 0.06
0.01 0.01 0.00 0.01 0.01 0.00 0.01 0.01 0.01 0.02 0.01 0.01 0.01 0.01 0.02 0.02 0.02 0.02 0.01 0.02 0.02 0.06 0.06 0.10 0.11 0.08 0.08 0.26 0.18 0.11 0.06 0.08 0.24 0.51 0.48 0.34 0.13 0.09 0.07 0.06 0.09 0.07 0.14 1.88 2.72 2.75 2.76 0.01 0.01 0.01 0.01 0.01 0.02 0.02 0.02 0.02 0.02 0.03 0.03 0.09 0.13 0.11 0.06 0.12 0.50 0.01 0.01 0.02 0.05 0.65 0.84 0.71 0.65 0.33 0.13 0.11 0.18 0.13 0.16 0.10 0.02 0.01 0.01 0.10
0.01 0.01 0.01 0.02 0.02 0.01 0.01 0.01 0.01 0.01 0.01 0.01 0.02 0.02 0.02 0.04 0.05 0.05 0.06 0.09 0.10 0.08 0.06 0.06 0.05 0.04 0.03 0.04 0.01 0.01 0.02 0.08 0.01 0.02 0.02 0.08 0.12 0.09 0.07 0.07 0.08 0.13 3.44 3.05 2.89 0.51 0.03 0.02 0.01 0.01 0.01 0.01 0.02 0.02 0.02 0.03 0.03 0.06 0.05 0.08 0.09 0.07 0.07 0.11 0.54 0.03 0.02 0.17 0.77 0.90 0.59 0.06 0.12 0.40 0.05 0.14 0.14 0.17 0.03 0.03 0.03 0.08 0.16 0.14
0.02 0.01 0.01 0.03 0.02 0.01 0.01 0.01 0.00 0.01 0.01 0.01 0.01 0.01 0.02 0.02 0.03 0.02 0.03 0.03 0.03 0.03 0.04 0.04 0.03 0.02 0.02 0.01 0.01 0.01 0.01 0.02 0.03 0.02 0.02 0.01 0.06 0.07 0.07 0.07 0.10 3.32 3.41 0.02 0.02 0.03 0.03 0.01 0.01 0.01 0.01 0.02 0.02 0.02 0.03 0.04 0.04 0.08 0.28 0.11 0.07 0.13 0.17 0.15 0.56 0.34 0.44 0.77 0.68 0.60 0.07 0.06 0.08 0.20 0.11 0.18 0.16 0.18 0.04 0.02 0.02 0.05 0.01 0.13
2.78 0.01 0.01 0.03 0.01 0.02 0.01 0.01 0.01 0.01 0.01 0.01 0.01 0.01 0.01 0.01 0.02 0.02 0.02 0.02 0.03 0.03 0.02 0.02 0.02 0.02 0.01 0.01 0.01 0.01 0.01 0.01 0.02 0.01 0.01 0.02 0.05 0.06 0.05 0.07 0.60 3.26 0.71 0.05 0.04 0.01 0.01 0.01 0.01 0.01 0.02 0.02 0.03 0.04 0.10 0.14 0.18 0.19 0.11 0.06 0.13 0.18 0.18 0.17 0.29 0.37 0.35 0.40 0.23 0.10 0.09 0.08 0.06 0.08 0.13 0.21 0.17 0.12 0.06 0.03 0.04 0.02 0.01 0.02
2.75 0.02 0.02 0.02 0.02 0.02 0.02 0.01 0.01 0.01 0.01 0.01 0.01 0.01 0.01 0.01 0.01 0.01 0.02 0.02 0.02 0.02 0.02 0.01 0.01 0.01 0.01 0.01 0.02 0.03 0.02 0.01 0.01 0.01 0.01 0.02 0.04 0.05 0.04 0.06 0.93 3.59 0.66 0.01 0.04 0.01 0.01 0.01 0.01 0.03 0.04 0.04 0.03 0.15 0.15 0.13 0.14 0.13 0.20 0.19 0.16 0.17 0.18 0.14 0.18 0.38 0.04 0.41 0.06 0.09 0.08 0.07 0.05 0.12 0.20 0.18 0.07 0.13 0.09 0.03 0.03 0.01 0.02 0.02
2.69 0.17 0.01 4.65 4.67 0.01 0.01 0.02 0.01 0.02 0.01 0.02 0.02 0.02 0.01 0.01 0.01 0.01 0.01 0.01 0.01 0.01 0.01 0.01 0.01 0.01 0.01 0.01 0.02 0.02 0.02 0.02 0.02 0.01 0.02 0.03 0.23 0.55 0.03 2.94 2.29 3.15 0.02 0.02 0.01 0.01 0.01 0.05 0.05 0.03 0.03 0.15 0.23 0.20 0.16 0.09 0.09 0.12 0.12 0.20 0.18 0.15 0.13 0.12 0.12 0.25 0.30 0.64 0.10 0.10 0.06 0.04 0.07 0.16 0.12 0.10 0.09 0.13 0.02 0.02 0.03 0.02 0.02 0.01
2.59 2.32 4.78 4.62 4.70 0.02 0.02 0.02 0.02 0.01 0.03 0.02 0.02 0.06 0.01 0.03 0.01 0.01 0.01 0.01 0.01 0.01 0.01 0.01 0.01 0.01 0.01 0.01 0.03 0.04 0.02 0.02 0.02 0.18 2.86 3.53 3.60 3.85 3.62 3.30 0.79 0.02 0.01 0.02 0.01 0.01 0.01 0.02 0.05 0.05 0.15 0.13 0.14 0.13 0.10 0.12 0.13 0.12 0.09 0.11 0.14 0.14 0.13 0.10 0.10 0.22 0.55 0.66 0.17 0.11 0.04 0.05 0.08 0.16 0.05 0.15 0.14 0.04 0.02 0.02 0.02 0.02 0.02 0.01
0.03 0.03 0.06 0.02 4.58 4.43 4.27 0.02 0.02 0.01 0.01 0.02 0.02 0.05 0.06 0.03 0.01 0.01 0.02 0.01 0.01 0.01 0.02 0.02 0.02 0.01 0.01 0.03 0.03 0.03 0.02 0.02 2.24 2.44 2.54 0.02 0.01 0.01 0.03 0.03 0.01 0.02 0.01 0.01 0.01 0.01 0.01 0.06 0.14 0.22 0.18 0.14 0.11 0.06 0.06 0.07 0.07 0.07 0.09 0.10 0.11 0.09 0.09 0.09 0.09 0.11 0.27 0.25 0.16 0.16 0.06 0.05 0.08 0.14 0.08 0.31 0.02 0.05 0.01 0.02 0.02 0.01 0.06 0.07
0.03 0.03 0.04 0.05 0.03 0.02 4.07 0.42 0.01 0.01 0.01 0.03 0.02 0.03 0.02 0.02 0.02 0.01 0.02 0.02 0.02 0.01 0.02 0.02 0.02 0.02 0.02 0.09 0.05 0.05 2.28 2.28 2.28 0.01 0.04 0.02 0.01 0.02 0.03 0.04 0.01 0.01 0.01 0.01 0.01 0.08 0.18 0.14 0.12 0.11 0.12 0.09 0.05 0.09 0.08 0.05 0.04 0.08 0.10 0.08 0.08 0.09 0.09 0.09 0.08 0.06 0.09 0.41 0.37 0.37 0.31 0.06 0.08 0.13 0.05 0.21 0.04 0.04 0.01 0.01 0.01 0.07 0.03 0.03
0.03 0.03 0.03 0.03 0.03 0.02 3.84 0.32 0.93 0.01 0.01 0.03 0.01 0.04 0.03 0.02 0.03 0.01 0.01 0.02 0.02 0.01 0.02 0.01 0.02 0.01 0.05 0.00 0.01 2.94 2.74 0.12 0.01 0.02 0.03 0.02 0.01 0.01 0.02 0.01 0.01 0.01 0.01 0.06 0.12 0.15 0.12 0.07 0.07 0.07 0.11 0.07 0.10 0.08 0.04 0.05 0.03 0.12 0.10 0.07 0.10 0.10 0.10 0.08 0.07 0.06 0.09 0.09 0.13 0.17 0.16 0.13 0.11 0.10 0.09 0.29 0.24 0.01 0.01 0.02 0.07 0.02 0.10 0.05
0.03 0.03 0.03 0.03 0.03 0.02 3.58 3.21 2.65 3.15 2.68 1.71 2.89 2.22 0.02 0.01 0.02 0.02 0.02 0.01 0.01 0.02 0.01 0.02 0.03 0.03 0.17 0.09 3.51 3.03 0.02 0.02 0.01 0.01 0.02 0.02 0.01 0.01 0.01 0.01 0.01 0.05 0.12 0.10 0.09 0.09 0.08 0.07 0.07 0.08 0.08 0.10 0.09 0.05 0.04 0.12 0.36 0.26 0.09 0.08 0.09 0.11 0.09 0.06 0.06 0.06 0.11 0.11 0.11 0.12 0.11 0.10 0.10 0.08 0.08 0.06 0.30 0.30 0.27 0.01 0.01 0.09 0.08 0.20
0.02 0.03 0.03 0.03 0.03 0.03 0.02 0.04 0.01 0.02 0.01 0.44 3.07 3.17 2.82 2.57 0.01 0.02 0.03 0.01 0.01 0.02 0.05 0.04 0.08 0.11 0.12 0.11 3.86 0.69 0.01 0.01 0.01 0.01 0.01 0.02 0.01 0.00 0.01 0.01 0.07 0.09 0.09 0.07 0.07 0.07 0.07 0.07 0.07 0.09 0.08 0.06 0.05 0.05 0.12 0.10 0.24 0.07 0.09 0.10 0.11 0.12 0.05 0.05 0.07 0.05 0.11 0.14 0.13 0.10 0.10 0.14 0.13 0.02 0.04 0.04 0.03 0.05 0.02 0.02 0.05 0.17 0.01 0.14
0.02 0.02 0.02 0.02 0.03 0.03 0.02 0.03 0.01 0.02 0.01 0.01 0.39 0.14 1.06 2.07 1.70 1.89 2.00 0.01 0.01 0.03 0.06 0.01 0.01 0.02 0.01 0.52 4.14 2.12 0.01 0.01 0.01 0.01 0.01 0.01 0.01 0.02 0.02 0.07 0.12 0.12 0.09 0.08 0.07 0.07 0.07 0.07 0.08 0.08 0.06 0.05 0.04 0.04 0.04 0.07 0.06 0.05 0.11 0.09 0.08 0.10 0.06 0.06 0.08 0.05 0.18 0.14 0.07 0.10 0.15 0.13 0.08 0.03 0.06 0.04 0.04 0.05 0.03 0.03 0.05 0.05 0.03 0.13
0.01 0.01 0.02 0.02 0.02 0.02 0.04 0.03 0.06 0.07 0.05 0.40 0.47 0.01 0.03 0.02 0.03 0.02 2.05 2.39 0.01 0.01 0.03 0.01 0.00 0.01 0.01 1.37 4.38 0.04 0.02 0.01 0.01 0.01 0.01 0.06 0.09 0.12 0.12 0.15 0.09 0.07 0.06 0.06 0.05 0.06 0.10 0.09 0.06 0.06 0.05 0.04 0.03 0.03 0.04 0.07 0.06 0.06 0.07 0.08 0.07 0.09 0.18 0.08 0.17 0.33 0.34 0.01 0.01 0.17 0.10 0.07 0.04 0.04 0.05 0.04 0.05 0.07 0.09 0.07 0.05 0.09 0.10 0.08
0.01 0.01 0.01 0.01 0.01 0.01 0.02 0.02 0.05 0.04 0.03 0.39 0.23 0.01 0.03 0.01 0.02 0.04 0.04 2.80 2.89 0.00 0.01 0.02 0.01 0.01 0.01 2.03 2.40 0.02 0.01 0.02 0.01 0.01 0.05 0.06 0.05 0.06 0.05 0.06 0.04 0.04 0.04 0.05 0.05 0.05 0.06 0.05 0.04 0.04 0.03 0.03 0.03 0.03 0.05 0.06 0.05 0.06 0.07 0.08 0.09 0.09 0.14 0.17 0.25 0.12 0.07 0.12 0.21 0.21 0.02 0.05 0.03 0.03 0.04 0.07 0.07 0.08 0.05 0.03 0.03 0.06 0.05 0.05
0.01 0.01 0.01 0.01 0.01 0.01 0.01 0.01 0.12 0.37 0.43 0.50 0.03 0.02 0.03 0.02 0.02 0.03 0.03 0.03 3.05 3.31 3.10 2.77 2.21 2.16 2.21 2.17 0.15 0.03 0.03 0.01 0.01 0.03 0.05 0.05 0.04 0.04 0.03 0.05 0.04 0.04 0.04 0.05 0.05 0.04 0.04 0.05 0.04 0.04 0.04 0.03 0.03 0.03 0.05 0.07 0.06 0.06 0.09 0.11 0.10 0.11 0.12 0.15 0.19 0.01 0.10 0.10 0.07 0.08 0.02 0.04 0.03 0.03 0.07 0.11 0.09 0.06 0.03 0.03 0.03 0.03 0.05 0.02
0.01 0.01 0.01 0.01 0.01 0.01 0.01 0.51 0.34 0.33 0.14 0.01 0.02 0.03 0.03 0.04 0.03 0.03 0.03 0.03 0.04 0.09 0.01 0.02 0.02 0.03 0.04 0.08 0.03 0.02 0.02 0.01 0.01 0.04 0.04 0.04 0.04 0.03 0.03 0.03 0.04 0.04 0.04 0.04 0.04 0.04 0.04 0.04 0.03 0.03 0.03 0.03 0.03 0.04 0.05 0.07 0.08 0.08 0.08 0.14 0.10 0.11 0.11 0.08 0.10 0.14 0.12 0.07 0.05 0.03 0.03 0.04 0.05 0.04 0.10 0.17 0.02 0.02 0.02 0.01 0.02 0.02 0.03 0.03
0.02 0.02 0.02 0.02 0.02 0.21 0.53 0.58 0.02 0.01 0.02 0.02 0.02 0.03 0.04 0.10 0.04 0.04 0.03 0.03 0.05 0.10 0.01 0.01 0.02 0.03 0.03 0.04 0.02 0.01 0.01 0.01 0.03 0.04 0.04 0.04 0.04 0.03 0.03 0.03 0.03 0.03 0.03 0.03 0.05 0.04 0.05 0.03 0.02 0.02 0.02 0.04 0.05 0.08 0.08 0.08 0.11 0.14 0.09 0.13 0.11 0.11 0.08 0.08 0.16 0.05 0.07 0.02 0.02 0.02 0.03 0.05 0.05 0.03 0.18 0.02 0.01 0.02 0.02 0.01 0.02 0.02 0.02 0.05
