NEW_versions/S_Waiehu/Scripts/Results/S_Waiehu_50m/MaxFloodMaps/S_Waiehu_50m_1.asc
NCOLS 296
NROWS 126
XLLCENTER 753498.390000
YLLCENTER 2312278.410000
CELLSIZE 25.000000
NODATA_value -99999.000000
[rows 38 to 75 of 126, columns 84 to 167 of 296]
0.00 0.00 0.00 0.00 0.00 0.00 0.00 0.00 0.00 0.00 0.00 0.00 0.00 0.00 0.00 0.00 0.00 0.00 0.00 0.00 0.00 0.00 0.00 0.00 0.00 0.00 0.00 0.00 0.00 0.00 0.00 0.00 0.00 0.00 0.00 0.00 0.00 0.00 0.00 0.00 0.00 0.00 0.00 0.00 0.00 0.00 0.00 0.00 0.00 0.00 0.00 0.00 0.00 0.00 0.00 0.00 0.00 0.00 0.01 0.01 0.01 0.01 0.00 0.00 0.00 0.00 0.00 0.00 0.00 0.00 0.00 0.00 0.01 0.02 0.02 0.02 0.02 0.04 0.11 0.05 0.03 0.04 0.05 0.05
0.00 0.00 0.00 0.00 0.00 0.00 0.00 0.00 0.00 0.00 0.00 0.00 0.00 0.00 0.00 0.00 0.00 0.00 0.00 0.00 0.00 0.00 0.00 0.00 0.00 0.00 0.00 0.00 0.00 0.00 0.00 0.00 0.00 0.00 0.00 0.00 0.00 0.00 0.00 0.00 0.00 0.00 0.00 0.00 0.00 0.01 0.00 0.01 0.01 0.00 0.01 0.01 0.01 0.00 0.01 0.00 0.00 0.01 0.01 0.01 0.01 0.01 0.01 0.00 0.00 0.00 0.00 0.00 0.00 0.00 0.00 0.01 0.01 0.01 0.01 0.01 0.01 0.01 0.02 0.02 0.02 0.02 0.03 0.03
0.01 0.01 0.01 0.00 0.00 0.00 0.00 0.00 0.00 0.00 0.00 0.00 0.00 0.00 0.00 0.00 0.00 0.00 0.00 0.00 0.00 0.00 0.00 0.00 0.00 0.00 0.00 0.00 0.00 0.00 0.00 0.00 0.00 0.00 0.00 0.00 0.00 0.00 0.00 0.00 0.00 0.00 0.00 0.00 0.01 0.01 0.01 0.01 0.01 0.01 0.01 0.01 0.01 0.00 0.01 0.01 0.01 0.01 0.01 0.01 0.01 0.02 0.01 0.01 0.00 0.00 0.00 0.01 0.01 0.01 0.00 0.01 0.01 0.01 0.01 0.01 0.01 0.01 0.01 0.02 0.02 0.03 0.02 0.01
0.01 0.01 0.01 0.01 0.00 0.00 0.01 0.00 0.00 0.00 0.00 0.00 0.00 0.00 0.00 0.00 0.00 0.00 0.00 0.00 0.00 0.00 0.00 0.00 0.00 0.00 0.00 0.00 0.00 0.00 0.00 0.00 0.00 0.00 0.00 0.00 0.00 0.00 0.00 0.00 0.00 0.00 0.01 0.01 0.01 0.01 0.01 0.01 0.01 0.02 0.01 0.01 0.02 0.01 0.01 0.01 0.01 0.01 0.01 0.01 0.01 0.03 0.01 0.01 0.01 0.00 0.01 0.01 0.01 0.02 0.00 0.01 0.01 0.01 0.01 0.01 0.01 0.01 0.01 0.01 0.02 0.01 0.01 0.02
0.01 0.01 0.01 0.01 0.01 0.01 0.01 0.00 0.00 0.01 0.00 0.00 0.00 0.00 0.00 0.00 0.00 0.01 0.01 0.00 0.01 0.01 0.01 0.01 0.01 0.00 0.01 0.00 0.00 0.01 0.01 0.01 0.01 0.01 0.01 0.01 0.01 0.00 0.01 0.01 0.01 0.01 0.01 0.01 0.01 0.01 0.02 0.01 0.01 0.03 0.01 0.01 0.02 0.02 0.01 0.01 0.01 0.01 0.02 0.01 0.01 0.03 0.01 0.01 0.01 0.00 0.01 0.01 0.01 0.02 0.01 0.01 0.02 0.01 0.01 0.01 0.01 0.01 0.01 0.01 0.01 0.01 0.01 0.02
0.01 0.01 0.01 0.01 0.02 0.01 0.01 0.01 0.01 0.01 0.00 0.00 0.00 0.00 0.00 0.01 0.01 0.01 0.01 0.01 0.01 0.01 0.01 0.01 0.01 0.01 0.01 0.01 0.01 0.01 0.01 0.01 0.01 0.01 0.01 0.01 0.01 0.01 0.01 0.01 0.01 0.01 0.01 0.01 0.01 0.01 0.02 0.02 0.01 0.02 0.01 0.01 0.02 0.02 0.02 0.01 0.01 0.01 0.03 0.02 0.01 0.02 0.03 0.01 0.01 0.00 0.01 0.01 0.02 0.01 0.01 0.01 0.02 0.01 0.01 0.01 0.01 0.01 0.01 0.01 0.01 0.01 0.01 0.01
0.01 0.01 0.02 0.01 0.02 0.01 0.01 0.01 0.01 0.01 0.00 0.01 0.01 0.01 0.01 0.01 0.01 0.01 0.01 0.01 0.01 0.01 0.01 0.02 0.01 0.01 0.02 0.01 0.01 0.02 0.01 0.01 0.01 0.01 0.01 0.01 0.01 0.01 0.01 0.01 0.01 0.01 0.01 0.01 0.01 0.01 0.02 0.03 0.01 0.02 0.02 0.01 0.01 0.02 0.02 0.02 0.01 0.01 0.02 0.03 0.00 0.02 0.04 0.01 0.01 0.01 0.01 0.01 0.02 0.03 0.00 0.01 0.03 0.01 0.01 0.01 0.01 0.01 0.02 0.01 0.01 0.02 0.01 0.01
0.02 0.02 0.02 0.02 0.02 0.01 0.01 0.01 0.01 0.01 0.01 0.00 0.01 0.01 0.01 0.01 0.01 0.02 0.01 0.01 0.01 0.01 0.01 0.01 0.01 0.01 0.02 0.01 0.01 0.02 0.01 0.01 0.01 0.01 0.01 0.01 0.02 0.02 0.01 0.01 0.01 0.01 0.01 0.01 0.01 0.01 0.02 0.03 0.02 0.02 0.03 0.01 0.01 0.02 0.03 0.02 0.01 0.01 0.02 0.03 0.01 0.02 0.04 0.01 0.01 0.01 0.01 0.01 0.02 0.04 0.01 0.01 0.04 0.01 0.01 0.01 0.02 0.01 0.01 0.01 0.01 0.03 0.01 0.01
0.01 0.02 0.03 0.02 0.02 0.02 0.02 0.01 0.01 0.01 0.01 0.01 0.01 0.01 0.01 0.01 0.01 0.01 0.02 0.01 0.01 0.01 0.01 0.01 0.01 0.01 0.01 0.02 0.02 0.02 0.01 0.01 0.01 0.01 0.01 0.01 0.01 0.02 0.02 0.01 0.01 0.01 0.01 0.01 0.01 0.02 0.02 0.03 0.02 0.02 0.04 0.01 0.01 0.02 0.04 0.03 0.01 0.01 0.01 0.04 0.01 0.01 0.07 0.01 0.01 0.02 0.01 0.01 0.01 0.03 0.03 0.01 0.06 0.01 0.01 0.01 0.03 0.01 0.01 0.02 0.03 0.03 0.01 0.01
0.02 0.02 0.04 0.02 0.02 0.02 0.02 0.01 0.01 0.01 0.01 0.01 0.01 0.01 0.01 0.01 0.01 0.01 0.02 0.02 0.02 0.01 0.01 0.01 0.01 0.01 0.02 0.02 0.02 0.02 0.03 0.01 0.01 0.01 0.01 0.01 0.01 0.02 0.02 0.01 0.01 0.02 0.02 0.02 0.02 0.02 0.02 0.03 0.04 0.01 0.03 0.03 0.01 0.02 0.03 0.05 0.03 0.01 0.01 0.04 0.03 0.01 0.07 0.01 0.01 0.02 0.01 0.01 0.01 0.02 0.05 0.02 0.03 0.01 0.02 0.03 0.03 0.01 0.01 0.01 0.03 0.03 0.01 0.01
0.04 0.03 0.04 0.03 0.02 0.01 0.02 0.01 0.01 0.01 0.01 0.01 0.01 0.01 0.01 0.01 0.02 0.02 0.02 0.02 0.02 0.01 0.02 0.02 0.02 0.02 0.02 0.03 0.02 0.02 0.03 0.02 0.02 0.01 0.01 0.02 0.01 0.01 0.02 0.02 0.01 0.02 0.02 0.02 0.02 0.02 0.02 0.02 0.05 0.01 0.02 0.04 0.01 0.01 0.02 0.04 0.04 0.02 0.02 0.07 0.03 0.01 0.06 0.01 0.01 0.02 0.02 0.01 0.01 0.02 0.08 0.03 0.03 0.01 0.01 0.03 0.02 0.01 0.02 0.02 0.02 0.03 0.02 0.01
0.05 0.03 0.05 0.02 0.02 0.03 0.02 0.01 0.01 0.01 0.01 0.00 0.01 0.01 0.01 0.01 0.02 0.02 0.02 0.02 0.02 0.02 0.02 0.02 0.02 0.02 0.02 0.03 0.03 0.01 0.03 0.03 0.03 0.02 0.01 0.02 0.01 0.01 0.03 0.01 0.01 0.02 0.02 0.02 0.02 0.02 0.03 0.03 0.05 0.02 0.01 0.04 0.02 0.01 0.02 0.06 0.02 0.02 0.03 1.63 1.61 1.55 1.34 0.01 0.01 0.02 0.03 0.01 0.01 0.03 0.07 0.03 0.02 0.01 0.01 0.05 0.03 0.01 0.03 0.02 0.01 0.03 0.02 0.01
0.06 0.03 0.03 0.01 0.02 0.05 0.02 0.02 0.01 0.01 0.01 0.00 0.01 0.01 0.01 0.01 0.01 0.02 0.02 0.02 0.02 0.02 0.02 0.02 0.01 0.02 0.02 0.03 0.04 0.01 0.02 0.03 0.03 0.03 0.03 0.02 0.01 0.01 0.02 0.02 0.01 0.02 0.02 0.02 0.02 0.03 0.05 0.30 0.35 0.02 0.01 0.03 0.02 0.02 0.03 0.05 2.57 2.62 2.42 2.13 0.01 0.01 1.06 1.12 0.01 0.02 0.05 0.01 0.01 0.02 0.10 0.02 0.01 0.01 0.01 0.04 0.03 0.02 0.03 0.03 0.01 0.03 0.02 0.02
0.06 0.04 0.03 0.01 0.02 0.05 0.02 0.02 0.01 0.01 0.01 0.01 0.01 0.01 0.01 0.01 0.02 0.01 0.02 0.02 0.02 0.03 0.03 0.02 0.02 0.02 0.02 0.03 0.05 0.01 0.01 0.02 0.03 0.03 2.03 1.80 1.36 0.01 0.02 0.02 0.02 0.02 0.03 0.02 0.02 0.02 1.22 0.93 1.25 1.65 1.53 1.53 1.49 1.34 1.44 2.48 2.52 0.01 0.01 0.01 0.01 0.01 0.01 1.88 1.75 1.41 2.46 2.05 1.31 1.91 1.10 0.02 0.01 0.01 0.01 0.03 0.03 0.01 0.03 0.03 0.02 0.02 0.03 0.02
0.05 0.05 0.02 0.01 0.01 0.08 0.02 0.02 0.01 0.01 0.01 0.00 0.01 0.01 0.02 0.02 0.02 0.02 0.02 0.02 0.02 0.03 0.03 0.03 0.02 0.02 0.07 0.03 0.04 0.01 0.01 0.02 0.02 2.25 2.16 0.01 1.20 0.02 0.01 0.02 0.02 0.03 0.03 2.00 2.33 2.16 1.86 0.01 0.01 0.02 0.03 0.03 0.05 0.09 0.02 0.02 0.01 0.01 0.01 0.01 0.01 0.02 0.02 0.02 0.04 0.07 0.02 0.22 0.01 0.02 2.06 2.15 0.01 0.01 0.01 0.04 0.02 0.01 0.02 0.03 0.02 0.03 0.43 0.90
0.04 0.06 0.01 0.01 0.01 0.07 0.02 0.02 0.01 0.01 0.01 0.01 0.01 0.01 0.01 0.02 0.02 0.02 0.02 0.02 0.02 0.02 0.02 0.02 1.46 1.46 1.02 0.88 1.00 0.01 0.01 0.01 2.35 2.31 0.01 0.01 1.19 1.07 0.01 0.02 1.36 1.48 1.50 1.59 0.02 0.02 0.01 0.01 0.01 0.02 0.02 0.02 0.03 0.02 0.02 0.02 0.01 0.01 0.01 0.01 0.01 0.02 0.01 0.02 0.02 0.01 0.02 0.02 0.01 0.01 0.02 2.34 2.69 2.40 0.12 0.03 0.05 0.01 0.01 0.03 1.77 1.68 1.48 1.13
0.04 7.06 11.41 11.35 11.40 11.34 8.42 0.02 0.01 0.01 0.01 0.01 0.00 0.01 0.01 0.02 0.02 0.02 0.02 0.02 0.01 0.02 0.02 1.41 1.42 0.01 0.01 0.01 0.89 1.05 1.96 2.02 2.15 0.00 0.01 0.02 0.02 1.13 1.76 1.75 1.72 0.02 0.02 0.02 0.01 0.01 0.01 0.01 0.01 0.02 0.02 0.01 0.02 0.01 0.01 0.01 0.01 0.01 0.01 0.01 0.01 0.01 0.01 0.01 0.01 0.01 0.01 0.01 0.01 0.01 0.01 0.01 0.01 1.96 1.09 1.42 1.92 1.60 0.91 1.83 1.81 0.00 0.01 0.01
4.86 5.09 0.00 0.01 0.01 0.01 7.89 7.35 6.83 0.01 0.01 0.01 0.01 0.00 0.01 0.02 0.02 0.03 0.03 0.03 0.05 0.01 1.58 1.53 0.01 0.00 0.01 0.01 0.02 0.03 0.01 0.01 0.00 0.01 0.01 0.02 0.03 0.02 0.03 0.01 0.01 0.02 0.02 0.01 0.01 0.01 0.01 0.01 0.01 0.02 0.01 0.01 0.01 0.01 0.01 0.01 0.01 0.01 0.01 0.01 0.01 0.01 0.01 0.01 0.01 0.01 0.01 0.01 0.01 0.01 0.01 0.01 0.01 0.01 0.01 0.01 0.02 0.02 0.01 0.01 0.01 0.01 0.01 0.02
0.01 0.01 0.00 0.01 0.01 0.01 0.01 0.02 0.96 0.97 0.98 0.01 0.01 0.00 0.01 0.01 0.02 0.02 1.28 1.22 0.87 1.05 1.59 0.01 0.01 0.00 0.01 0.01 0.02 0.01 0.01 0.01 0.01 0.01 0.01 0.02 0.02 0.02 0.01 0.01 0.01 0.02 0.01 0.01 0.01 0.01 0.01 0.01 0.01 0.01 0.01 0.01 0.01 0.01 0.01 0.01 0.00 0.00 0.00 0.00 0.00 0.01 0.00 0.00 0.00 0.00 0.00 0.00 0.00 0.00 0.00 0.01 0.00 0.00 0.01 0.01 0.01 0.01 0.01 0.01 0.01 0.01 0.01 0.01
0.01 0.01 0.00 0.00 0.01 0.01 0.01 0.01 0.02 0.02 1.11 1.11 1.08 0.01 0.01 0.01 0.01 0.02 1.16 0.01 0.01 0.03 0.01 0.01 0.01 0.00 0.01 0.02 0.02 0.01 0.01 0.01 0.01 0.01 0.01 0.01 0.02 0.01 0.01 0.01 0.01 0.02 0.01 0.01 0.01 0.01 0.00 0.01 0.01 0.01 0.01 0.01 0.01 0.00 0.00 0.00 0.01 0.01 0.01 0.01 0.01 0.01 0.01 0.01 0.01 0.01 0.01 0.01 0.01 0.01 0.01 0.01 0.01 0.01 0.01 0.01 0.00 0.00 0.00 0.00 0.01 0.00 0.00 0.01
0.01 0.01 0.00 0.01 0.01 0.01 0.01 0.02 0.02 0.02 0.02 0.03 0.87 1.07 1.07 0.01 0.01 1.33 0.71 0.01 0.01 0.02 0.01 0.01 0.01 0.00 0.01 0.02 0.01 0.01 0.00 0.01 0.01 0.01 0.01 0.01 0.01 0.01 0.01 0.01 0.01 0.01 0.01 0.01 0.01 0.01 0.00 0.00 0.00 0.00 0.01 0.00 0.00 0.01 0.01 0.01 0.01 0.01 0.01 0.01 0.01 0.01 0.01 0.01 0.01 0.01 0.01 0.01 0.01 0.01 0.01 0.01 0.01 0.01 0.01 0.02 0.01 0.01 0.00 0.01 0.01 0.00 0.01 0.01
0.01 0.01 0.00 0.01 0.01 0.01 0.02 0.02 0.02 0.03 0.03 0.02 0.02 0.02 1.11 1.34 1.56 1.50 0.01 0.01 0.01 0.02 0.01 0.01 0.01 0.00 0.01 0.01 0.01 0.01 0.00 0.00 0.00 0.00 0.01 0.01 0.01 0.01 0.01 0.00 0.01 0.01 0.01 0.00 0.00 0.00 0.01 0.01 0.01 0.01 0.01 0.01 0.01 0.01 0.01 0.01 0.01 0.01 0.01 0.01 0.01 0.01 0.01 0.01 0.02 0.01 0.01 0.01 0.02 0.01 0.01 0.01 0.02 0.02 0.02 0.02 0.01 0.02 0.01 0.01 0.02 0.01 0.01 0.01
0.01 0.01 0.00 0.01 0.01 0.01 0.01 0.02 0.02 0.02 0.03 0.02 0.02 0.02 0.02 0.05 0.06 0.01 0.01 0.01 0.01 0.01 0.01 0.01 0.00 0.00 0.01 0.01 0.00 0.00 0.01 0.01 0.01 0.01 0.00 0.00 0.00 0.00 0.00 0.00 0.00 0.00 0.00 0.01 0.01 0.01 0.01 0.01 0.01 0.01 0.01 0.01 0.01 0.01 0.01 0.01 0.02 0.01 0.01 0.01 0.01 0.02 0.02 0.01 0.03 0.01 0.01 0.01 0.03 0.01 0.01 0.01 0.02 0.02 0.02 0.02 0.03 0.02 0.03 0.01 0.03 0.01 0.01 0.01
0.01 0.01 0.00 0.01 0.01 0.01 0.01 0.02 0.02 0.02 0.02 0.02 0.03 0.03 0.03 0.05 0.03 0.01 0.01 0.01 0.01 0.01 0.01 0.00 0.00 0.00 0.00 0.00 0.01 0.01 0.01 0.01 0.01 0.01 0.01 0.01 0.01 0.01 0.01 0.00 0.00 0.01 0.01 0.01 0.01 0.01 0.01 0.01 0.01 0.01 0.01 0.02 0.01 0.01 0.01 0.01 0.02 0.02 0.04 0.01 0.02 0.02 0.02 0.02 0.03 0.02 0.02 0.02 0.96 1.90 2.62 2.65 2.71 2.80 0.01 2.84 2.48 1.85 0.65 0.01 0.01 2.25 1.72 2.06
0.01 0.01 0.00 0.01 0.01 0.01 0.02 0.02 0.02 0.01 0.02 0.02 0.03 0.03 0.02 0.03 0.03 0.01 0.01 0.01 0.00 0.01 0.01 0.00 0.00 0.01 0.01 0.01 0.01 0.01 0.01 0.01 0.02 0.01 0.01 0.01 0.01 0.01 0.01 0.01 0.00 0.01 0.01 0.01 0.01 0.01 0.01 0.01 0.01 0.01 0.02 0.03 0.02 0.01 0.01 0.02 0.04 0.03 0.03 0.02 0.02 0.02 1.45 1.59 1.91 2.66 2.39 1.88 1.25 1.34 0.02 0.01 0.02 2.96 3.01 3.07 0.02 1.75 1.77 2.57 2.50 2.40 0.01 0.01
0.01 0.01 0.01 0.01 0.01 0.01 0.02 0.02 0.02 0.02 0.02 0.02 0.02 0.02 0.02 0.03 0.01 0.01 0.01 0.01 0.00 0.00 0.00 0.01 0.01 0.01 0.01 0.01 0.01 0.01 0.01 0.01 0.02 0.02 0.02 0.02 0.02 0.01 0.01 0.01 0.00 0.00 0.01 0.01 0.01 0.02 0.02 0.02 0.02 0.02 0.02 0.02 0.02 0.02 0.02 0.02 0.02 0.02 1.61 1.39 1.88 1.89 1.91 0.01 0.03 0.04 0.01 0.02 0.03 0.02 0.02 0.02 0.04 0.03 0.02 0.03 0.02 0.03 0.02 0.03 0.05 0.03 0.01 0.01
0.01 0.01 0.01 0.01 0.01 0.01 0.02 0.02 0.02 0.02 0.02 0.03 0.02 0.02 0.02 0.02 0.01 0.01 0.01 0.00 0.00 0.00 0.01 0.01 0.01 0.01 0.01 0.01 0.01 0.01 0.01 0.02 0.02 0.02 0.02 0.02 0.03 0.01 0.01 0.01 0.01 0.00 0.01 0.01 0.01 0.02 0.03 0.03 0.03 0.02 0.01 0.02 0.03 0.03 0.03 0.03 1.43 1.61 1.65 0.01 0.01 0.08 0.07 0.01 0.02 0.03 0.01 0.02 0.02 0.01 0.03 0.02 0.03 0.02 0.02 0.02 0.02 0.02 0.02 0.02 0.02 0.03 0.02 0.02
0.01 0.01 0.01 0.01 0.01 0.01 0.01 0.02 0.02 0.02 0.02 0.02 0.02 0.02 0.01 0.02 0.01 0.01 0.00 0.00 0.01 0.01 0.01 0.01 0.01 0.01 0.01 0.01 0.02 0.02 0.02 0.02 0.02 0.02 0.03 0.03 0.03 0.02 0.02 0.01 0.01 0.01 0.00 0.01 0.01 0.01 0.02 0.02 0.03 0.03 0.01 0.01 0.02 0.02 2.59 2.19 2.00 0.05 0.07 0.01 0.01 0.12 0.04 0.01 0.02 0.03 0.02 0.02 0.02 0.01 0.02 0.03 0.04 0.02 0.02 0.02 0.02 0.02 0.02 0.02 0.04 0.01 0.02 0.02
0.01 0.01 0.01 0.01 0.01 0.01 0.01 0.01 0.01 0.02 0.02 0.02 0.02 0.01 0.01 0.01 0.01 0.00 0.00 0.01 0.01 0.02 0.02 0.01 0.01 0.01 0.01 0.01 0.02 0.02 0.02 0.02 0.02 0.02 0.02 0.02 0.04 0.02 0.04 0.01 0.01 0.01 0.00 0.01 0.01 0.01 0.02 0.02 0.03 0.05 0.01 2.65 2.90 3.21 2.94 0.02 0.01 0.18 0.03 0.01 0.01 0.13 0.07 0.02 0.02 0.02 0.01 0.02 0.02 0.02 0.02 0.03 0.04 0.01 0.01 0.02 0.02 0.02 0.02 0.02 0.02 0.02 0.02 0.02
0.01 0.01 0.01 0.01 0.01 0.01 0.01 0.01 0.01 0.01 0.02 0.01 0.01 0.01 0.01 0.01 0.00 0.00 0.01 0.01 0.01 0.01 0.01 0.02 0.02 0.01 0.02 0.02 0.02 0.03 0.02 0.02 0.02 0.02 1.98 1.46 1.25 2.35 2.21 0.02 0.01 0.01 0.00 0.01 0.01 0.01 0.02 0.02 0.21 2.58 2.57 2.55 0.52 1.57 0.02 0.01 0.02 0.08 0.05 0.01 0.02 0.27 0.10 0.02 0.01 0.01 0.01 0.01 0.02 0.01 0.03 0.02 0.03 0.01 0.01 0.02 0.02 0.02 0.02 0.02 0.02 0.02 0.02 0.02
0.01 0.01 0.01 0.01 0.01 0.01 0.01 0.01 0.01 0.01 0.01 0.01 0.01 0.01 0.00 0.00 0.01 0.01 0.01 0.01 0.01 0.00 0.01 0.01 0.02 0.02 0.02 0.03 0.02 0.02 0.02 0.02 0.02 0.02 2.09 0.20 0.01 0.01 1.96 1.45 0.01 0.01 0.00 0.01 0.01 0.02 0.03 1.61 2.44 2.56 0.13 0.03 0.02 0.03 0.02 0.01 0.03 0.04 0.04 0.01 0.01 0.10 0.13 0.03 0.01 0.01 0.01 0.01 0.01 0.01 0.01 0.02 0.03 0.01 0.01 0.02 0.02 0.02 0.02 0.02 0.02 0.02 0.02 0.02
0.01 0.00 0.00 0.01 0.01 0.01 0.01 0.01 0.01 0.01 0.01 0.01 0.01 0.00 0.01 0.01 0.01 0.01 0.01 0.01 0.01 0.01 0.01 0.01 0.01 0.02 0.02 0.02 0.02 0.02 1.97 2.15 2.24 2.21 2.17 0.00 0.01 0.01 0.02 1.69 0.01 0.01 0.00 0.01 0.01 0.02 0.01 1.67 1.93 0.01 0.03 0.02 0.01 0.02 0.02 0.01 0.01 0.02 0.06 0.01 0.01 0.02 0.13 0.04 0.01 0.01 0.01 0.01 0.01 0.01 0.01 0.02 0.02 0.01 0.01 0.01 0.01 0.01 0.01 0.01 0.01 0.01 0.01 0.02
0.01 0.00 0.00 0.00 0.00 0.00 0.00 0.00 0.00 0.00 0.01 0.00 0.00 0.01 0.01 0.01 0.02 0.03 0.03 0.03 0.03 0.02 0.02 0.02 0.02 0.02 0.02 0.02 1.99 1.94 1.85 1.03 0.81 0.01 0.00 0.01 0.01 0.01 0.02 2.59 2.53 0.01 0.01 0.01 0.01 0.01 0.02 2.00 0.02 0.02 0.02 0.02 0.01 0.01 0.02 0.01 0.01 0.03 0.05 0.01 0.01 0.02 0.10 0.07 0.01 0.01 0.01 0.01 0.01 0.01 0.01 0.02 0.01 0.02 0.01 0.01 0.01 0.01 0.01 0.01 0.01 0.01 0.01 0.01
0.00 0.00 0.01 0.01 0.01 0.01 0.01 0.01 0.01 0.00 0.00 0.01 0.01 0.01 0.01 0.00 0.01 0.01 0.01 0.02 0.03 0.04 0.04 0.03 0.02 0.02 0.02 2.00 2.00 0.03 0.01 0.01 0.01 0.01 0.01 0.01 0.01 0.02 0.02 0.02 2.44 2.29 2.05 1.57 1.05 2.09 2.16 2.12 0.02 0.02 0.02 0.02 0.01 0.01 0.02 0.01 0.01 0.02 0.05 0.01 0.01 0.01 0.08 0.07 0.01 0.01 0.01 0.01 0.01 0.01 0.01 0.01 0.01 0.01 0.01 0.01 0.01 0.01 0.01 0.01 0.01 0.01 0.01 0.01
0.01 0.01 0.01 0.01 0.01 0.01 0.01 0.01 0.01 0.00 0.00 0.01 0.01 0.01 0.01 0.01 0.01 0.00 0.00 0.00 0.01 0.01 0.02 0.04 0.05 0.04 2.00 2.00 0.01 0.01 0.01 0.01 0.01 0.00 0.01 0.01 0.01 0.02 0.02 0.02 0.03 0.04 0.06 0.10 1.30 1.54 0.07 0.03 0.02 0.02 0.02 0.02 0.01 0.01 0.02 0.01 0.01 0.03 0.04 0.01 0.01 0.01 0.04 0.10 0.01 0.01 0.01 0.01 0.01 0.01 0.01 0.01 0.01 0.01 0.01 0.01 0.01 0.01 0.01 0.01 0.01 0.01 0.01 0.01
0.01 0.01 0.01 0.01 0.01 0.01 0.01 0.02 0.01 0.01 0.01 0.01 0.01 0.02 0.01 0.01 0.01 0.01 0.01 0.01 0.00 0.01 0.01 0.01 0.03 0.07 1.07 0.01 0.01 0.01 0.01 0.01 0.01 0.00 0.01 0.01 0.01 0.02 0.02 0.03 0.04 0.04 0.06 0.06 0.05 0.13 0.08 0.03 0.02 0.01 0.01 0.02 0.02 0.01 0.01 0.01 0.01 0.03 0.03 0.01 0.01 0.01 0.05 0.06 0.01 0.01 0.01 0.01 0.01 0.01 0.01 0.01 0.01 0.01 0.01 0.01 0.01 0.01 0.01 0.01 0.01 0.01 0.01 0.01
0.01 0.01 0.01 0.01 0.02 0.02 0.02 0.03 0.01 0.01 0.01 0.01 0.01 0.02 0.02 0.02 0.02 0.01 0.01 0.01 0.01 0.01 0.01 0.01 0.01 0.01 1.28 0.01 0.01 0.01 0.01 0.01 0.00 0.01 0.01 0.01 0.01 0.02 0.03 0.04 0.04 0.05 0.09 0.07 0.04 0.08 0.08 0.05 0.03 0.01 0.01 0.01 0.01 0.01 0.01 0.01 0.01 0.04 0.02 0.01 0.01 0.01 0.05 0.05 0.01 0.01 0.01 0.01 0.01 0.01 0.01 0.01 0.00 0.01 0.01 0.01 0.01 0.01 0.01 0.01 0.01 0.01 0.01 0.01
0.01 0.01 0.01 0.02 0.02 0.02 0.02 0.03 0.01 0.01 0.01 0.01 0.01 0.01 0.01 0.02 0.02 0.02 0.02 0.01 0.01 0.01 0.01 0.01 0.01 1.31 1.31 0.01 0.01 0.01 0.01 0.01 0.00 0.01 0.01 0.01 0.02 0.03 0.03 0.04 0.04 0.05 0.10 0.04 0.01 0.05 0.09 0.05 0.05 0.02 0.01 0.01 0.01 0.01 0.01 0.01 0.01 0.03 0.02 0.01 0.01 0.01 0.06 0.03 0.01 0.01 0.01 0.00 0.00 0.01 0.00 0.01 0.01 0.01 0.01 0.01 0.01 0.01 0.01 0.01 0.02 0.02 0.02 0.02
