NEW_versions/S_Waiehu/Scripts/Results/S_Waiehu_50m/MaxFloodMaps/S_Waiehu_50m_1.3.asc
NCOLS 296
NROWS 126
XLLCENTER 753498.390000
YLLCENTER 2312278.410000
CELLSIZE 25.000000
NODATA_value -99999.000000
[rows 38 to 75 of 126, columns 84 to 167 of 296]
0.00 0.00 0.00 0.00 0.00 0.00 0.00 0.00 0.00 0.00 0.00 0.00 0.00 0.00 0.00 0.00 0.00 0.00 0.00 0.00 0.00 0.00 0.00 0.00 0.00 0.00 0.00 0.00 0.00 0.00 0.00 0.00 0.00 0.00 0.00 0.00 0.00 0.00 0.00 0.00 0.00 0.00 0.00 0.00 0.00 0.00 0.00 0.00 0.00 0.00 0.00 0.00 0.00 0.00 0.00 0.00 0.00 0.01 0.01 0.01 0.01 0.01 0.01 0.00 0.00 0.00 0.00 0.00 0.00 0.00 0.00 0.00 0.01 0.02 0.02 0.02 0.02 0.05 0.13 0.05 0.04 0.05 0.05 0.07
0.00 0.00 0.00 0.00 0.00 0.00 0.00 0.00 0.00 0.00 0.00 0.00 0.00 0.00 0.00 0.00 0.00 0.00 0.00 0.00 0.00 0.00 0.00 0.00 0.00 0.00 0.00 0.00 0.00 0.00 0.00 0.00 0.00 0.00 0.00 0.00 0.00 0.00 0.00 0.00 0.00 0.00 0.00 0.00 0.00 0.01 0.00 0.01 0.01 0.01 0.01 0.01 0.01 0.00 0.01 0.00 0.01 0.01 0.01 0.01 0.01 0.02 0.01 0.01 0.00 0.00 0.00 0.00 0.00 0.00 0.00 0.01 0.01 0.01 0.01 0.01 0.02 0.02 0.02 0.03 0.03 0.03 0.04 0.03
0.01 0.01 0.01 0.00 0.00 0.00 0.00 0.00 0.00 0.00 0.00 0.00 0.00 0.00 0.00 0.00 0.00 0.00 0.00 0.00 0.00 0.00 0.00 0.00 0.00 0.00 0.00 0.00 0.00 0.00 0.00 0.00 0.00 0.00 0.00 0.00 0.00 0.00 0.00 0.00 0.00 0.00 0.00 0.01 0.01 0.01 0.01 0.01 0.01 0.01 0.01 0.01 0.01 0.01 0.01 0.01 0.01 0.01 0.01 0.01 0.01 0.03 0.01 0.01 0.01 0.00 0.01 0.01 0.01 0.01 0.00 0.01 0.01 0.01 0.01 0.01 0.01 0.01 0.01 0.02 0.03 0.03 0.02 0.02
0.01 0.01 0.01 0.01 0.01 0.01 0.01 0.00 0.00 0.00 0.00 0.00 0.00 0.00 0.00 0.00 0.00 0.00 0.00 0.00 0.00 0.00 0.00 0.00 0.00 0.00 0.00 0.00 0.00 0.00 0.00 0.00 0.00 0.00 0.00 0.00 0.00 0.00 0.01 0.01 0.01 0.01 0.01 0.01 0.01 0.02 0.01 0.01 0.01 0.02 0.01 0.01 0.02 0.01 0.01 0.01 0.01 0.01 0.02 0.01 0.01 0.03 0.01 0.01 0.01 0.00 0.01 0.01 0.01 0.02 0.01 0.01 0.01 0.01 0.01 0.01 0.01 0.01 0.01 0.01 0.02 0.01 0.02 0.02
0.01 0.01 0.01 0.01 0.01 0.01 0.01 0.01 0.01 0.01 0.00 0.00 0.00 0.00 0.00 0.00 0.01 0.01 0.01 0.01 0.01 0.01 0.01 0.01 0.01 0.01 0.01 0.00 0.01 0.01 0.01 0.01 0.01 0.01 0.01 0.01 0.01 0.01 0.01 0.01 0.01 0.01 0.01 0.01 0.01 0.02 0.02 0.01 0.01 0.03 0.01 0.01 0.02 0.02 0.01 0.02 0.01 0.02 0.03 0.01 0.01 0.04 0.01 0.01 0.01 0.00 0.01 0.01 0.01 0.02 0.01 0.01 0.02 0.01 0.01 0.01 0.01 0.01 0.01 0.01 0.02 0.02 0.02 0.02
0.01 0.01 0.01 0.02 0.02 0.01 0.01 0.01 0.01 0.01 0.00 0.00 0.00 0.01 0.01 0.01 0.01 0.01 0.01 0.01 0.01 0.01 0.02 0.01 0.01 0.01 0.01 0.01 0.01 0.01 0.01 0.01 0.01 0.01 0.01 0.01 0.01 0.01 0.01 0.01 0.01 0.01 0.01 0.01 0.01 0.02 0.03 0.02 0.01 0.03 0.01 0.01 0.02 0.03 0.02 0.02 0.01 0.01 0.03 0.02 0.01 0.03 0.04 0.01 0.01 0.01 0.01 0.01 0.03 0.02 0.01 0.01 0.02 0.01 0.02 0.01 0.01 0.01 0.02 0.02 0.02 0.02 0.02 0.01
0.01 0.01 0.02 0.02 0.02 0.01 0.01 0.01 0.01 0.01 0.01 0.01 0.01 0.01 0.01 0.01 0.01 0.01 0.01 0.01 0.01 0.01 0.02 0.02 0.01 0.02 0.02 0.01 0.01 0.02 0.01 0.01 0.01 0.01 0.01 0.01 0.02 0.02 0.01 0.01 0.01 0.01 0.01 0.01 0.01 0.02 0.02 0.04 0.01 0.03 0.02 0.01 0.02 0.03 0.03 0.02 0.01 0.01 0.03 0.03 0.01 0.02 0.05 0.01 0.01 0.01 0.01 0.01 0.02 0.03 0.01 0.01 0.03 0.01 0.01 0.01 0.01 0.01 0.02 0.02 0.02 0.03 0.01 0.01
0.02 0.02 0.03 0.02 0.02 0.02 0.01 0.01 0.01 0.01 0.01 0.01 0.01 0.01 0.01 0.01 0.01 0.02 0.02 0.01 0.01 0.02 0.02 0.02 0.02 0.02 0.02 0.02 0.01 0.02 0.02 0.01 0.01 0.01 0.01 0.01 0.02 0.02 0.01 0.01 0.01 0.01 0.01 0.01 0.01 0.02 0.02 0.03 0.02 0.02 0.03 0.01 0.01 0.02 0.04 0.02 0.01 0.01 0.02 0.04 0.01 0.02 0.05 0.01 0.01 0.01 0.01 0.01 0.02 0.04 0.01 0.01 0.05 0.02 0.01 0.01 0.02 0.02 0.01 0.02 0.02 0.03 0.01 0.01
0.02 0.02 0.03 0.02 0.03 0.02 0.02 0.02 0.01 0.01 0.01 0.01 0.01 0.01 0.01 0.01 0.02 0.02 0.02 0.02 0.02 0.01 0.01 0.01 0.01 0.01 0.02 0.02 0.02 0.03 0.01 0.01 0.01 0.01 0.01 0.01 0.02 0.02 0.02 0.01 0.02 0.02 0.02 0.02 0.02 0.02 0.02 0.03 0.03 0.02 0.05 0.02 0.01 0.02 0.05 0.04 0.01 0.01 0.02 0.05 0.01 0.02 0.08 0.01 0.01 0.02 0.01 0.01 0.02 0.04 0.03 0.01 0.07 0.01 0.02 0.01 0.03 0.01 0.01 0.02 0.04 0.03 0.01 0.01
0.02 0.02 0.04 0.02 0.02 0.02 0.02 0.02 0.01 0.01 0.01 0.01 0.01 0.01 0.01 0.02 0.02 0.02 0.02 0.02 0.02 0.01 0.01 0.01 0.01 0.02 0.02 0.02 0.02 0.03 0.04 0.01 0.01 0.01 0.01 0.02 0.01 0.02 0.03 0.01 0.02 0.02 0.02 0.02 0.02 0.02 0.02 0.03 0.04 0.02 0.04 0.03 0.01 0.02 0.04 0.06 0.03 0.01 0.01 0.04 0.03 0.01 0.08 0.01 0.01 0.03 0.01 0.01 0.02 0.03 0.06 0.02 0.04 0.01 0.02 0.03 0.03 0.02 0.02 0.01 0.03 0.03 0.02 0.01
0.05 0.04 0.05 0.04 0.02 0.02 0.03 0.02 0.01 0.01 0.01 0.01 0.01 0.01 0.01 0.02 0.02 0.02 0.02 0.02 0.02 0.01 0.02 0.02 0.02 0.03 0.03 0.03 0.02 0.02 0.04 0.03 0.02 0.01 0.01 0.02 0.01 0.02 0.03 0.02 0.02 0.02 0.02 0.02 0.02 0.02 0.02 0.03 0.05 0.02 0.02 0.05 0.01 0.02 0.03 0.05 0.04 0.02 0.02 0.09 0.03 0.01 0.07 0.01 0.01 0.02 0.03 0.01 0.02 0.03 0.09 0.03 0.04 0.01 0.01 0.04 0.02 0.01 0.02 0.02 0.02 0.03 0.02 0.02
0.06 0.03 0.06 0.03 0.03 0.03 0.03 0.02 0.02 0.01 0.01 0.01 0.01 0.01 0.01 0.02 0.02 0.02 0.02 0.02 0.02 0.02 0.02 0.02 0.02 0.03 0.03 0.04 0.04 0.02 0.03 0.03 0.03 0.02 0.01 0.02 0.01 0.01 0.03 0.01 0.02 0.03 0.02 0.03 0.03 0.03 0.03 0.04 0.06 0.02 0.01 0.04 0.02 0.02 0.03 0.07 0.03 0.03 0.04 2.01 1.99 1.91 1.65 0.01 0.01 0.02 0.04 0.01 0.01 0.03 0.08 0.03 0.02 0.01 0.02 0.06 0.03 0.01 0.04 0.02 0.02 0.03 0.02 0.02
0.08 0.04 0.04 0.01 0.03 0.06 0.02 0.02 0.01 0.01 0.01 0.01 0.01 0.01 0.01 0.02 0.02 0.02 0.02 0.02 0.03 0.02 0.02 0.02 0.02 0.02 0.02 0.03 0.04 0.01 0.02 0.03 0.03 0.03 0.04 0.03 0.02 0.01 0.03 0.02 0.01 0.03 0.02 0.02 0.03 0.03 0.06 0.42 0.48 0.02 0.01 0.03 0.03 0.03 0.03 0.07 3.10 3.13 2.90 2.57 0.01 0.02 1.31 1.40 0.01 0.02 0.06 0.01 0.01 0.03 0.12 0.03 0.01 0.01 0.02 0.04 0.03 0.02 0.04 0.03 0.01 0.03 0.02 0.02
0.08 0.05 0.03 0.01 0.02 0.06 0.02 0.02 0.02 0.01 0.01 0.01 0.01 0.01 0.01 0.02 0.02 0.02 0.02 0.02 0.03 0.03 0.03 0.03 0.02 0.02 0.02 0.03 0.06 0.02 0.02 0.03 0.03 0.04 2.40 2.14 1.64 0.01 0.02 0.03 0.02 0.03 0.03 0.03 0.03 0.03 1.49 1.12 1.54 2.02 1.88 1.87 1.83 1.67 1.82 3.03 3.06 0.02 0.01 0.01 0.01 0.01 0.02 2.30 2.14 1.77 2.93 2.47 1.64 2.30 1.39 0.02 0.01 0.01 0.02 0.04 0.04 0.01 0.03 0.03 0.03 0.02 0.03 0.03
0.06 0.06 0.02 0.01 0.02 0.09 0.02 0.02 0.01 0.01 0.01 0.01 0.01 0.01 0.02 0.02 0.02 0.02 0.02 0.02 0.03 0.03 0.04 0.04 0.03 0.02 0.08 0.04 0.05 0.01 0.01 0.02 0.03 2.67 2.56 0.02 1.46 0.02 0.01 0.02 0.02 0.03 0.04 2.45 2.78 2.56 2.21 0.01 0.01 0.02 0.04 0.04 0.06 0.13 0.03 0.02 0.02 0.01 0.01 0.01 0.02 0.02 0.02 0.02 0.05 0.09 0.02 0.63 0.01 0.02 2.57 2.66 0.01 0.01 0.01 0.05 0.03 0.01 0.02 0.04 0.03 0.03 0.68 1.16
0.05 0.07 0.02 0.01 0.01 0.09 0.03 0.02 0.01 0.01 0.01 0.01 0.01 0.01 0.02 0.02 0.02 0.02 0.02 0.02 0.02 0.03 0.03 0.03 1.75 1.73 1.23 1.07 1.21 0.01 0.01 0.01 2.80 2.75 0.01 0.01 1.44 1.30 0.01 0.02 1.66 1.81 1.84 1.97 0.02 0.02 0.01 0.01 0.01 0.02 0.03 0.02 0.03 0.02 0.02 0.02 0.01 0.01 0.01 0.01 0.02 0.02 0.02 0.02 0.02 0.01 0.02 0.02 0.01 0.01 0.02 2.85 3.16 2.80 0.40 0.03 0.06 0.02 0.01 0.03 2.17 2.04 1.77 1.37
0.05 7.35 11.69 11.69 11.68 11.65 8.68 0.02 0.01 0.01 0.01 0.01 0.01 0.01 0.02 0.02 0.03 0.03 0.02 0.02 0.02 0.02 0.02 1.70 1.72 0.01 0.01 0.01 1.09 1.30 2.39 2.47 2.60 0.01 0.01 0.02 0.03 1.39 2.14 2.12 2.08 0.02 0.03 0.02 0.02 0.01 0.01 0.01 0.01 0.02 0.02 0.01 0.02 0.02 0.02 0.01 0.01 0.01 0.01 0.01 0.01 0.01 0.01 0.01 0.02 0.01 0.01 0.01 0.01 0.01 0.01 0.01 0.01 2.32 1.37 1.78 2.31 1.93 1.15 2.26 2.23 0.01 0.01 0.02
5.16 5.39 0.00 0.01 0.01 0.01 8.16 7.62 7.09 0.01 0.01 0.01 0.01 0.01 0.01 0.02 0.03 0.04 0.03 0.04 0.06 0.01 1.90 1.84 0.01 0.00 0.01 0.01 0.02 0.03 0.01 0.01 0.01 0.01 0.01 0.02 0.03 0.03 0.04 0.02 0.02 0.02 0.03 0.02 0.01 0.01 0.01 0.01 0.01 0.02 0.01 0.01 0.01 0.01 0.01 0.01 0.01 0.01 0.01 0.01 0.01 0.01 0.01 0.01 0.01 0.01 0.01 0.01 0.01 0.01 0.01 0.01 0.01 0.01 0.01 0.01 0.02 0.03 0.01 0.02 0.01 0.01 0.01 0.02
0.01 0.01 0.00 0.01 0.01 0.01 0.02 0.02 1.16 1.16 1.18 0.01 0.01 0.01 0.01 0.01 0.02 0.03 1.54 1.47 1.05 1.28 1.92 0.01 0.01 0.00 0.01 0.02 0.03 0.01 0.01 0.01 0.01 0.01 0.01 0.03 0.02 0.02 0.01 0.01 0.01 0.03 0.01 0.01 0.01 0.01 0.01 0.01 0.01 0.01 0.01 0.01 0.01 0.01 0.01 0.01 0.00 0.00 0.00 0.01 0.01 0.01 0.01 0.01 0.01 0.01 0.01 0.01 0.01 0.01 0.01 0.01 0.01 0.01 0.01 0.01 0.01 0.01 0.01 0.01 0.01 0.01 0.01 0.01
0.01 0.01 0.00 0.01 0.01 0.01 0.01 0.02 0.02 0.02 1.33 1.33 1.30 0.01 0.01 0.01 0.01 0.02 1.40 0.01 0.01 0.04 0.02 0.01 0.01 0.01 0.01 0.02 0.02 0.01 0.01 0.01 0.01 0.01 0.01 0.02 0.02 0.01 0.01 0.01 0.01 0.02 0.01 0.01 0.01 0.01 0.01 0.01 0.01 0.01 0.01 0.01 0.01 0.01 0.00 0.00 0.01 0.01 0.01 0.01 0.01 0.01 0.01 0.01 0.01 0.01 0.01 0.01 0.01 0.01 0.01 0.01 0.01 0.01 0.01 0.01 0.00 0.00 0.00 0.01 0.01 0.00 0.01 0.01
0.01 0.01 0.01 0.01 0.01 0.01 0.01 0.02 0.02 0.02 0.03 0.03 1.05 1.29 1.29 0.01 0.01 1.58 0.86 0.01 0.01 0.02 0.01 0.01 0.01 0.01 0.01 0.02 0.01 0.01 0.01 0.01 0.01 0.01 0.01 0.01 0.02 0.01 0.01 0.01 0.01 0.01 0.01 0.01 0.01 0.01 0.00 0.00 0.00 0.00 0.01 0.00 0.00 0.01 0.01 0.01 0.01 0.01 0.01 0.01 0.01 0.01 0.01 0.01 0.01 0.02 0.02 0.02 0.01 0.01 0.01 0.02 0.02 0.01 0.02 0.02 0.01 0.01 0.01 0.01 0.01 0.01 0.01 0.01
0.01 0.01 0.01 0.01 0.01 0.01 0.02 0.03 0.03 0.03 0.03 0.02 0.02 0.03 1.34 1.62 1.86 1.79 0.01 0.01 0.01 0.02 0.01 0.01 0.01 0.01 0.01 0.01 0.01 0.01 0.00 0.00 0.00 0.00 0.01 0.01 0.01 0.01 0.01 0.01 0.01 0.01 0.01 0.01 0.00 0.01 0.01 0.01 0.01 0.01 0.01 0.01 0.01 0.01 0.01 0.01 0.01 0.01 0.01 0.01 0.01 0.01 0.01 0.02 0.02 0.01 0.02 0.02 0.02 0.01 0.01 0.02 0.02 0.02 0.02 0.02 0.02 0.02 0.01 0.01 0.02 0.01 0.01 0.01
0.01 0.01 0.00 0.01 0.01 0.02 0.02 0.02 0.03 0.02 0.04 0.03 0.03 0.03 0.03 0.06 0.08 0.02 0.01 0.01 0.01 0.02 0.01 0.01 0.01 0.00 0.01 0.01 0.01 0.00 0.01 0.01 0.01 0.01 0.01 0.00 0.00 0.00 0.00 0.01 0.00 0.00 0.00 0.01 0.01 0.01 0.01 0.01 0.01 0.01 0.01 0.01 0.01 0.01 0.01 0.02 0.02 0.01 0.01 0.01 0.01 0.02 0.02 0.02 0.03 0.01 0.01 0.02 0.03 0.01 0.01 0.01 0.02 0.02 0.03 0.02 0.04 0.02 0.04 0.01 0.03 0.01 0.01 0.01
0.01 0.01 0.01 0.01 0.01 0.02 0.02 0.02 0.02 0.02 0.02 0.03 0.03 0.04 0.03 0.05 0.03 0.01 0.01 0.01 0.01 0.01 0.01 0.01 0.00 0.00 0.00 0.00 0.01 0.01 0.01 0.01 0.01 0.01 0.01 0.01 0.01 0.01 0.01 0.01 0.00 0.01 0.01 0.01 0.01 0.01 0.01 0.01 0.01 0.01 0.02 0.02 0.01 0.01 0.01 0.02 0.02 0.03 0.04 0.02 0.02 0.02 0.02 0.02 0.03 0.02 0.02 0.02 1.21 2.37 3.20 3.24 3.30 3.40 0.02 3.33 2.91 2.18 0.91 0.02 0.02 2.70 2.13 2.51
0.01 0.01 0.01 0.01 0.01 0.02 0.02 0.02 0.02 0.02 0.02 0.03 0.03 0.03 0.02 0.03 0.03 0.01 0.01 0.01 0.01 0.01 0.01 0.00 0.01 0.01 0.01 0.01 0.01 0.01 0.01 0.01 0.02 0.02 0.02 0.02 0.01 0.01 0.01 0.01 0.00 0.01 0.01 0.01 0.02 0.01 0.01 0.01 0.02 0.02 0.02 0.04 0.02 0.01 0.02 0.02 0.04 0.04 0.03 0.02 0.02 0.02 1.76 1.95 2.34 3.15 2.83 2.25 1.53 1.66 0.02 0.01 0.03 3.56 3.58 3.61 0.03 2.10 2.18 3.08 2.99 2.87 0.01 0.01
0.01 0.01 0.01 0.01 0.01 0.02 0.02 0.02 0.02 0.02 0.02 0.03 0.03 0.03 0.02 0.03 0.02 0.01 0.01 0.01 0.00 0.00 0.01 0.01 0.01 0.01 0.01 0.01 0.01 0.01 0.01 0.02 0.02 0.02 0.02 0.02 0.02 0.01 0.01 0.01 0.01 0.01 0.01 0.01 0.02 0.02 0.02 0.02 0.02 0.02 0.02 0.03 0.03 0.02 0.02 0.03 0.02 0.02 1.94 1.70 2.28 2.29 2.29 0.01 0.03 0.05 0.01 0.03 0.03 0.02 0.03 0.03 0.05 0.03 0.03 0.03 0.03 0.03 0.03 0.04 0.06 0.03 0.01 0.01
0.01 0.01 0.01 0.01 0.01 0.02 0.02 0.02 0.02 0.02 0.03 0.03 0.03 0.02 0.02 0.02 0.01 0.01 0.01 0.01 0.00 0.01 0.01 0.01 0.01 0.01 0.01 0.01 0.02 0.01 0.02 0.02 0.02 0.02 0.03 0.02 0.03 0.01 0.02 0.01 0.01 0.00 0.01 0.01 0.01 0.02 0.03 0.03 0.04 0.02 0.02 0.02 0.03 0.03 0.04 0.04 1.74 1.95 1.99 0.04 0.01 0.09 0.08 0.01 0.03 0.04 0.02 0.03 0.02 0.01 0.03 0.03 0.04 0.03 0.03 0.03 0.02 0.02 0.03 0.03 0.03 0.04 0.02 0.02
0.01 0.01 0.01 0.01 0.01 0.02 0.02 0.02 0.02 0.02 0.03 0.03 0.02 0.02 0.02 0.02 0.01 0.01 0.00 0.00 0.01 0.01 0.01 0.01 0.01 0.02 0.01 0.01 0.02 0.02 0.02 0.02 0.02 0.03 0.03 0.03 0.03 0.02 0.03 0.01 0.01 0.01 0.01 0.01 0.01 0.01 0.02 0.03 0.04 0.04 0.01 0.02 0.02 0.02 3.05 2.62 2.38 0.06 0.09 0.01 0.01 0.14 0.05 0.01 0.02 0.04 0.02 0.02 0.03 0.01 0.02 0.03 0.05 0.02 0.02 0.02 0.02 0.02 0.03 0.03 0.04 0.02 0.03 0.03
0.01 0.01 0.01 0.01 0.01 0.01 0.02 0.02 0.02 0.02 0.02 0.02 0.02 0.02 0.01 0.01 0.01 0.00 0.00 0.01 0.01 0.02 0.02 0.02 0.01 0.02 0.02 0.02 0.03 0.03 0.02 0.02 0.02 0.03 0.03 0.03 0.05 0.03 0.05 0.01 0.01 0.01 0.00 0.01 0.01 0.01 0.02 0.03 0.03 0.06 0.01 3.14 3.43 3.74 3.44 0.02 0.01 0.21 0.04 0.01 0.01 0.15 0.08 0.02 0.02 0.02 0.02 0.02 0.02 0.02 0.02 0.03 0.05 0.01 0.02 0.02 0.02 0.02 0.03 0.02 0.03 0.03 0.03 0.02
0.01 0.01 0.01 0.01 0.02 0.02 0.02 0.02 0.02 0.02 0.02 0.02 0.01 0.01 0.01 0.01 0.00 0.00 0.01 0.01 0.01 0.01 0.02 0.02 0.02 0.02 0.02 0.02 0.03 0.03 0.03 0.02 0.02 0.02 2.28 1.75 1.52 2.76 2.59 0.03 0.01 0.01 0.00 0.01 0.01 0.02 0.02 0.03 0.54 3.05 3.05 3.00 0.92 2.12 0.03 0.02 0.02 0.09 0.05 0.01 0.02 0.32 0.12 0.03 0.02 0.02 0.01 0.02 0.02 0.01 0.03 0.02 0.04 0.01 0.01 0.02 0.02 0.02 0.02 0.02 0.03 0.02 0.02 0.02
0.01 0.01 0.01 0.01 0.01 0.01 0.01 0.01 0.01 0.01 0.01 0.02 0.01 0.01 0.01 0.01 0.01 0.01 0.01 0.01 0.01 0.01 0.01 0.01 0.02 0.02 0.03 0.03 0.03 0.03 0.03 0.03 0.02 0.02 2.41 0.43 0.01 0.01 2.31 1.76 0.01 0.01 0.00 0.01 0.01 0.02 0.04 1.99 2.87 3.00 0.45 0.04 0.02 0.04 0.02 0.01 0.03 0.05 0.05 0.01 0.01 0.12 0.15 0.04 0.01 0.01 0.01 0.01 0.01 0.01 0.01 0.03 0.04 0.01 0.01 0.02 0.02 0.02 0.02 0.02 0.02 0.02 0.02 0.02
0.01 0.01 0.01 0.01 0.01 0.01 0.01 0.01 0.01 0.01 0.01 0.01 0.01 0.01 0.01 0.01 0.02 0.02 0.02 0.01 0.01 0.01 0.01 0.02 0.02 0.02 0.02 0.03 0.02 0.02 2.34 2.54 2.64 2.60 2.53 0.01 0.01 0.02 0.03 2.07 0.01 0.01 0.01 0.01 0.01 0.02 0.01 2.04 2.34 0.01 0.04 0.03 0.02 0.02 0.03 0.01 0.01 0.03 0.08 0.01 0.01 0.02 0.16 0.05 0.01 0.01 0.01 0.01 0.01 0.01 0.01 0.02 0.03 0.01 0.02 0.02 0.02 0.02 0.02 0.02 0.02 0.02 0.02 0.02
0.01 0.00 0.00 0.00 0.00 0.00 0.00 0.00 0.00 0.01 0.01 0.01 0.00 0.01 0.01 0.02 0.02 0.03 0.04 0.04 0.03 0.03 0.02 0.02 0.02 0.02 0.02 0.02 2.36 2.30 2.19 1.35 1.14 0.01 0.01 0.01 0.01 0.02 0.03 3.06 2.98 0.01 0.01 0.01 0.01 0.02 0.02 2.40 0.02 0.02 0.03 0.02 0.01 0.02 0.03 0.01 0.01 0.03 0.06 0.01 0.01 0.02 0.12 0.08 0.02 0.01 0.01 0.01 0.01 0.01 0.02 0.02 0.02 0.02 0.02 0.01 0.01 0.01 0.02 0.01 0.01 0.01 0.01 0.01
0.00 0.01 0.01 0.01 0.01 0.01 0.01 0.01 0.01 0.00 0.00 0.01 0.01 0.01 0.01 0.01 0.01 0.01 0.01 0.02 0.04 0.05 0.04 0.04 0.03 0.03 0.03 2.38 2.38 0.03 0.02 0.01 0.01 0.01 0.01 0.01 0.02 0.02 0.02 0.02 2.86 2.69 2.41 1.87 1.28 2.51 2.59 2.54 0.03 0.02 0.02 0.02 0.01 0.01 0.02 0.01 0.01 0.03 0.06 0.01 0.01 0.01 0.10 0.08 0.02 0.01 0.01 0.01 0.01 0.02 0.02 0.01 0.02 0.01 0.01 0.01 0.01 0.01 0.01 0.01 0.01 0.01 0.01 0.01
0.01 0.01 0.01 0.01 0.01 0.01 0.01 0.02 0.01 0.00 0.01 0.01 0.01 0.01 0.01 0.01 0.01 0.01 0.00 0.01 0.01 0.01 0.03 0.05 0.06 0.05 2.38 2.39 0.01 0.02 0.01 0.01 0.01 0.00 0.01 0.01 0.02 0.02 0.02 0.03 0.03 0.04 0.07 0.12 1.61 1.92 0.08 0.04 0.02 0.02 0.02 0.02 0.02 0.01 0.02 0.01 0.01 0.03 0.05 0.01 0.01 0.01 0.05 0.11 0.01 0.01 0.01 0.01 0.01 0.01 0.01 0.01 0.01 0.01 0.01 0.01 0.01 0.01 0.01 0.01 0.01 0.01 0.01 0.01
0.01 0.01 0.01 0.01 0.01 0.02 0.02 0.02 0.01 0.01 0.01 0.01 0.02 0.02 0.02 0.01 0.01 0.01 0.01 0.01 0.01 0.01 0.01 0.01 0.03 0.09 1.29 0.01 0.02 0.01 0.01 0.01 0.01 0.01 0.01 0.01 0.01 0.02 0.02 0.03 0.05 0.05 0.07 0.07 0.06 0.15 0.09 0.04 0.02 0.02 0.02 0.02 0.02 0.01 0.01 0.01 0.01 0.04 0.04 0.01 0.01 0.01 0.06 0.07 0.01 0.01 0.01 0.01 0.01 0.01 0.01 0.01 0.01 0.01 0.01 0.01 0.01 0.01 0.01 0.01 0.01 0.01 0.01 0.01
0.01 0.01 0.01 0.02 0.02 0.02 0.02 0.03 0.01 0.01 0.01 0.01 0.02 0.02 0.03 0.03 0.02 0.01 0.01 0.01 0.01 0.01 0.01 0.01 0.01 0.01 1.53 0.01 0.01 0.01 0.01 0.01 0.01 0.01 0.01 0.01 0.02 0.02 0.03 0.04 0.05 0.06 0.10 0.08 0.04 0.10 0.10 0.05 0.03 0.02 0.01 0.01 0.02 0.01 0.01 0.01 0.01 0.05 0.02 0.01 0.01 0.01 0.06 0.06 0.01 0.01 0.01 0.01 0.01 0.01 0.01 0.01 0.01 0.01 0.01 0.01 0.01 0.01 0.01 0.01 0.01 0.01 0.01 0.02
0.01 0.01 0.02 0.02 0.02 0.02 0.02 0.04 0.01 0.01 0.01 0.01 0.01 0.01 0.01 0.02 0.03 0.02 0.02 0.02 0.01 0.01 0.01 0.01 0.01 1.56 1.56 0.02 0.01 0.01 0.01 0.01 0.00 0.01 0.01 0.01 0.02 0.03 0.04 0.05 0.05 0.06 0.12 0.05 0.01 0.06 0.10 0.06 0.06 0.02 0.01 0.01 0.01 0.01 0.01 0.01 0.01 0.04 0.02 0.01 0.01 0.02 0.07 0.04 0.01 0.01 0.01 0.01 0.01 0.01 0.01 0.01 0.01 0.01 0.01 0.01 0.01 0.01 0.01 0.02 0.02 0.02 0.03 0.02
