WMS/S_Waiehu_stream_development/Results/ComparisonModels/S_Waiehu_One_LU_Present_LC_10p2p2.asc
ncols 146
nrows 63
xllcorner 753485.886964
yllcorner 2312265.910359
cellsize 50.000000
NODATA_value -9999
[rows 0 to 27 of 63, columns 63 to 125 of 146]
0.000000 0.000000 0.000000 0.000000 0.000000 0.000000 0.000000 0.000000 0.000000 0.000000 0.000000 0.000000 0.000000 0.000000 0.000000 0.000000 0.000000 0.000000 0.000000 0.000000 0.000000 0.000000 0.000000 0.000000 0.000000 0.000000 0.000000 0.000000 0.000000 0.000000 0.000000 0.000000 0.000000 0.000000 0.000000 0.000000 0.000000 0.000000 0.000000 0.000000 0.000000 0.000000 0.000000 0.000000 0.000000 0.000000 0.000000 0.000000 0.000000 0.000000 0.000000 0.000000 0.000000 0.000000 0.000000 0.000000 0.000000 0.000000 0.000000 0.000000 0.000000 0.000000 0.000000
0.000000 0.000000 0.000000 0.000000 0.000000 0.000000 0.000000 0.000000 0.000000 0.000000 0.000000 0.000000 0.000000 0.000000 0.000000 0.000000 0.000000 0.000000 0.000000 0.000000 0.000000 0.000000 0.000000 0.000000 0.000000 0.000000 0.000000 0.000000 0.000000 0.000000 0.000000 0.000000 0.000000 0.000000 0.000000 0.000000 0.000000 0.000000 0.000000 0.000000 0.000000 0.000000 0.000000 0.000000 0.000000 0.000000 0.000000 0.000000 0.000000 0.000000 0.000000 0.000000 0.000000 0.000000 0.000000 0.000000 0.000000 0.000000 0.000000 0.000000 0.000000 0.000000 0.000000
0.000000 0.000000 0.000000 0.000000 0.000000 0.000000 0.000000 0.000000 0.000000 0.000000 0.000000 0.000000 0.000000 0.000000 0.000000 0.000000 0.000000 0.000000 0.000000 0.000000 0.000000 0.000000 0.000000 0.000000 0.000000 0.000000 0.000000 0.000000 0.000000 0.000000 0.000000 0.000000 0.000000 0.000000 0.000000 0.000000 0.000000 0.000000 0.000000 0.000000 0.000000 0.000000 0.000000 0.000000 0.000000 0.000000 0.000000 0.000000 0.000000 0.000000 0.000000 0.000000 0.000000 0.000000 0.000000 0.000000 0.000000 0.000000 0.000000 0.000000 0.000000 0.000000 0.000000
0.000000 0.000000 0.000000 0.000000 0.000000 0.000000 0.000000 0.000000 0.000000 0.000000 0.000000 0.000000 0.000000 0.000000 0.000000 0.000000 0.000000 0.000000 0.000000 0.000000 0.000000 0.000000 0.000000 0.000000 0.000000 0.000000 0.000000 0.000000 0.000000 0.000000 0.000000 0.000000 0.000000 0.000000 0.000000 0.000000 0.000000 0.000000 0.000000 0.000000 0.000000 0.000000 0.000000 0.000000 0.000000 0.000000 0.000000 0.000000 0.000000 0.000000 0.000000 0.000000 0.000000 0.000000 0.000000 0.000000 0.000000 0.000000 0.000000 0.000000 0.000000 0.000000 0.015217
0.000000 0.000000 0.000000 0.000000 0.000000 0.000000 0.000000 0.000000 0.000000 0.000000 0.000000 0.000000 0.000000 0.000000 0.000000 0.000000 0.000000 0.000000 0.000000 0.000000 0.000000 0.000000 0.000000 0.000000 0.000000 0.000000 0.000000 0.000000 0.000000 0.000000 0.000000 0.000000 0.000000 0.000000 0.000000 0.000000 0.000000 0.000000 0.000000 0.000000 0.000000 0.000000 0.000000 0.000000 0.000000 0.000000 0.000000 0.000000 0.000000 0.000000 0.000000 0.000000 0.000000 0.000000 0.000000 0.000000 0.000000 0.000000 0.000000 0.000000 0.000000 0.015482 2.007504
0.000000 0.000000 0.000000 0.000000 0.000000 0.000000 0.000000 0.000000 0.000000 0.000000 0.000000 0.000000 0.000000 0.000000 0.000000 0.000000 0.000000 0.000000 0.000000 0.000000 0.000000 0.000000 0.000000 0.000000 0.000000 0.000000 0.000000 0.000000 0.000000 0.000000 0.000000 0.000000 0.000000 0.000000 0.000000 0.000000 0.000000 0.000000 0.000000 0.000000 0.000000 0.000000 0.000000 0.000000 0.000000 0.000000 0.000000 0.000000 0.000000 0.000000 0.000000 0.000000 0.000000 0.000000 0.000000 0.000000 0.000000 0.000000 0.000000 0.014339 2.059999 1.861367 2.201963
0.000000 0.000000 0.000000 0.000000 0.000000 0.000000 0.000000 0.000000 0.000000 0.000000 0.000000 0.000000 0.000000 0.000000 0.000000 0.000000 0.000000 0.000000 0.000000 0.000000 0.000000 0.000000 0.000000 0.000000 0.000000 0.000000 0.000000 0.000000 0.000000 0.000000 0.000000 0.000000 0.000000 0.000000 0.000000 0.000000 0.000000 0.000000 0.000000 0.000000 0.000000 0.000000 0.000000 0.000000 0.000000 0.000000 0.000000 0.000000 0.000000 0.000000 0.000000 0.000000 0.000000 0.000000 0.000000 0.000000 0.000000 0.000000 0.014875 2.511254 2.348563 0.030159 0.045442
0.000000 0.000000 0.000000 0.000000 0.000000 0.000000 0.000000 0.000000 0.000000 0.000000 0.000000 0.000000 0.000000 0.000000 0.000000 0.000000 0.000000 0.000000 0.000000 0.000000 0.000000 0.000000 0.000000 0.000000 0.000000 0.000000 0.000000 0.000000 0.000000 0.000000 0.000000 0.000000 0.000000 0.000000 0.000000 0.000000 0.000000 0.000000 0.000000 0.000000 0.000000 0.000000 0.000000 0.000000 0.000000 0.000000 0.000000 0.000000 0.000000 0.000000 0.000000 0.000000 0.000000 0.000000 0.000000 0.000000 0.000000 0.018136 0.047406 2.577165 0.148470 0.025674 0.031885
0.000000 0.000000 0.000000 0.000000 0.000000 0.000000 0.000000 0.000000 0.000000 0.000000 0.000000 0.000000 0.000000 0.000000 0.000000 0.000000 0.000000 0.000000 0.000000 0.000000 0.000000 0.000000 0.000000 0.000000 0.000000 0.000000 0.000000 0.000000 0.000000 0.000000 0.000000 0.000000 0.000000 0.000000 0.000000 0.000000 0.000000 0.000000 0.000000 0.000000 0.000000 0.000000 0.000000 0.000000 0.000000 0.000000 0.000000 0.000000 0.000000 0.000000 0.000000 0.000000 0.000000 0.000000 0.000000 0.000000 0.024514 0.031885 0.028728 2.619229 0.029378 0.023756 0.028721
0.000000 0.000000 0.000000 0.000000 0.000000 0.000000 0.000000 0.000000 0.000000 0.000000 0.000000 0.000000 0.000000 0.000000 0.000000 0.000000 0.000000 0.000000 0.000000 0.000000 0.000000 0.000000 0.000000 0.000000 0.000000 0.000000 0.000000 0.000000 0.000000 0.000000 0.000000 0.000000 0.000000 0.000000 0.000000 0.000000 0.000000 0.000000 0.000000 0.000000 0.000000 0.000000 0.000000 0.000000 0.000000 0.000000 0.000000 0.000000 0.000000 0.000000 0.094208 0.070607 0.000000 0.000000 0.000000 0.023325 0.036408 0.040059 2.333496 2.059849 0.025658 0.033117 0.047925
0.000000 0.000000 0.000000 0.000000 0.000000 0.000000 0.000000 0.000000 0.000000 0.000000 0.000000 0.000000 0.000000 0.000000 0.000000 0.000000 0.000000 0.000000 0.000000 0.000000 0.000000 0.000000 0.000000 0.000000 0.000000 0.000000 0.000000 0.000000 0.000000 0.000000 0.000000 0.000000 0.000000 0.000000 0.000000 0.000000 0.000000 0.000000 0.000000 0.000000 0.000000 0.000000 0.000000 0.000000 0.000000 0.000000 0.000000 0.000000 0.038789 0.069475 0.070618 0.072195 0.031260 0.026783 0.018979 0.028245 0.781407 2.453651 2.422181 0.037883 0.034824 0.038174 0.046931
0.000000 0.000000 0.000000 0.000000 0.000000 0.000000 0.000000 0.000000 0.000000 0.000000 0.000000 0.000000 0.000000 0.000000 0.000000 0.000000 0.000000 0.000000 0.000000 0.000000 0.000000 0.000000 0.000000 0.000000 0.000000 0.000000 0.000000 0.000000 0.000000 0.042709 0.048155 0.045780 0.039425 0.040186 0.034734 0.049075 0.000000 0.000000 0.000000 0.000000 0.000000 0.000000 0.000000 0.000000 0.000000 0.000000 0.000000 0.000000 0.022379 0.035982 0.031518 0.049194 0.051955 0.068437 1.823141 1.803044 2.332628 2.364483 0.018482 0.021896 0.027561 0.035589 0.053194
0.000000 0.000000 0.000000 0.000000 0.000000 0.000000 0.000000 0.000000 0.000000 0.000000 0.000000 0.000000 0.000000 0.000000 0.000000 0.000000 0.000000 0.000000 0.000000 0.000000 0.000000 0.000000 0.000000 0.000000 0.000000 0.000000 0.000000 0.000000 0.035476 0.040419 0.138380 0.104395 0.205091 0.259676 0.348621 0.283176 0.229374 0.234243 0.000000 0.000000 0.000000 0.000000 0.000000 0.024522 0.035708 0.000000 0.000000 0.023165 0.044586 0.030204 0.036278 0.053388 0.056105 1.516033 1.894661 0.393997 0.293872 0.038671 0.027690 0.030603 0.036327 0.045487 0.053375
0.000000 0.000000 0.000000 0.000000 0.000000 0.000000 0.000000 0.000000 0.000000 0.000000 0.000000 0.000000 0.000000 0.000000 0.000000 0.000000 0.000000 0.000000 0.000000 0.000000 0.000000 0.000000 0.000000 0.000000 0.021455 0.027437 0.023591 0.025224 0.022173 0.027118 0.104156 0.086861 0.135041 0.149031 0.137194 0.261753 0.386293 0.391750 0.361623 0.237088 0.174568 0.099739 0.041912 0.136837 0.036688 0.056943 0.042712 0.033063 0.053655 0.023579 0.029263 0.025778 0.035396 1.208856 1.256693 0.032985 0.023123 0.031354 0.036824 0.068727 0.063919 0.072728 0.072995
0.000000 0.000000 0.000000 0.000000 0.000000 0.000000 0.000000 0.000000 0.000000 0.000000 0.000000 0.000000 0.000000 0.000000 0.000000 0.000000 0.000000 0.000000 0.000000 0.000000 0.000000 0.000000 0.000000 0.047299 0.084562 0.140414 0.212701 0.251963 0.129407 0.225196 0.211716 0.251672 0.194939 0.199225 0.146691 0.156640 0.131577 0.203482 0.113423 0.273540 0.541235 0.343698 0.298881 0.039856 0.252720 0.107109 0.113329 0.105121 0.921358 1.082175 1.090380 0.024883 2.271561 2.318663 0.033226 0.018690 0.032664 0.027484 0.027641 0.036080 0.063944 0.095950 0.096958
0.000000 0.000000 0.000000 0.000000 0.000000 0.000000 0.000000 0.000000 0.000000 0.000000 0.000000 0.000000 0.000000 0.000000 0.000000 0.000000 0.000000 0.000000 0.000000 0.000000 0.000000 0.000000 0.047487 0.052993 0.070315 0.058858 0.091814 0.085687 0.081224 0.067077 0.091728 0.140578 0.146414 0.124660 0.118093 0.095068 0.090881 0.047486 0.200323 0.311594 0.188079 0.058327 0.435264 0.239373 0.222519 0.176865 0.723117 1.063819 0.781577 0.493061 1.177226 2.192993 1.841156 1.986400 0.022023 0.016947 0.032435 0.037966 0.043882 0.044129 0.040751 0.056140 0.105276
0.000000 0.000000 0.000000 0.000000 0.000000 0.000000 0.000000 0.000000 0.000000 0.000000 0.000000 0.000000 0.000000 0.000000 0.000000 0.000000 0.000000 0.000000 0.000000 0.000000 0.000000 0.035798 0.041431 0.041497 0.039440 0.037356 0.036991 0.023635 0.022920 0.063710 0.098306 0.117357 0.095917 0.093626 0.077324 0.082895 0.075923 0.176805 0.132331 0.147460 0.137380 0.082578 0.048899 0.131997 0.235273 1.827927 1.109528 0.392978 0.284844 0.195767 0.566604 1.815038 0.025178 0.057322 0.018994 0.034280 0.045610 0.050181 0.063611 0.051107 0.043926 0.044466 0.064114
0.000000 0.000000 0.000000 0.000000 0.000000 0.000000 0.000000 0.000000 0.000000 0.000000 0.000000 0.000000 0.000000 0.000000 0.000000 0.000000 0.000000 0.000000 0.039273 0.038935 0.054211 0.053412 0.050384 0.042256 0.035951 0.023369 0.024323 0.225838 0.353142 0.113455 0.121363 0.055997 0.048517 0.043776 0.098818 0.156553 0.238951 0.223268 0.123923 0.090597 0.046356 0.045668 0.069190 0.069959 0.044716 1.734491 0.015576 0.034433 0.026726 0.072168 1.498248 1.181713 0.013345 0.016798 0.031025 0.034627 0.047780 0.034621 0.085767 0.106020 0.097258 0.095866 0.063942
0.000000 0.000000 0.000000 0.000000 0.000000 0.000000 0.000000 0.000000 0.000000 0.000000 0.000000 0.000000 0.000000 0.000000 0.000000 0.000000 0.000000 0.000000 0.020921 0.022255 0.026257 0.019149 0.037486 0.047025 0.063108 0.112932 0.222139 0.134313 0.080199 0.104692 0.047646 0.039067 0.032619 0.032961 0.049711 0.067910 0.084500 0.179627 0.026220 0.033953 0.029651 0.036131 0.582869 0.828609 1.189245 1.303500 0.010311 0.021821 0.034689 1.707581 1.740059 0.235240 0.116641 0.173148 0.067360 0.058604 0.046377 0.052480 0.064380 0.062550 0.067407 0.207803 0.362707
0.000000 0.000000 0.014929 0.016729 0.020308 0.020836 0.019071 0.016642 0.018119 0.027287 0.016900 0.000000 0.000000 0.000000 0.000000 0.021753 0.033649 0.061832 0.067396 0.057338 0.076372 0.141241 0.075249 0.049986 0.051375 0.040429 0.032243 0.037006 0.031822 0.035448 0.035283 0.039265 0.026210 0.022786 0.038606 0.019686 0.023899 0.039792 0.019504 0.025349 0.107667 0.037754 0.990296 0.632119 0.420038 0.155574 0.150561 0.198400 1.490006 1.696867 0.015675 0.020707 0.093722 0.202919 0.308614 0.209236 0.158169 0.142453 0.153453 0.375033 0.315198 0.222061 0.073703
0.015622 0.020149 0.019426 0.032024 0.026089 0.033876 0.021567 0.028444 0.021576 0.048969 0.021884 0.011802 0.016931 0.030307 0.012750 0.022337 0.023049 0.019055 0.024336 0.030691 0.026435 0.028015 0.019985 0.040615 0.046138 0.028168 0.026767 0.026862 0.021668 0.023353 0.021748 0.031480 0.030291 0.035231 0.034264 0.013449 0.023981 0.030499 0.031646 0.035821 0.032419 1.398631 1.293015 0.027991 0.022693 0.021229 0.036703 1.415737 1.423975 0.026770 0.024060 0.030316 0.030373 0.035139 0.050325 0.025237 0.062354 0.251014 0.143948 0.109708 0.057739 0.101444 0.174220
0.021054 0.027168 0.036153 0.046709 0.029455 0.052982 0.032536 0.028950 0.055858 0.045445 0.029091 0.014300 0.024869 0.043703 0.019430 0.036273 0.025072 0.024237 0.030893 0.030008 0.030677 0.027361 0.029548 0.031323 0.026634 0.034428 0.022862 0.020464 0.029300 0.028261 0.031029 0.041052 0.040321 0.059200 0.058730 0.055412 0.038416 0.046385 0.052611 0.055509 1.422528 1.418270 0.022308 0.016216 0.027884 0.036011 0.142189 1.667943 0.038110 0.022444 0.027418 0.030797 0.028168 0.135696 0.077645 0.060335 0.046517 0.100304 0.052036 0.100733 0.238090 0.192740 0.221814
0.026761 0.035453 0.044805 0.047183 0.040929 0.050308 0.062362 0.025637 0.076941 0.036119 0.063308 0.017660 0.024648 0.066525 0.019853 0.063808 0.021921 0.041035 0.027590 0.048401 0.023766 0.028074 0.036602 0.048646 0.017220 0.028445 0.029844 0.035240 0.038063 0.038506 0.053443 0.051215 0.069126 0.063591 0.072478 0.069236 0.052701 0.048282 1.504016 1.422428 1.420858 0.015356 0.013522 0.027921 0.034628 0.077638 0.249084 1.770042 0.043812 0.023711 0.047703 0.074035 0.091767 0.082336 0.067600 0.079513 0.034322 0.106024 0.071835 0.223921 0.159231 0.135319 0.221261
0.036923 0.039104 0.049375 0.050488 0.052141 0.056778 0.113226 0.026725 0.066882 0.049978 0.066059 0.028248 0.024682 0.057204 0.069571 0.053267 0.043508 0.048512 0.027370 0.056552 0.025667 0.032400 0.044843 0.085286 0.023994 0.033889 0.037622 0.039585 0.047383 0.050636 0.053675 0.063657 0.068595 0.072692 0.074818 0.088616 0.142752 1.529182 1.523004 0.033355 0.014784 0.010071 0.023423 0.031959 0.054190 0.048896 0.899756 1.501576 0.028838 0.020324 0.036152 0.042735 0.037948 0.045216 0.034940 0.042657 0.093591 0.179485 0.228382 0.236441 0.120118 0.196459 0.390422
0.041922 0.054017 0.089439 0.126340 0.045132 0.044274 0.099493 0.051902 1.443381 1.542987 1.445142 0.021181 0.040736 0.063561 0.130177 0.037289 0.051221 0.052174 0.063816 0.043361 0.028942 0.037463 0.049943 0.080915 0.052014 0.027841 0.037689 0.060999 0.058404 0.064426 0.084498 0.038441 0.056811 0.064223 0.099803 1.273274 1.599169 0.975400 0.026163 0.023347 0.017412 0.028454 0.030006 0.044061 0.059971 0.105923 1.149411 1.146250 0.018087 0.026847 0.030528 0.032817 0.058250 0.101397 0.133320 0.088582 0.083587 0.115687 0.203889 0.205176 0.112827 0.312411 0.487106
0.053692 0.100194 0.039694 0.099009 0.757908 0.871070 0.980491 1.560833 1.540613 0.019223 1.547278 1.209628 1.957569 2.028638 1.342579 0.027062 0.041839 0.044363 0.069512 0.045077 0.045983 0.076850 0.043870 0.068874 0.114340 0.021665 0.044367 0.038542 0.048514 0.054521 0.052012 0.063579 0.075573 1.165983 1.484595 1.446450 0.032100 0.010020 0.010447 0.011657 0.027731 0.035088 0.049994 0.057689 0.060016 0.184320 1.569094 0.040007 0.022078 0.036948 0.042656 0.048747 0.038176 0.049526 0.044095 0.145300 0.064400 0.111437 0.301666 0.171290 0.478975 0.513017 0.194981
1.857004 1.845151 1.806333 1.691134 1.289017 0.440252 0.203215 0.026061 0.016364 0.033629 0.041019 0.053999 1.298703 0.036529 1.442233 1.333964 0.845103 0.275940 0.129923 1.126707 1.088478 2.215583 1.919005 1.365332 1.125346 1.243984 0.866226 0.922885 0.864681 1.138920 1.105577 1.359742 1.355153 1.328451 0.032153 0.028489 0.020204 0.015221 0.027082 0.031310 0.036378 0.050940 0.050843 0.052416 0.059220 1.982763 1.872123 0.019504 0.022520 0.055806 0.083880 0.078369 0.071165 0.055897 0.040796 0.036236 0.033370 0.139292 0.422218 0.020948 0.416528 0.047852 0.036227
0.038431 0.027122 0.016698 0.032148 0.031303 0.035526 0.026975 0.021993 0.016401 0.025063 0.026884 0.028253 0.028007 0.028140 0.031049 0.047044 0.516980 1.537565 1.451776 1.395421 0.021483 0.033127 0.058820 0.027675 0.049322 0.142587 0.051484 0.044684 0.047030 0.044637 0.045397 0.042176 0.020129 0.019205 0.024344 0.024211 0.033817 0.038085 0.049202 0.042323 0.042822 0.059376 0.082484 0.048127 1.507506 2.058942 0.030524 0.016235 0.046939 0.048969 0.041078 0.062150 0.054416 0.065686 0.070793 0.042047 0.042036 0.243916 0.485785 0.434253 0.361067 0.045197 0.042460
