WMS/S_Waiehu_stream_development/Results/ComparisonModels/S_Waiehu_One_LU_Present_LC_10p2p2.asc
ncols 146
nrows 63
xllcorner 753485.886964
yllcorner 2312265.910359
cellsize 50.000000
NODATA_value -9999
[rows 28 to 55 of 63, columns 0 to 62 of 146]
0.000000 0.000000 0.000000 0.000000 0.000000 0.000000 0.000000 0.000000 0.000000 0.000000 0.000000 0.000000 0.000000 0.000000 0.000000 0.000000 0.000000 0.000000 0.000000 0.000000 0.000000 0.010988 0.019283 0.026428 0.034723 0.029885 0.035002 0.040270 0.036675 0.032432 0.034262 0.036168 0.045011 0.037635 0.048394 0.054618 0.057437 0.056430 0.033071 1.283522 1.282044 1.583318 1.668435 1.586343 1.894780 1.709740 1.034731 1.460086 1.445812 0.019857 0.709653 0.782586 1.087362 1.566536 0.012288 0.034782 0.041840 0.014512 0.017635 0.037416 0.043342 0.022218 0.037709
0.000000 0.000000 0.000000 0.000000 0.000000 0.000000 0.000000 0.000000 0.000000 0.000000 0.000000 0.000000 0.000000 0.000000 0.000000 0.000000 0.000000 0.000000 0.000000 0.000000 0.010590 0.017610 0.024116 0.027365 0.032843 0.033903 0.037735 0.039222 0.040293 0.036803 0.038746 0.049922 0.049199 0.052502 0.049369 0.056511 0.055199 0.041923 1.556174 1.419403 0.069184 0.027729 0.018109 0.010990 0.017689 0.031550 0.040352 0.052837 1.386468 1.061960 1.015269 0.038898 0.028164 0.022917 0.014299 0.029018 0.021936 0.009607 0.013112 0.022386 0.028239 0.015430 0.020379
0.000000 0.000000 0.000000 0.000000 0.000000 0.000000 0.000000 0.000000 0.000000 0.000000 0.000000 0.000000 0.000000 0.000000 0.000000 0.000000 0.000000 0.000000 0.000000 0.010669 0.017248 0.020263 0.026352 0.026782 0.034092 0.035637 0.034849 0.035078 0.040057 0.045650 0.069256 0.055465 0.050553 0.045862 0.044408 0.038866 0.041056 1.437852 1.464312 0.031800 0.029926 0.035940 0.023647 0.014109 0.030262 0.037558 0.049286 0.055362 0.052679 0.209072 0.065138 0.022606 0.022355 0.019389 0.009373 0.011197 0.012436 0.020570 0.027707 0.014805 0.011435 0.011746 0.009833
0.000000 0.000000 0.000000 0.000000 0.000000 0.000000 0.000000 0.000000 0.000000 0.000000 0.000000 0.000000 0.000000 0.000000 0.000000 0.000000 0.000000 0.000000 0.000000 0.013173 0.019878 0.031234 0.035106 0.046811 0.063334 0.052312 0.027229 0.037764 0.048665 0.050459 0.073603 0.067495 0.049711 0.050075 0.048822 0.583896 1.397946 1.416549 0.032521 0.037460 0.038926 0.039009 0.023073 0.017240 0.028914 0.039000 0.037968 0.048140 0.052408 0.063474 0.042776 0.018145 0.011863 0.012265 0.017509 0.024686 0.026816 0.031812 0.044672 0.049134 0.020536 0.018976 0.011317
0.000000 0.000000 0.000000 0.000000 0.000000 0.000000 0.000000 0.000000 0.000000 0.000000 0.000000 0.000000 0.000000 0.000000 0.000000 0.000000 0.000000 0.000000 0.010979 0.018496 0.033198 0.040933 0.050058 0.084867 0.064704 0.110289 0.014433 0.029731 0.041346 0.066016 0.065634 0.047644 0.086088 0.847786 0.614927 0.566231 0.044679 0.046760 0.050015 0.043862 0.035148 0.033630 0.023580 0.020137 0.029153 0.037290 0.041300 0.051149 0.040767 0.045218 0.021809 0.012511 0.014567 0.019553 0.028474 0.033332 0.038030 0.040193 0.049957 0.057926 0.066748 0.028686 0.016956
0.000000 0.000000 0.000000 0.000000 0.000000 0.000000 0.000000 0.000000 0.000000 0.000000 0.000000 0.000000 0.000000 0.000000 0.000000 0.000000 0.000000 0.000000 0.013857 0.019735 0.037778 0.113250 0.133613 0.178679 0.200944 0.583383 0.015761 0.025040 0.025758 0.041421 0.736288 0.708535 0.817210 0.825567 0.045906 0.042432 0.042022 0.058512 0.046783 0.037602 0.033152 0.025145 0.018570 0.025897 0.030833 0.033919 0.037346 0.040305 0.035863 0.029407 0.011606 0.013315 0.024236 0.028973 0.024172 0.027919 0.043763 0.044237 0.054396 0.089075 0.511276 0.548553 0.020286
0.000000 0.000000 0.000000 0.000000 0.000000 0.000000 0.000000 0.000000 0.000000 0.000000 0.000000 0.000000 0.000000 0.000000 0.000000 0.000000 0.000000 0.011805 0.017486 0.027900 0.045419 0.064434 0.053647 0.127329 0.191540 0.418667 0.328743 0.214353 0.214811 0.946614 0.910510 0.142271 0.047054 0.038314 0.031579 0.052381 0.044731 0.046254 0.036764 0.030716 0.027126 0.023378 0.019402 0.021257 0.026958 0.027076 0.026605 0.028671 0.019742 0.018469 0.026989 0.026738 0.021851 0.024688 2.005549 2.204432 1.946118 1.136303 1.351146 1.296541 0.657715 2.576971 0.018194
0.000000 0.000000 0.000000 0.000000 0.000000 0.000000 0.000000 0.000000 0.000000 0.000000 0.000000 0.000000 0.000000 0.000000 0.000000 0.000000 0.000000 0.014481 0.028411 0.040288 0.098309 0.112050 0.194458 0.182443 0.152861 0.097173 0.168692 0.235393 0.294057 0.774379 0.053392 0.041494 0.030581 0.031891 0.021973 0.052590 0.039284 0.033902 0.028593 0.023607 0.020278 0.013141 0.009681 0.012013 0.012029 0.011028 0.010413 0.012507 0.015302 0.021030 0.033046 0.050270 0.067634 0.056204 1.812913 1.036700 0.031557 0.088029 0.028990 0.016611 0.030415 2.584513 2.596837
0.000000 0.000000 0.000000 0.000000 0.000000 0.000000 0.000000 0.000000 0.000000 0.000000 0.000000 0.000000 0.000000 0.000000 0.000000 0.000000 0.023640 0.024311 0.036381 0.051023 0.208510 0.140014 0.089038 0.073900 0.060965 0.062687 0.056425 0.144364 0.092844 0.036370 0.034080 0.033036 0.020099 0.032119 0.019273 0.030476 0.025390 0.019430 0.014859 0.012690 0.008491 0.013730 0.017886 0.025048 0.029914 0.037943 0.017652 0.020755 0.034770 0.027799 0.023789 0.014878 0.016384 0.047771 1.251496 1.202724 0.045904 0.028945 0.013551 0.024282 0.041297 0.053400 0.078941
0.000000 0.000000 0.000000 0.000000 0.000000 0.000000 0.000000 0.000000 0.000000 0.000000 0.000000 0.000000 0.000000 0.000000 0.000000 0.000000 0.020264 0.044119 0.065026 0.081056 0.400398 0.021895 0.023858 0.029908 0.039168 0.055320 0.054088 0.063487 0.082553 0.039965 0.035338 0.036181 0.021935 0.019678 0.014520 0.013153 0.011446 0.010756 0.009884 0.014954 0.025092 0.019653 0.022047 0.033902 0.038308 0.057634 0.022818 0.018690 0.026135 0.039806 0.035178 0.035865 0.023493 0.020380 1.853738 0.048346 0.030525 0.023103 0.012291 0.024517 0.047817 0.070814 0.110394
0.000000 0.000000 0.000000 0.000000 0.000000 0.000000 0.000000 0.000000 0.000000 0.000000 0.000000 0.000000 0.000000 0.000000 0.000000 0.000000 0.018319 0.025704 0.035397 0.419464 0.416700 0.022156 0.020198 0.025443 0.030487 0.044456 0.036143 0.044000 0.065366 0.030213 0.024799 0.032868 0.011293 0.011989 0.013576 0.020472 0.022342 0.032736 0.018920 0.022684 0.031340 0.035973 0.025389 0.038808 0.045898 0.081702 0.030737 0.025917 0.017593 0.028178 0.043077 0.045523 0.048876 0.036902 2.054234 0.052369 0.028911 0.014573 0.017806 0.036892 0.067295 0.075581 0.112304
0.000000 0.000000 0.000000 0.000000 0.000000 0.000000 0.000000 0.000000 0.000000 0.000000 0.000000 0.000000 0.000000 0.000000 0.000000 0.000000 0.024220 0.032462 0.034547 0.253001 0.046982 0.015955 0.022919 0.026145 0.028268 0.034218 0.028286 0.029980 0.039833 0.019918 0.023564 0.011327 0.017992 0.027374 0.026428 0.033239 0.032975 0.051748 0.020457 0.026291 0.034634 0.036893 0.035604 0.035212 0.043750 0.059631 0.063741 0.025624 0.020051 0.019238 0.024717 0.036848 1.022516 2.167321 2.133033 0.045964 0.028928 0.012330 0.026238 0.036169 0.048250 0.047317 0.096949
0.000000 0.000000 0.000000 0.000000 0.000000 0.000000 0.000000 0.000000 0.000000 0.000000 0.000000 0.000000 0.000000 0.000000 0.000000 0.000000 0.018946 0.027507 0.027182 0.271652 0.029567 0.018343 0.018068 0.025972 0.027484 0.028856 0.026240 0.027694 0.022886 0.011218 0.014594 0.019746 0.025444 0.031409 0.035013 0.039604 0.047690 0.059845 0.019270 0.030080 0.036812 0.041902 0.039591 0.042899 0.033612 0.058852 0.078623 0.074592 0.020101 0.022590 2.062631 1.839373 1.689051 0.042423 0.055075 0.036327 0.035287 0.015915 0.024644 0.035349 0.060539 0.040223 0.092758
0.000000 0.000000 0.000000 0.000000 0.000000 0.000000 0.000000 0.000000 0.000000 0.000000 0.000000 0.000000 0.000000 0.000000 0.000000 0.000000 0.021296 0.044100 0.296273 0.212494 0.024909 0.014441 0.019402 0.021513 0.019879 0.016940 0.014783 0.010252 0.012899 0.015505 0.020158 0.021938 0.032092 0.033768 0.038783 0.048372 0.049463 0.078493 0.019576 0.040777 0.043700 0.031291 0.043484 0.038066 0.037406 0.054363 2.219453 2.219099 2.207368 2.189289 2.151329 0.077517 0.052052 0.034525 0.042185 0.033997 0.036610 0.020329 0.019593 0.032965 0.035309 0.054321 0.069041
0.000000 0.000000 0.000000 0.000000 0.000000 0.000000 0.000000 0.000000 0.000000 0.000000 0.000000 0.000000 0.000000 0.000000 0.000000 0.023532 0.029610 0.105402 0.254415 0.024738 0.014838 0.007469 0.015659 0.018376 0.016116 0.018410 0.019900 0.020691 0.021417 0.029861 0.024087 0.025375 0.032479 0.035608 0.050483 0.058739 0.063592 0.099368 0.021165 0.045079 0.061948 0.027785 0.048498 0.037620 0.039657 1.573594 2.216181 0.051387 0.015411 0.044584 0.087137 0.051090 0.037607 0.032643 0.038904 0.035019 0.034503 0.021413 0.015253 0.024823 0.026551 0.048621 0.040521
0.000000 0.000000 0.000000 0.000000 0.000000 0.000000 0.000000 0.000000 0.000000 0.000000 0.000000 0.000000 0.000000 0.000000 0.000000 0.012084 0.010607 0.159770 0.152639 0.014304 0.010203 0.018201 0.023486 0.030070 0.031151 0.036139 0.036379 0.033101 0.030032 0.027559 0.025022 0.028928 0.038479 0.040372 0.061437 0.071626 0.107576 1.205170 1.098258 0.932134 1.164546 1.564276 1.517120 1.078522 1.465839 1.477350 0.026218 0.072545 0.016182 0.051546 0.048920 0.050374 0.031530 0.031187 0.043660 0.030402 0.023680 0.019150 0.017340 0.025053 0.029205 0.036678 0.019397
0.000000 0.000000 0.000000 0.000000 0.000000 0.000000 0.000000 0.000000 0.000000 0.000000 0.000000 0.000000 0.000000 0.000000 0.011630 0.018951 0.269193 0.280065 0.023598 0.010498 0.017143 0.022980 0.026719 0.032546 0.033440 0.037055 0.044407 0.040928 0.038440 0.070745 0.042622 0.046874 0.045504 0.049158 0.062361 2.065475 1.950419 1.614003 0.062252 0.035381 0.156516 0.067860 0.141241 0.080150 0.029238 0.022124 0.017744 0.109810 0.016667 0.051607 0.027073 0.051909 0.031775 0.029301 0.031228 0.020615 0.015326 0.012465 0.016438 0.020102 0.021381 0.027843 0.000000
0.000000 0.000000 0.000000 0.000000 0.000000 0.000000 0.000000 0.000000 0.000000 0.000000 0.000000 0.000000 0.000000 0.000000 0.017194 0.287086 0.288178 0.026814 0.015144 0.014021 0.019364 0.029105 0.035376 0.035171 0.039025 0.035375 0.035337 0.039223 0.048505 0.068276 0.058997 0.046889 0.051356 0.043790 1.935019 0.932994 0.029912 0.032998 0.021792 0.031964 0.104079 0.070719 0.058915 0.061025 0.030325 0.023289 0.019026 0.093375 0.022166 0.040971 0.020483 0.056359 0.031298 0.024158 0.014838 0.013600 0.000000 0.000000 0.000000 0.000000 0.000000 0.000000 0.000000
0.000000 0.000000 0.000000 0.000000 0.000000 0.000000 0.000000 0.000000 0.000000 0.000000 0.000000 0.000000 0.015034 0.202355 0.246841 0.313308 0.017468 0.012113 0.011956 0.018522 0.031417 0.037746 0.042310 0.046136 0.034326 0.036107 0.035543 0.030069 0.044031 0.053631 0.046871 0.049035 0.039221 2.604082 2.352520 0.023414 0.026568 0.043161 0.030399 0.045244 0.127218 0.030832 0.059774 0.062170 0.028644 0.025925 0.022023 0.095464 0.036987 0.027503 0.022189 0.039600 0.017837 0.014637 0.000000 0.000000 0.000000 0.000000 0.000000 0.000000 0.000000 0.000000 0.000000
0.000000 0.000000 0.000000 0.000000 0.000000 0.000000 0.000000 0.000000 0.000000 0.000000 0.000000 0.000000 0.278459 0.340325 0.034049 0.021323 0.012038 0.014708 0.019863 0.031452 0.038257 0.046532 0.054473 0.046602 0.039876 0.036930 0.030783 0.040768 0.051410 0.066465 0.068692 0.048113 2.893922 2.773799 0.032660 0.034689 0.019455 0.049549 0.025868 0.040480 0.135385 0.039203 0.047277 0.097274 0.045346 0.021803 0.033680 0.062591 0.033516 0.022346 0.016647 0.017806 0.000000 0.000000 0.000000 0.000000 0.000000 0.000000 0.000000 0.000000 0.000000 0.000000 0.000000
0.000000 0.000000 0.000000 0.000000 0.000000 0.000000 0.000000 0.000000 0.000000 0.000000 0.000000 0.015468 0.315883 0.046136 0.020842 0.011158 0.011648 0.016682 0.022257 0.054573 0.059877 0.073444 0.084933 0.119712 0.179439 0.097260 0.057387 0.070676 0.070759 0.077804 0.068444 0.752840 0.783069 0.039162 0.041622 0.032703 0.022358 0.042265 0.027671 0.044731 0.137627 0.039309 0.046427 0.084152 0.046677 0.026579 0.035828 0.038827 0.026182 0.014077 0.000000 0.000000 0.000000 0.000000 0.000000 0.000000 0.000000 0.000000 0.000000 0.000000 0.000000 0.000000 0.000000
0.000000 0.000000 0.000000 0.000000 0.000000 0.000000 0.000000 0.000000 0.000000 0.000000 0.302650 0.383331 0.238446 0.024305 0.013985 0.034673 0.070106 0.066923 0.052434 0.050659 0.070624 0.052517 0.044547 0.041698 0.020805 0.084514 0.083960 0.179619 0.373666 0.922942 0.938060 0.954574 0.059566 0.049694 0.039543 0.033777 0.028288 0.032590 0.030039 0.060354 0.110925 0.026605 0.068111 0.065189 0.041942 0.028929 0.027478 0.016853 0.016723 0.000000 0.000000 0.000000 0.000000 0.000000 0.000000 0.000000 0.000000 0.000000 0.000000 0.000000 0.000000 0.000000 0.000000
0.000000 0.000000 0.000000 0.000000 0.000000 0.000000 0.000000 0.000000 0.000000 0.017223 0.302920 0.034541 0.022768 0.015350 0.015353 0.019785 0.032032 0.025487 0.026815 0.033608 0.033966 0.074245 0.119174 0.328577 0.164041 0.236955 0.258606 0.209355 0.211424 0.648159 0.149223 0.062239 0.054857 0.051411 0.045405 0.035059 0.029436 0.022317 0.044918 0.051108 0.097558 0.030980 0.038602 0.069014 0.036938 0.016109 0.016640 0.000000 0.000000 0.000000 0.000000 0.000000 0.000000 0.000000 0.000000 0.000000 0.000000 0.000000 0.000000 0.000000 0.000000 0.000000 0.000000
0.000000 0.000000 0.000000 0.000000 0.000000 0.000000 0.000000 0.000000 0.012663 0.258898 0.281429 0.021400 0.015176 0.010632 0.017504 0.014560 0.012173 0.018576 0.035932 0.046657 0.073873 0.069403 0.088711 0.154966 0.207643 0.195726 0.188339 0.130146 0.101869 0.264405 0.125411 0.050574 0.050124 0.050876 0.043840 0.044226 0.029026 0.018700 0.069294 0.033914 0.085618 0.045649 0.025278 0.040163 0.024987 0.011280 0.000000 0.000000 0.000000 0.000000 0.000000 0.000000 0.000000 0.000000 0.000000 0.000000 0.000000 0.000000 0.000000 0.000000 0.000000 0.000000 0.000000
0.000000 0.000000 0.000000 0.000000 0.000000 0.000000 0.000000 0.011855 0.018299 0.257673 0.026934 0.013758 0.011199 0.018933 0.023875 0.033716 0.108989 0.103494 0.121949 0.158113 0.116581 0.104162 0.106684 0.103771 0.113227 0.143202 0.088344 0.068487 0.063257 0.127311 0.171806 0.047023 0.048841 0.046356 0.051908 0.046427 0.032966 0.020080 0.059412 0.031251 0.039787 0.036213 0.027511 0.012708 0.017654 0.000000 0.000000 0.000000 0.000000 0.000000 0.000000 0.000000 0.000000 0.000000 0.000000 0.000000 0.000000 0.000000 0.000000 0.000000 0.000000 0.000000 0.000000
0.000000 0.000000 0.000000 0.000000 0.000000 0.014332 0.019481 0.026231 0.298494 0.304149 0.019772 0.008662 0.018169 0.028707 0.032885 0.489498 0.140058 0.087755 0.060108 0.058342 0.061792 0.063509 0.108477 0.098267 0.113251 0.160530 0.044845 0.046678 0.069964 0.099089 0.193031 0.042009 0.036157 0.050828 0.049847 0.050942 0.033462 0.021206 0.034000 0.033797 0.042976 0.018873 0.017458 0.000000 0.000000 0.000000 0.000000 0.000000 0.000000 0.000000 0.000000 0.000000 0.000000 0.000000 0.000000 0.000000 0.000000 0.000000 0.000000 0.000000 0.000000 0.000000 0.000000
0.000000 0.000000 0.000000 0.000000 0.016235 0.023443 0.025373 0.172241 0.290452 0.021269 0.013652 0.019002 0.029574 0.032949 0.210526 0.220396 0.014735 0.016816 0.023037 0.035912 0.054934 0.100860 0.106487 0.075827 0.057655 0.056477 0.044463 0.036997 0.055564 0.089640 0.155506 0.042675 0.042535 0.044149 0.050256 0.049663 0.032594 0.019772 0.039500 0.027245 0.024212 0.000000 0.000000 0.000000 0.000000 0.000000 0.000000 0.000000 0.000000 0.000000 0.000000 0.000000 0.000000 0.000000 0.000000 0.000000 0.000000 0.000000 0.000000 0.000000 0.000000 0.000000 0.000000
0.000000 0.000000 0.017798 0.021262 0.024043 0.022981 0.221450 0.313373 0.024894 0.018061 0.015379 0.022375 0.032725 0.154406 0.154644 0.013791 0.015910 0.014224 0.018983 0.045277 0.114822 0.130363 0.088047 0.043970 0.038187 0.037362 0.032909 0.045180 0.046392 0.193263 0.086844 0.042441 0.042178 0.040296 0.045875 0.039144 0.032261 0.021753 0.035054 0.023793 0.000000 0.000000 0.000000 0.000000 0.000000 0.000000 0.000000 0.000000 0.000000 0.000000 0.000000 0.000000 0.000000 0.000000 0.000000 0.000000 0.000000 0.000000 0.000000 0.000000 0.000000 0.000000 0.000000
